-2.467911626821297943e+00 3.125488813749869976e+00
-2.579779439473457447e+00 3.136916442164692231e+00
-2.584447214914706414e+00 3.131410247081515941e+00
-2.587091535049645508e+00 3.125391467196169337e+00
-2.589893826339002114e+00 3.126826832885642116e+00
-2.590109354297845279e+00 3.124242940740721952e+00
-2.586698660748252276e+00 3.122902626944240811e+00
-2.582524959602553682e+00 3.124476849079286467e+00
-2.577984028704484842e+00 3.127709915172335098e+00
-2.581735694497240718e+00 3.131221920477931686e+00
-2.585726793893238895e+00 3.132232778233871251e+00
-2.593044406879512653e+00 3.128522813473063824e+00
-2.598829564613022391e+00 3.123652946593391988e+00
-2.599183962874475284e+00 3.117036482657213892e+00
-2.596138279354045508e+00 3.104815278543599177e+00
-2.593082502839733294e+00 3.089144129790877713e+00
-2.585000419642948799e+00 3.067972706471115973e+00
-2.575314444195796248e+00 3.037471836857211116e+00
-2.571153707633190511e+00 3.022369946395586648e+00
-2.565450455670875929e+00 3.009007896547932770e+00
-2.558302217223426656e+00 2.996716846644271293e+00
-2.549400967301175935e+00 2.980779217674122350e+00
-2.541194765039016978e+00 2.961243701826929975e+00
-2.535418250806858786e+00 2.940428551170271465e+00
-2.531658070438814523e+00 2.924584501946354997e+00
-2.535585543222518723e+00 2.925677261286466546e+00
-2.541232905122173591e+00 2.934769338918064463e+00
-2.538639889116336423e+00 2.906926866480592508e+00
-2.541035144398750223e+00 2.883493713687538484e+00
-2.552770115367227532e+00 2.853167119454796286e+00
-2.575810275977957531e+00 2.832414941992067892e+00
-2.634285486850729718e+00 2.809514511038562645e+00
-2.718298597096985070e+00 2.780788295799369703e+00
-2.731577501844563383e+00 2.833628711636509756e+00
-2.670244422924807015e+00 2.988001976320561859e+00
-2.683954534499984668e+00 3.154584135730384986e+00
-2.718940883942267739e+00 3.365384434042381745e+00
-2.780868645423714369e+00 3.603018245283965637e+00
-2.878580960764783647e+00 3.867122314301585817e+00
-3.018064689853960481e+00 4.155930145131266684e+00
-3.213791290323989358e+00 4.478759674327532636e+00
-3.482979927541942633e+00 4.823883313686038399e+00
-3.839402389557379003e+00 5.188549361321299180e+00
-4.330112951847458369e+00 5.580336869380497333e+00
-4.970267747678440706e+00 5.967365645290549914e+00
-5.660092032437019860e+00 6.233535527069244075e+00
-5.651262783772041942e+00 5.695212503002232474e+00
-5.121710126687612608e+00 5.534735131514000095e+00
-4.485292538090035919e+00 5.243345781153117002e+00
