-7.840566486193691065e-02 3.904710275201255687e+00
-7.688149075381842112e-02 4.094942635646764195e+00
-7.537987971590795477e-02 4.079898492634593588e+00
-7.384171329459218724e-02 4.065634332070899859e+00
-7.225242018427063817e-02 4.051143440305277288e+00
-7.062469650479268057e-02 4.037461981086384988e+00
-6.898283500510569988e-02 4.025300042538360934e+00
-6.727056540551680508e-02 4.012707097198518369e+00
-6.552380298072012221e-02 3.999861140237955581e+00
-6.375632392838649631e-02 3.986900885685579876e+00
-6.193474037490246525e-02 3.974618736638135807e+00
-6.008801589484952937e-02 3.961631880679346462e+00
-5.820043333236282063e-02 3.947713875350394197e+00
-5.628924075308901903e-02 3.936423125606032247e+00
-5.434359984231450225e-02 3.926438919900323565e+00
-5.235227286696581689e-02 3.914908654436228375e+00
-5.035598021616904951e-02 3.903396322335963564e+00
-4.832902698052399942e-02 3.891085331868311403e+00
-4.640104679075433836e-02 3.880381082818994631e+00
-4.447484370587342223e-02 3.869891418387726212e+00
-4.253456002790029916e-02 3.860192666999802125e+00
-4.057706162319157234e-02 3.850011508992110532e+00
-3.863937971686707412e-02 3.839713226968896720e+00
-3.669675905540437794e-02 3.827265321006612986e+00
-3.475308147162512601e-02 3.817069988489202981e+00
-3.281742098161609389e-02 3.805999954397978779e+00
-3.090413688791426861e-02 3.794349610806908579e+00
-2.877090062531523565e-02 3.777415114272727248e+00
-2.666459800619641954e-02 3.757210573833521750e+00
-2.460430845820757786e-02 3.732703033588113062e+00
-2.258644450081760680e-02 3.701671603927950915e+00
-2.062959721382145312e-02 3.669472107330075783e+00
-1.872846889351100982e-02 3.630634125396222434e+00
-1.690073428038561809e-02 3.582352266411643615e+00
-1.514790927563274166e-02 3.529755403507436551e+00
-1.381636084001805834e-02 3.488668948981021423e+00
-1.253491242283525167e-02 3.444552672822952299e+00
-1.130907380522655839e-02 3.398533226357726811e+00
-1.015588848417879088e-02 3.346492530083503336e+00
-9.059185103729956029e-03 3.291841188636140281e+00
-8.019318043917844294e-03 3.230004651489776890e+00
-7.458126450823688962e-03 3.157560862458902218e+00
-7.444882941471094549e-03 3.068807077301554109e+00
-7.424705969657639099e-03 2.962958307703585259e+00
-7.406502305005671465e-03 2.836976522260195921e+00
-5.568563601599935825e-02 2.684851490720215672e+00
-4.515848312595170944e-01 2.513480782707492978e+00
-8.308789616686981239e-01 2.337763882366534318e+00
-1.169136480593663929e+00 2.190944543086606799e+00
