-2.467911626821301496e+00 3.125488813749865091e+00
-2.579779439473452118e+00 3.136916442164701113e+00
-2.584447214914706858e+00 3.131410247081507947e+00
-2.587091535049645952e+00 3.125391467196172446e+00
-2.589893826338999450e+00 3.126826832885650997e+00
-2.590109354297846611e+00 3.124242940740722396e+00
-2.586698660748251388e+00 3.122902626944246141e+00
-2.582524959602555015e+00 3.124476849079282914e+00
-2.577984028704472852e+00 3.127709915172339095e+00
-2.581735694497240718e+00 3.131221920477934351e+00
-2.585726793893250886e+00 3.132232778233865034e+00
-2.593044406879500663e+00 3.128522813473068709e+00
-2.598829564613019727e+00 3.123652946593393320e+00
-2.599183962874512588e+00 3.117036482657193019e+00
-2.596138279354038847e+00 3.104815278543601842e+00
-2.593082502839756387e+00 3.089144129790864834e+00
-2.585000419642951019e+00 3.067972706471115085e+00
-2.575314444195797581e+00 3.037471836857210228e+00
-2.571153707633190066e+00 3.022369946395590201e+00
-2.565450455670875485e+00 3.009007896547933658e+00
-2.558302217223427100e+00 2.996716846644266852e+00
-2.549400967301175047e+00 2.980779217674121018e+00
-2.541194765039014314e+00 2.961243701826930419e+00
-2.535418250806855234e+00 2.940428551170269245e+00
-2.531658070438815855e+00 2.924584501946352777e+00
-2.535585543222516947e+00 2.925677261286464770e+00
-2.541232905122174923e+00 2.934769338918064463e+00
-2.538639889116335979e+00 2.906926866480594729e+00
-2.541035144398753776e+00 2.883493713687538484e+00
-2.552770115367228865e+00 2.853167119454798950e+00
-2.575810275977957975e+00 2.832414941992065671e+00
-2.634285486850729718e+00 2.809514511038563533e+00
-2.718298597096983293e+00 2.780788295799373699e+00
-2.731577501844561606e+00 2.833628711636510200e+00
-2.670244422924807903e+00 2.988001976320562303e+00
-2.683954534499985112e+00 3.154584135730382322e+00
-2.718940883942266851e+00 3.365384434042379080e+00
-2.780868645423712149e+00 3.603018245283964305e+00
-2.878580960764784091e+00 3.867122314301588926e+00
-3.018064689853962257e+00 4.155930145131261355e+00
-3.213791290323988470e+00 4.478759674327536189e+00
-3.482979927541942633e+00 4.823883313686041951e+00
-3.839402389557378115e+00 5.188549361321298292e+00
-4.330112951847462810e+00 5.580336869380485787e+00
-4.970267747678438930e+00 5.967365645290550802e+00
-5.660092032437020748e+00 6.233535527069242299e+00
-5.651262783772039278e+00 5.695212503002232474e+00
-5.121710126687612608e+00 5.534735131514000983e+00
-4.485292538090035031e+00 5.243345781153115226e+00
