1.065892855860625307e-02
1.027299656019403477e-02
9.991475046859165515e-03
9.978008805681526719e-03
9.971141079733108342e-03
9.897170264186070862e-03
9.628615531694282442e-03
9.393032014987489492e-03
9.307001649781513827e-03
9.074077313595586836e-03
8.947750117720493918e-03
7.895123155994618683e-03
8.260472978716642059e-03
1.035974700810615018e-02
1.144638016673811716e-02
1.419672771789181297e-02
1.672634331504294081e-02
1.520371130620410370e-02
1.435899165676360507e-02
1.473392447986022341e-02
1.471710909609656379e-02
1.549106010505840215e-02
1.841541131966000291e-02
2.244883459555184826e-02
2.164155913928943187e-02
2.582277072513427738e-02
3.113322035356963849e-02
3.150791059977785941e-02
3.504900512785608102e-02
3.428089946609009370e-02
3.444523846378716447e-02
3.397291949453526416e-02
3.657951895597702507e-02
3.804245149306065277e-02
4.473340469674948194e-02
4.902078267592051980e-02
5.283185700423955605e-02
5.684530814754307909e-02
5.818756742246626590e-02
5.805427990788743220e-02
6.077707775379060512e-02
6.196901041238238317e-02
6.361188400942606458e-02
6.592801179115909127e-02
6.832874686484684268e-02
7.224159919062021762e-02
7.535780405316964969e-02
7.900013719103209098e-02
8.212244033335604210e-02
8.589571402508688891e-02
8.718153500481001794e-02
8.897046712840507576e-02
9.232216134847628930e-02
9.263152772353734632e-02
9.527987693604757224e-02
1.006843731298342759e-01
1.046878222212399845e-01
1.082028339820523405e-01
1.108026060298765020e-01
1.118096719418195245e-01
1.149453965428187119e-01
1.169043984353603377e-01
1.215166999654465479e-01
1.222836204494932716e-01
1.257516210592840022e-01
1.299344575356051468e-01
1.307852617323195243e-01
1.329826987092233292e-01
1.363005287602329640e-01
1.386671596782456939e-01
1.407741756288959922e-01
1.456366367588823041e-01
1.480877656386490049e-01
1.490585763582522316e-01
1.539647530154984456e-01
1.560788816613725982e-01
1.591025568811601787e-01
1.606834127023226977e-01
1.626678004516584897e-01
1.656062751753451801e-01
1.690405476307631494e-01
1.718057652072924324e-01
1.749509146838510998e-01
1.784501812602959925e-01
1.807170789891811291e-01
1.837037984248329203e-01
1.863810933314755391e-01
1.887386885395421487e-01
1.914501228938141342e-01
1.938045765928277930e-01
1.964943189107715427e-01
1.999474006356277422e-01
2.030361127669326471e-01
2.045468429105971320e-01
2.070448345548651092e-01
2.098262708354658168e-01
2.114495035475710272e-01
2.148774078579441249e-01
2.173132843453839114e-01
2.206504791603393079e-01
2.239303632659797871e-01
2.256980795132747242e-01
2.277850889168845094e-01
2.313234034465143085e-01
2.337500200261572181e-01
2.345739540417558500e-01
2.374477287459394736e-01
2.405601756334434516e-01
2.432308378863284604e-01
2.456525569422371158e-01
2.473395129138593052e-01
2.496113140234362815e-01
2.520799806937857324e-01
2.548832826203280000e-01
2.580141464154868669e-01
2.597893699831124170e-01
2.626162465846634264e-01
2.653603630483553633e-01
2.675157264651293332e-01
2.696197228419350833e-01
2.717083692552819119e-01
2.738009351527921909e-01
2.766471113508539026e-01
2.784036105529554828e-01
2.809852177218535307e-01
2.836456727996235494e-01
2.858312843386967006e-01
2.876695777604700299e-01
2.904383232078041055e-01
2.929650828331977763e-01
2.951396565591478671e-01
2.972682061997209413e-01
2.992141212622180801e-01
3.015404920801388888e-01
3.034763531340349263e-01
3.055466251502820807e-01
3.081286103464062065e-01
3.104367713200677503e-01
3.121608460060293910e-01
3.146039572558150810e-01
3.168295110543946635e-01
3.187816408559758230e-01
3.211191568767236548e-01
3.236111253553126677e-01
3.254005620588568126e-01
3.281738448695158405e-01
3.296537472683415126e-01
3.311826790649411989e-01
3.336222405614190367e-01
3.357511303522036084e-01
3.369931351629135707e-01
3.393467232819141755e-01
3.417086611222163173e-01
3.442222001290549116e-01
3.456471139282979443e-01
3.476304848390634472e-01
3.491672703265009670e-01
3.513283582121743964e-01
3.545011799300169519e-01
3.560114499485046435e-01
3.581424253802973912e-01
3.598163787899864574e-01
3.612251125241175975e-01
3.629420126853932782e-01
3.645078415772007863e-01
3.670310375672914960e-01
3.696979399786525233e-01
3.715213075273481880e-01
3.731998858685808274e-01
3.751558199320909059e-01
3.771806389807790816e-01
3.788504954581493056e-01
3.810204680540802968e-01
3.826398130306203349e-01
3.846871190645756999e-01
3.865275374378033812e-01
3.883628977436447971e-01
3.902590666324939339e-01
3.919918034930490180e-01
3.939846032618045668e-01
3.952968061192194682e-01
3.967500324326941330e-01
3.989420198161410802e-01
4.005131912467769228e-01
4.022694732242850235e-01
4.039644339042407495e-01
4.058358339863991637e-01
4.073648752883995972e-01
4.093725066208967478e-01
4.105022808307796089e-01
4.128147433300968783e-01
4.146276386166534156e-01
4.156297211948992154e-01
4.176949039000100172e-01
4.194325440689298801e-01
4.207471398267327301e-01
4.228984448321013168e-01
4.239620850634805982e-01
4.262621692329838785e-01
4.272908057236587953e-01
4.294279676003849855e-01
4.309228685735613795e-01
4.321085630920951659e-01
4.340711220281543992e-01
4.355683858628219829e-01
4.371855216508192532e-01
4.393993277176205248e-01
4.412348535817677275e-01
4.420165833885316697e-01
4.430939581485224266e-01
4.452428895407603004e-01
4.463537266516369173e-01
4.481196303810648374e-01
4.492486725308137974e-01
4.513164331621362657e-01
4.530137746022694367e-01
4.543592884297266710e-01
4.557918193653588412e-01
4.574250115762804048e-01
4.583301385292103403e-01
4.600069145642011192e-01
4.617239452220322504e-01
4.627264153786224132e-01
4.642357142438710005e-01
4.655090094441081128e-01
4.669277292677548319e-01
4.682291811239325252e-01
4.701385576498455787e-01
4.718301104628579989e-01
4.734246040173201719e-01
4.746008893243939264e-01
4.757151056846298798e-01
4.772795389064831695e-01
4.784837243159006936e-01
4.799624271338261416e-01
4.814601131523755795e-01
4.826608766550306573e-01
4.839064103603575306e-01
4.856010600901898289e-01
4.870637024937389259e-01
4.874226029802294913e-01
4.897954121515120662e-01
4.909637613049052662e-01
4.915683197363896473e-01
4.929978319268580322e-01
4.943476041057371373e-01
4.959436183030622725e-01
4.973448425456065691e-01
4.984571510126381555e-01
5.000122613843037689e-01
5.010657305673043016e-01
5.023936813504423782e-01
5.035148224379790705e-01
5.045533024719059956e-01
5.056910457083769739e-01
5.075020009161227419e-01
5.082485944575760861e-01
5.101114270656215144e-01
5.107436912225736814e-01
5.120685659076137375e-01
5.132492068830198928e-01
5.145638405982044805e-01
5.157595865731968710e-01
5.173915976142761108e-01
5.177350373802273031e-01
5.191694919949781939e-01
5.210302567609620406e-01
5.217919308849763294e-01
5.228560449753526518e-01
5.242885114049148365e-01
5.254687414687421176e-01
5.267887229750641831e-01
5.277779200017214123e-01
5.286406434801103060e-01
5.294613909910342864e-01
5.312365757527672816e-01
5.326213026226632730e-01
5.333148091173329775e-01
5.342295640329989270e-01
5.356693101037053317e-01
5.369805447946923715e-01
5.378904826248513960e-01
5.386194740224491406e-01
5.399925494958442984e-01
5.410300589008054661e-01
5.423347281777988194e-01
5.430816255722503705e-01
5.441719865340498563e-01
5.452342930702329671e-01
5.465285812272959731e-01
5.469647925473899441e-01
5.484202003702232098e-01
5.495105363787040620e-01
5.505641535590322100e-01
5.511255404062209706e-01
5.524150146136128647e-01
5.535689833968913121e-01
5.545635970634448242e-01
5.555015633846488443e-01
5.561767618881421349e-01
5.580408281730638853e-01
5.588921935689407094e-01
5.596672645777931443e-01
5.606594966348056319e-01
5.615937519646275744e-01
5.624961109563063610e-01
5.637189829271563868e-01
5.644738328965779317e-01
5.654647164274013704e-01
5.665485341744053160e-01
5.674769164472701632e-01
5.686495313007593477e-01
5.698042932296117913e-01
5.703327340906833021e-01
5.713847803584528595e-01
5.725862887565685844e-01
5.734406003780572192e-01
5.746192677041840335e-01
5.750472087571828483e-01
5.763072368820238989e-01
5.768924536278781101e-01
5.778893978605834647e-01
5.790241157468372091e-01
5.793681597963631358e-01
5.807279948618516707e-01
5.815862882356818142e-01
5.822971725213448302e-01
5.835656566891915809e-01
5.845254939863722132e-01
5.852441866041883101e-01
5.859041962892415079e-01
5.867935095298487669e-01
5.875212870150913202e-01
5.885959049906206442e-01
5.892738754078797880e-01
5.904516754214665930e-01
5.910523948341565026e-01
5.922243015032341296e-01
5.928395304474501915e-01
5.933819211221853518e-01
5.946827765711802938e-01
5.953753043754305141e-01
5.962888432411808104e-01
5.972555183715859695e-01
5.981061208514082406e-01
5.985587684224886740e-01
5.993237669529238865e-01
6.005919014934993916e-01
6.012114662214991245e-01
6.018388053862351317e-01
6.026888818769198242e-01
6.037260615302220135e-01
6.048072527549801514e-01
6.055564163117130860e-01
6.061346756808877467e-01
6.069313905050398583e-01
6.079200826723902829e-01
6.085157255776879603e-01
6.088995217858328424e-01
6.096493637452811143e-01
6.107339761036929549e-01
6.113699231762327324e-01
6.120025950735907827e-01
6.130411542673547265e-01
6.139831078468049874e-01
6.146772632106327627e-01
6.157462629039469615e-01
6.159035213470359649e-01
6.169082115865117677e-01
6.174736575684590667e-01
6.180685077392350513e-01
6.191163132214577702e-01
6.200197166157935813e-01
6.205346181104478553e-01
6.211882222658613451e-01
6.220706916988271162e-01
6.230437209460983894e-01
6.239218909902468635e-01
6.245891355102475284e-01
6.250020016748988327e-01
6.256286318761392629e-01
6.266383629071651251e-01
6.275078639765339084e-01
6.279576703154288175e-01
6.282925185816581326e-01
6.293796449964383921e-01
6.300135255162948589e-01
6.309654375112476732e-01
6.315385241120964332e-01
6.321700125172784457e-01
6.326489800012635722e-01
6.331535159055904360e-01
6.339298103862617273e-01
6.349444681918244848e-01
6.353361304641295115e-01
6.360335479272667403e-01
6.369167429446858097e-01
6.373529969480721258e-01
6.383995334936134469e-01
6.387112066981631697e-01
6.396267919306413141e-01
6.402524210584603637e-01
6.406745593066560662e-01
6.413982069603736402e-01
6.421777394381580351e-01
6.427583236906975195e-01
6.437889865013043389e-01
6.442919260478361387e-01
6.448056394812126113e-01
6.454777973351500941e-01
6.463138934283074732e-01
6.467699894528877724e-01
6.471229578366797242e-01
6.479325437492350348e-01
6.486904635505520433e-01
6.491966588642458236e-01
6.498865460334364297e-01
6.506532894394356781e-01
6.514483598655254060e-01
6.519543210209913786e-01
6.523835492944063397e-01
6.532872730228107550e-01
6.536801896482039576e-01
6.541573256580872631e-01
6.548006421853507231e-01
6.555233660919478345e-01
6.562583671330324275e-01
6.566726343295701263e-01
6.575059920326473684e-01
6.579663342052871622e-01
6.584073256046195644e-01
6.588674380066542602e-01
6.601017074748102287e-01
6.604286283140327063e-01
6.607555264474929135e-01
6.614356541444922355e-01
6.621312916408116367e-01
6.624111787215271052e-01
6.634992890985931258e-01
6.636027787672769129e-01
6.644900976092151801e-01
6.650075793010279401e-01
6.655965370392138425e-01
6.663735901252656468e-01
6.663759473295587377e-01
6.673324165159418841e-01
6.679815876525928564e-01
6.682161644734340156e-01
6.690519152800837865e-01
6.694920185802385459e-01
6.700217052318842015e-01
6.705189984085813126e-01
6.714838934720251951e-01
6.718091041259524054e-01
6.724086282573419338e-01
6.726283124898401189e-01
6.732788880618230110e-01
6.738882302186481876e-01
6.744641744376964620e-01
6.751886869483889608e-01
6.758412929377902723e-01
6.758875984562859873e-01
6.770504937673716972e-01
6.771689718301981964e-01
6.777876713465209590e-01
6.784027327407368135e-01
6.790482406213582678e-01
6.792436178871562591e-01
6.799363468538724975e-01
6.803425508936145061e-01
6.808030639620160640e-01
6.813249927650271154e-01
6.818144389660493188e-01
6.825524847969225428e-01
6.829704586215283868e-01
6.836270397502203222e-01
6.838554472915611138e-01
6.845613525801869104e-01
6.851759009617061080e-01
6.854009746977223205e-01
6.861385866682176982e-01
6.868438576667001971e-01
6.870437914440005178e-01
6.879339687887758847e-01
6.880893118025016575e-01
6.888587166223415492e-01
6.890915671072062043e-01
6.896843983342477724e-01
6.901940630164098422e-01
6.905541770775573962e-01
6.911904382866805863e-01
6.915693686671099405e-01
6.920180802711350943e-01
6.924341011054611084e-01
6.930139436417149801e-01
6.934880782224881468e-01
6.940753534782299061e-01
6.942893543170451931e-01
6.948586671529559666e-01
6.955213611050996558e-01
6.957559749537826077e-01
6.963422126190343953e-01
6.967193864844651863e-01
6.973767750506262297e-01
6.978983595511054627e-01
6.985755041466329418e-01
6.984345824535124203e-01
6.994948700322352053e-01
6.996615453511535465e-01
7.004021073428582378e-01
7.007189914237589301e-01
7.012097379771203842e-01
7.014568336183021335e-01
7.018754914763709607e-01
7.022830554757867327e-01
7.027217869742528045e-01
7.032513559572300954e-01
7.037148116524659658e-01
7.043883966219549597e-01
7.046449345962182420e-01
7.051478205452427206e-01
7.055687002231471050e-01
7.061070795418173951e-01
7.063988219124195389e-01
7.069455307571145264e-01
7.073945304470291573e-01
7.075832734647774513e-01
7.083544352725170690e-01
7.085419188553907510e-01
7.091752791139047662e-01
7.094427293531324619e-01
7.103311390553401772e-01
7.104190025552833410e-01
7.110460824304319916e-01
7.113579695098786182e-01
7.117575391920386574e-01
7.120121410253212879e-01
7.125345739987563043e-01
7.127460766731961161e-01
7.132574504174011842e-01
7.137383801761145730e-01
7.139542287576351454e-01
7.147140063765252682e-01
7.149891240917873869e-01
7.155335092449641721e-01
7.160397602103170112e-01
7.167575302091102607e-01
7.171648391983943549e-01
7.174737775493386094e-01
7.175532606606178643e-01
7.180831215024254810e-01
7.185140688671751708e-01
7.188548546585848964e-01
7.192815293204326554e-01
7.199712653366289183e-01
7.201166733151816990e-01
7.207723837604533834e-01
7.206511332185718821e-01
7.213553018004341677e-01
7.219746564450778559e-01
7.221080453051575976e-01
7.222071766162888595e-01
7.227747008564954223e-01
7.232150668160235440e-01
7.237273206483553212e-01
7.239763099667591018e-01
7.243683867749911576e-01
7.248969406695280338e-01
7.253323372001276859e-01
7.258202747084652184e-01
7.260906228668818629e-01
7.266199903612328148e-01
7.271267310771879488e-01
7.275598579153467194e-01
7.277511289329626765e-01
7.281613405149701679e-01
7.283378941368218173e-01
7.286325510867719402e-01
7.295159839303783089e-01
7.295930446937581859e-01
7.300482766641380739e-01
7.304568780720314125e-01
7.307433227887889515e-01
7.309848869348271050e-01
7.313963815821942216e-01
7.316965033528556317e-01
7.320873063651314183e-01
7.325242310877125851e-01
7.328245159297124278e-01
7.333650018029502782e-01
7.334573187020658747e-01
7.342264448618921469e-01
7.346692814055855170e-01
7.348514902524972969e-01
7.353212949082542638e-01
7.357183313643971267e-01
7.360706857576498896e-01
7.361544399598414223e-01
7.366332777159990686e-01
7.370623471706255758e-01
7.376342529845746343e-01
7.376799672238418815e-01
7.381458962559487302e-01
7.384240565239690302e-01
7.390262902069933970e-01
7.396189796936686323e-01
7.394349323312969791e-01
7.399982106621920686e-01
7.402113944598448514e-01
7.405288466339144948e-01
7.411378969563670038e-01
7.410436299057608922e-01
7.418392285393479169e-01
7.421972365122403437e-01
7.422957349504042401e-01
7.425450077169030161e-01
7.429210872043838787e-01
7.435310636639955728e-01
7.440699342598022792e-01
7.440235530580281420e-01
7.444559790963850565e-01
7.448612013073764304e-01
7.453856769290481132e-01
7.458158030505166458e-01
7.457812004275361506e-01
7.462932495135131683e-01
7.464540116592310870e-01
7.468911165910250283e-01
7.471238435786697885e-01
7.475383579294276881e-01
7.478829846934779146e-01
7.483722214795330840e-01
7.488105776688349646e-01
7.491395144438350862e-01
7.494064172418730685e-01
7.494829241137762610e-01
7.499633827542052655e-01
7.502279304668736382e-01
7.506354542196767010e-01
7.508551823396542035e-01
7.511560605925861056e-01
7.513870778081730428e-01
7.520259553277789388e-01
7.523929013669232724e-01
7.525362994395931038e-01
7.528820135148853732e-01
7.532683067423983081e-01
7.537168285885056385e-01
7.539847716011738310e-01
7.542964972990635619e-01
7.546509486936062716e-01
7.549204378149301231e-01
7.552078278786485965e-01
7.555833100233992905e-01
7.558980078555570525e-01
7.563186778449677572e-01
7.564412608543124028e-01
7.566727756951442396e-01
7.571875173641597900e-01
7.575107961941327517e-01
7.577009595632719918e-01
7.580264462748634857e-01
7.585245677206533532e-01
7.588894762905382674e-01
7.588919485446042890e-01
7.593718211131850193e-01
7.596698112716836482e-01
7.599979463066958152e-01
7.603018871618881791e-01
7.608565259991459939e-01
7.608213305711457597e-01
7.610718862080598779e-01
7.615066521640179165e-01
7.619788694296809606e-01
7.621929203208119841e-01
7.625881126733790039e-01
7.627620084501981479e-01
7.631304342240927685e-01
7.633794181996667039e-01
7.638183961078969242e-01
7.639617427236414793e-01
7.643878813856302967e-01
7.649764239240802732e-01
7.649546932854116577e-01
7.651118414071761409e-01
7.654454609324647940e-01
7.657330316101988998e-01
7.661035630524836160e-01
7.664167978189156960e-01
7.666920692135089643e-01
7.670833696640477761e-01
7.675667014588658521e-01
7.675129812502261561e-01
7.678760735466835241e-01
7.682159778935170324e-01
7.685258446894911444e-01
7.687541219561634387e-01
7.691072508456571200e-01
7.695648865636941505e-01
7.697116886967800831e-01
7.698530416509621332e-01
7.702254167223125947e-01
7.706030297451650357e-01
7.707515414418157906e-01
7.708315372163885293e-01
7.714879728976861140e-01
7.715901966002168821e-01
7.718705199429627406e-01
7.720793478213603400e-01
7.725903497772276252e-01
7.727348571029095670e-01
7.730607108791172077e-01
7.731390790871415231e-01
7.735618598512042920e-01
7.738026409924643190e-01
7.741994841910785352e-01
7.744308825821829556e-01
7.746146135162140789e-01
7.752070475083159273e-01
7.753084293062173504e-01
7.755943186503968523e-01
7.758246693270410832e-01
7.763572940612397666e-01
7.764393205756744409e-01
7.768309590894542094e-01
7.772035465905018370e-01
7.774425952896798497e-01
7.774908308650988475e-01
7.779106193845864992e-01
7.780916411281697531e-01
7.782847003648489803e-01
7.786290935991735385e-01
7.788975274668696880e-01
7.792592196078289568e-01
7.794530809173110253e-01
7.798279424506729951e-01
7.801115149463329068e-01
7.802366632126180868e-01
7.803875562273551170e-01
7.808175706603063260e-01
7.807857304188212666e-01
7.814431692584002942e-01
7.815795411252076663e-01
7.817278918880965488e-01
7.822018239215960955e-01
7.823975211763908311e-01
7.827099926075689051e-01
7.832188323203653768e-01
7.833716955777743074e-01
7.836467127168351698e-01
7.838104783061240477e-01
7.839767397045983577e-01
7.839709595783197482e-01
7.844853429438551906e-01
7.848510940565782690e-01
7.851877226211321226e-01
7.851700635790028748e-01
7.854936966706680401e-01
7.857995983910597282e-01
7.859853372238332359e-01
7.865078882764835466e-01
7.864961775684277123e-01
7.868632872795111588e-01
7.872185691430295673e-01
7.872669149133463273e-01
7.879510365133393091e-01
7.876292584985199463e-01
7.879485404044701546e-01
7.884390011530446607e-01
7.886872884965627772e-01
7.887921957184801380e-01
7.890953018422958154e-01
7.893386608786943093e-01
7.894318804288117386e-01
7.899543505155890433e-01
7.901682410427678382e-01
7.902825611287059848e-01
7.904423589284117480e-01
7.908276312731257196e-01
7.909706944537004958e-01
7.912018607933422043e-01
7.914123318961496789e-01
7.919461470253033042e-01
7.922269809636987015e-01
7.923272444438285156e-01
7.924679546439438171e-01
7.927733911897422159e-01
7.928338384019568696e-01
7.932693123058293105e-01
7.933072647797816401e-01
7.937776120715122063e-01
7.940510313546065291e-01
7.939967380509795891e-01
7.944656385113423314e-01
7.947514272882361119e-01
7.947434993123256852e-01
7.951037662178264132e-01
7.954761984258069685e-01
7.955827166981250809e-01
7.956002120307005265e-01
7.961349908818741161e-01
7.962809138928195196e-01
7.964648417924216073e-01
7.967505679935332763e-01
7.969823866294827308e-01
7.971543915677529180e-01
7.974161649156623621e-01
7.978789518786423285e-01
7.979479888717417868e-01
7.980906096913242820e-01
7.984767385199895706e-01
7.985542484876695379e-01
7.988643693703493254e-01
7.990254803500996816e-01
7.994094827012356852e-01
7.996247707924938330e-01
7.999298005684081225e-01
8.001493104489884045e-01
8.001535385102254150e-01
8.004111926920822739e-01
8.006871754008306752e-01
8.009960603460822837e-01
8.011958386016295730e-01
8.012601368654044265e-01
8.015659850917506990e-01
8.018650391643099562e-01
8.022369791717267606e-01
8.023139146183345671e-01
8.026422069723486707e-01
8.028180598335455942e-01
8.031635837137721667e-01
8.033395130631536540e-01
8.033851897476682602e-01
8.037513736290199384e-01
8.038701127152348969e-01
8.041317345693073104e-01
8.042679141363819895e-01
8.045342790634978369e-01
8.047719649743528825e-01
8.048135052218112762e-01
8.052843567645368017e-01
8.056259501162553738e-01
8.055932396010441199e-01
8.058226475707956915e-01
8.061047235138153466e-01
8.062466521362833261e-01
8.064606324414742566e-01
8.065899177596337344e-01
8.067970550024093912e-01
8.073056820839948911e-01
8.072857613661306164e-01
8.075459821979023012e-01
8.077406116311395268e-01
8.081510156087903241e-01
8.081918533494562018e-01
8.085081735194333818e-01
8.086848262594129588e-01
8.087104986803358431e-01
8.089312501575075531e-01
8.092536263546240560e-01
8.095514402298694678e-01
8.097099643746736852e-01
8.099727885711572872e-01
8.102422522857741782e-01
8.104240137776337338e-01
8.105475549627746412e-01
8.109871243311892464e-01
8.110089909169991840e-01
8.111757917015824937e-01
8.111987580160209266e-01
8.116056654509676838e-01
8.116861109447054412e-01
8.119141699054948091e-01
8.122525584395071663e-01
8.123988299737380236e-01
8.126190836756665981e-01
8.128804671716259866e-01
8.132635531334558854e-01
8.134167008822784650e-01
8.133731390992647858e-01
8.136466148339142057e-01
8.140281341153748906e-01
8.141044887595902946e-01
8.142827296322454611e-01
8.146666086025828868e-01
8.145992245935752551e-01
8.149361835560235967e-01
8.151309207634312992e-01
8.151330603357823668e-01
8.155837799140530642e-01
8.158551361054564577e-01
8.159903763306128877e-01
8.160588141421420971e-01
8.163688363570975604e-01
8.166139990016479944e-01
8.166592460806930687e-01
8.171244860823344558e-01
8.170950336298423711e-01
8.174335187172667716e-01
8.174970296881873821e-01
8.179339687161136796e-01
8.178421005922676956e-01
8.183133989805901898e-01
8.182163756051694659e-01
8.186224770030398057e-01
8.187817888050135107e-01
8.187602381463282564e-01
8.190558477370870616e-01
8.192024434247003883e-01
8.194869121523730149e-01
8.196918796294718756e-01
8.197345492237368969e-01
8.203289416301116077e-01
8.205278477527445657e-01
8.204635880616046872e-01
8.205924405875372196e-01
8.209710803450684935e-01
8.212080588498903433e-01
8.211492484621283339e-01
8.214912739110467044e-01
8.217282349923737961e-01
8.219471838265042241e-01
8.219841183528813211e-01
8.221551019025962193e-01
8.226393609245462590e-01
8.226112679696193641e-01
8.229194789477007888e-01
8.229643393336855128e-01
8.230525947279709875e-01
8.234499706326918744e-01
8.234950571461832070e-01
8.238824371030759597e-01
8.238609960174763103e-01
8.241561355640133479e-01
8.243815998384050880e-01
8.246303017506910749e-01
8.245325693747144191e-01
8.248819394097891555e-01
8.249506628122085239e-01
8.251759224351650213e-01
8.254696533987683216e-01
8.256944515893051006e-01
8.256205601509273295e-01
8.260632855180783940e-01
8.261301697641252328e-01
8.263981457143266818e-01
8.264610748302135823e-01
8.268285768389257440e-01
8.268665088295769072e-01
8.272075970079397766e-01
8.273153374695144668e-01
8.274492496430494448e-01
8.276282202711309210e-01
8.278841667251291003e-01
8.278340898832843298e-01
8.283357904973839281e-01
8.282445837515238773e-01
8.286235112716358042e-01
8.286832354547639667e-01
8.289397477515549895e-01
8.291347147906781290e-01
8.294713315082224980e-01
8.294782870417179987e-01
8.296717964502731135e-01
8.299458917643294242e-01
8.299931114455471048e-01
8.303136446269613336e-01
8.303004987080875310e-01
8.305875152877376655e-01
8.307447352103138893e-01
8.308553130145387433e-01
8.310507168551284352e-01
8.311800367888791952e-01
8.313060288076060678e-01
8.314547785069210661e-01
8.317843852895953072e-01
8.319896346444266566e-01
8.320351425740492024e-01
8.322333615025437892e-01
8.324283547813344786e-01
8.326776097203939520e-01
8.328140470938046880e-01
8.330588060188734989e-01
8.332536781560269112e-01
8.332702774639578758e-01
8.336793392061507824e-01
8.335788448988692423e-01
8.338312057178535186e-01
8.341254685295281801e-01
8.342467757092086877e-01
8.342413995512956149e-01
8.345605446014829898e-01
8.347885820278651003e-01
8.349710864320987191e-01
8.351624741710252930e-01
8.352703859461304559e-01
8.356210457718882267e-01
8.358312449056333193e-01
8.358074405540769636e-01
8.359523272374996816e-01
8.359479307846601204e-01
8.364369784414026343e-01
8.365288010299555266e-01
8.366038717570757344e-01
8.369354616934540081e-01
8.369233189874124568e-01
8.371242857942711169e-01
8.372278983344620951e-01
8.374068453171339410e-01
8.377108219807208878e-01
8.376865815950129690e-01
8.379647137272460133e-01
8.381631903006074857e-01
8.382558642371652491e-01
8.386141938642210913e-01
8.387385624154589658e-01
8.388005454424919405e-01
8.389985096233141260e-01
8.391703748116567940e-01
8.393820237337970003e-01
8.394390985870101574e-01
8.396584749487385757e-01
8.397666820170605062e-01
8.400535018701933421e-01
