5.872597016013655045e-03
5.640387242548972405e-03
5.480435445759118500e-03
5.689324064243926095e-03
5.959107360763385257e-03
6.028162500113356213e-03
5.956325231074470483e-03
5.849880614940918509e-03
5.723182614503620133e-03
5.553634687014020327e-03
5.424306632611421847e-03
4.816183765985668913e-03
5.089487448029351643e-03
6.425400714061426689e-03
7.168463445017223511e-03
8.919680871205809894e-03
1.051717081506147594e-02
9.486905698213135216e-03
8.946369635223324485e-03
9.195064708191143937e-03
9.129948155159807455e-03
9.744273785841006327e-03
1.153262741073866719e-02
1.439424302207378131e-02
1.371006600982995274e-02
1.645618341106688462e-02
2.011437819335756480e-02
2.003484308805593764e-02
2.248444462803367294e-02
2.217407673535171445e-02
2.212565246134090557e-02
2.131835441304518949e-02
2.312281472811027194e-02
2.446049673201656713e-02
2.945421377417678510e-02
3.220864915041708049e-02
3.448991749361093179e-02
3.749923498874895011e-02
3.857882747209046004e-02
3.814911152135996852e-02
4.016274551886866995e-02
4.085476992739740798e-02
4.184624736422450780e-02
4.329471654285876187e-02
4.470908435800310943e-02
4.743643494357341339e-02
4.956560747255551319e-02
5.236696997349049587e-02
5.510132412246945832e-02
5.743470576512496595e-02
5.808132412392930793e-02
5.985747608534861680e-02
6.243711864252061289e-02
6.256980477829748866e-02
6.389394549147343894e-02
6.777072030233752264e-02
7.092504766624682655e-02
7.396800012831530879e-02
7.563714406825493286e-02
7.576003682682880269e-02
7.807086953105976668e-02
7.943168301955180755e-02
8.227216852658431057e-02
8.399532402859158364e-02
8.531087643514351226e-02
8.883957328279375176e-02
9.035528847067514358e-02
9.074945829203562297e-02
9.335425570807895368e-02
9.548084490416899883e-02
9.757976907901504127e-02
1.013798170940199278e-01
1.026437584498877398e-01
1.035672651246298814e-01
1.072959564438719371e-01
1.086130917584697819e-01
1.110495423819689020e-01
1.125187114937180460e-01
1.134102853506103320e-01
1.164366150366536179e-01
1.192810766241249737e-01
1.214083892418719168e-01
1.241577443180866963e-01
1.271296497031974837e-01
1.278365155307436274e-01
1.290977612211863801e-01
1.316552394100134749e-01
1.339728770199273555e-01
1.365549677915891547e-01
1.376021812997108296e-01
1.392527923668476497e-01
1.423596323506101102e-01
1.445258757208430223e-01
1.459437737896965848e-01
1.479058588585490386e-01
1.509074266224966487e-01
1.523497329878014117e-01
1.552814475781876813e-01
1.561818139780207226e-01
1.587475692817700568e-01
1.603498041571074229e-01
1.632777288358725487e-01
1.644755730264920446e-01
1.675828945936839176e-01
1.687609237918394345e-01
1.691892438924628428e-01
1.729087446303639308e-01
1.739575701414700637e-01
1.765058928478752120e-01
1.778975701553623390e-01
1.799064925024149997e-01
1.817028992560026091e-01
1.835349998797762006e-01
1.865498063270785711e-01
1.888349465984076325e-01
1.893530512392693765e-01
1.919376707596119336e-01
1.949557913908434581e-01
1.967785353881809918e-01
1.978463100595077850e-01
1.997696384602673791e-01
2.014066784317966041e-01
2.031642203097038246e-01
2.048525571295818637e-01
2.078788145113287245e-01
2.104014808808202797e-01
2.119586446409164049e-01
2.131256834444410497e-01
2.152380300302279559e-01
2.174874729280796559e-01
2.187492005745553247e-01
2.209080421922988702e-01
2.231008839114240194e-01
2.243463589774625511e-01
2.256097929136975377e-01
2.284891512251199797e-01
2.308578801880101228e-01
2.324511274779531567e-01
2.342235480300653427e-01
2.356267781178489895e-01
2.377966844411260605e-01
2.394266549513447140e-01
2.415537747642210742e-01
2.438220114173048347e-01
2.452272408135804105e-01
2.471104245705925406e-01
2.487061466856599901e-01
2.507598282141181301e-01
2.531580453512884965e-01
2.545383787603379688e-01
2.556602962534164636e-01
2.577246664622207528e-01
2.592260279482273000e-01
2.608779185460671224e-01
2.633359155544939267e-01
2.650977342850031060e-01
2.659573513911536180e-01
2.679623985258174912e-01
2.710777597189589772e-01
2.722745965283019931e-01
2.743035662468835678e-01
2.756658961699102184e-01
2.772729034417782956e-01
2.788792777925195865e-01
2.807726381858629550e-01
2.828553072093449305e-01
2.844812540150274960e-01
2.860768260799134155e-01
2.872008311273271386e-01
2.889435109523357803e-01
2.911717278576082535e-01
2.936332905134639848e-01
2.947321850966216905e-01
2.965081505921907667e-01
2.980495790583915783e-01
2.994851124816154120e-01
3.011946729303533465e-01
3.026828240148475291e-01
3.041801613151687289e-01
3.058290019884283839e-01
3.071272820434824968e-01
3.088524365861467502e-01
3.108685486873455917e-01
3.127528112970178187e-01
3.137244995514837376e-01
3.155542401942226793e-01
3.174404864440200091e-01
3.190464497420486545e-01
3.208663337240197921e-01
3.217492603880476310e-01
3.238769275803880521e-01
3.245066686907404629e-01
3.265430772666624848e-01
3.286525564236131292e-01
3.296219872248273286e-01
3.316471407953408557e-01
3.329325165130149755e-01
3.350251355037014434e-01
3.362520787218264418e-01
3.381233639685980452e-01
3.393932525239323206e-01
3.401713718406055298e-01
3.422229392177555951e-01
3.438111136270020074e-01
3.449764012249548206e-01
3.467655846549028142e-01
3.484910799410301241e-01
3.496808604633150908e-01
3.514736060991786037e-01
3.528154042738205209e-01
3.542636340082451207e-01
3.551302431237419177e-01
3.566758236718557407e-01
3.586961358987451054e-01
3.597971749197521052e-01
3.613446766215459016e-01
3.630278024136546211e-01
3.641340529607597354e-01
3.655651882972007494e-01
3.674002785221444078e-01
3.692806240094881898e-01
3.704549632831199979e-01
3.718376111821798946e-01
3.728806911836385907e-01
3.747743123529721498e-01
3.759775583709065172e-01
3.774967128458067145e-01
3.791716977480307227e-01
3.804368664301097103e-01
3.814389926585211033e-01
3.829791517188544936e-01
3.843953904762838492e-01
3.855756317631446883e-01
3.872644112200020472e-01
3.887816049817179320e-01
3.894430447276495677e-01
3.906523882111531676e-01
3.923140095706192376e-01
3.940405480771109747e-01
3.953438680155692553e-01
3.965761864209800258e-01
3.977546142936864149e-01
3.990927125531020248e-01
4.007406295734648460e-01
4.020819702309898491e-01
4.033306390213929338e-01
4.047963360620295825e-01
4.061000798092105346e-01
4.070478543897861901e-01
4.086673249208280234e-01
4.097371956089393419e-01
4.108769617253683060e-01
4.120711580126446560e-01
4.135139794648148848e-01
4.151328126124380624e-01
4.162831098107847572e-01
4.177354941657791532e-01
4.186707918932176531e-01
4.198458963030838320e-01
4.213029249836206525e-01
4.225294458193282199e-01
4.237657021735794505e-01
4.249203057583645360e-01
4.264435591298816330e-01
4.276851306488505533e-01
4.291798357209586356e-01
4.304438993678113556e-01
4.314563658044562322e-01
4.327439283473422660e-01
4.340086671820405639e-01
4.353118439738636880e-01
4.367542345467121945e-01
4.376751085724949752e-01
4.389673653435366418e-01
4.397871835482556890e-01
4.408619709348383098e-01
4.424212175038161887e-01
4.437615895262165822e-01
4.450818441854562657e-01
4.457076861952826707e-01
4.472969387176877198e-01
4.485165373495438867e-01
4.498478234324984615e-01
4.507066539860567489e-01
4.514337556595148793e-01
4.529233877109982154e-01
4.544283332686571142e-01
4.554522012163100264e-01
4.564797205721876083e-01
4.575880324417618272e-01
4.589744460462937825e-01
4.599387545700027724e-01
4.610923427560358334e-01
4.626928302442520624e-01
4.633171726990077399e-01
4.641566194463955242e-01
4.652890415779379896e-01
4.666626269862889087e-01
4.678112348550633737e-01
4.690149593694034058e-01
4.702535048265608641e-01
4.712617992673647782e-01
4.724682568919159054e-01
4.736875512855598935e-01
4.747095119729443091e-01
4.755111332942570934e-01
4.764283683771344813e-01
4.774689419057419060e-01
4.786623509488941997e-01
4.795205933576751067e-01
4.805221665756600480e-01
4.819620784816849857e-01
4.828274429684561997e-01
4.839728040245743768e-01
4.848965432817493038e-01
4.862531670016783103e-01
4.875690823751089864e-01
4.890115762817338618e-01
4.896885785994925522e-01
4.904846496271202394e-01
4.915066465591422240e-01
4.923186304581351758e-01
4.938194613011401835e-01
4.947397611187722699e-01
4.956726155618542129e-01
4.968439804961251038e-01
4.979823441357079106e-01
4.990487068038136353e-01
4.996664765044122603e-01
5.002726421940641988e-01
5.018220225296512460e-01
5.028131388853958050e-01
5.036870720003786550e-01
5.043232326803637200e-01
5.056267999313187600e-01
5.066381383691175300e-01
5.075354193908947487e-01
5.083222516473374641e-01
5.092072062730870208e-01
5.101082505279720403e-01
5.113279087021762592e-01
5.123026315179920465e-01
5.130061002324552977e-01
5.144488444390986626e-01
5.151181728359969236e-01
5.161345791777645076e-01
5.167075666752526386e-01
5.179071509909007887e-01
5.186413613195510752e-01
5.200338215579286549e-01
5.208532780561941911e-01
5.218544035121187585e-01
5.229214528972557785e-01
5.236015250042683755e-01
5.247503970364291170e-01
5.256145531874367727e-01
5.264776633260080940e-01
5.272791896547920354e-01
5.280384397849922085e-01
5.290263833653262582e-01
5.299346200841709154e-01
5.311556238767810578e-01
5.316879181959974776e-01
5.327502788988499605e-01
5.336936345311782404e-01
5.348590173629849120e-01
5.353680879092908018e-01
5.362128363761555772e-01
5.371198892432625938e-01
5.378141996324579122e-01
5.388001694211831394e-01
5.398687751271669111e-01
5.408680931949434445e-01
5.417021599211696570e-01
5.428502014307671208e-01
5.432687711975571210e-01
5.441385136734075978e-01
5.452014125898037022e-01
5.459264062089856928e-01
5.468314947455188424e-01
5.478951851183004873e-01
5.485588587156848828e-01
5.493470783806709834e-01
5.505476866601763941e-01
5.510111083035007518e-01
5.521576691193014197e-01
5.530284973087985501e-01
5.536792711318914151e-01
5.544454181682533234e-01
5.554777931012206960e-01
5.561008299597918203e-01
5.568288963164091943e-01
5.575875725200502009e-01
5.588000878483483369e-01
5.595619214217990578e-01
5.601684608959818235e-01
5.611027360144820175e-01
5.618678812831880975e-01
5.626311536621426690e-01
5.634364895815525687e-01
5.641705248647088666e-01
5.648782690422565755e-01
5.656293075021016081e-01
5.662550718396424099e-01
5.673087899062918549e-01
5.681030283522637836e-01
5.687543284104684682e-01
5.695893667869055266e-01
5.706001672236173938e-01
5.715768552249287371e-01
5.721153593735347487e-01
5.729270272595132774e-01
5.736211869387443096e-01
5.745041811033808621e-01
5.753652381788949555e-01
5.760028613259472463e-01
5.767643679538846380e-01
5.773606094537856448e-01
5.780581244076558045e-01
5.785204328930595441e-01
5.796643307894301378e-01
5.804773359375235975e-01
5.815180754548874287e-01
5.819528515693186410e-01
5.823397902477495114e-01
5.835952797465123743e-01
5.841066177223551703e-01
5.848069478691085843e-01
5.858714524492488751e-01
5.864556008812672472e-01
5.872995473536568589e-01
5.880478712608924186e-01
5.888827121366981832e-01
5.894701476300344689e-01
5.901932564039602536e-01
5.906393684225903495e-01
5.917439919328054687e-01
5.923650096055943504e-01
5.930602313889513644e-01
5.935426030586783419e-01
5.941478015049118655e-01
5.948886118576278692e-01
5.957036872943214378e-01
5.964982428192112662e-01
5.972571250627101147e-01
5.975423677438314041e-01
5.984479835651065338e-01
5.990449772700102704e-01
5.996642578889150865e-01
6.005976635494091331e-01
6.011993395147903207e-01
6.018677569241862590e-01
6.027328246763117292e-01
6.034763270067063923e-01
6.041450168082626027e-01
6.047631463931165685e-01
6.054010670513476633e-01
6.058949134385586133e-01
6.066770709124170713e-01
6.075287698448987861e-01
6.080408785868596233e-01
6.089659885547940021e-01
6.093746749420574371e-01
6.099567628961536370e-01
6.106755368996911182e-01
6.112650432809488832e-01
6.121215550528720239e-01
6.127743878881977135e-01
6.135212558272882255e-01
6.140587162412081135e-01
6.146875476780632175e-01
6.150264812443195783e-01
6.160885989595829004e-01
6.165940845970129258e-01
6.171553782245658981e-01
6.175945475491564363e-01
6.183834595754451602e-01
6.189523105613831122e-01
6.197482603905364318e-01
6.203655464752226845e-01
6.209955427221384161e-01
6.219726090283886899e-01
6.221159497011751194e-01
6.229325349046316296e-01
6.234725384260879633e-01
6.240399570182867395e-01
6.248518632327608735e-01
6.252263112380117560e-01
6.260356118640535428e-01
6.265916869120994326e-01
6.271882093371093925e-01
6.283139244640963961e-01
6.288154847298601524e-01
6.289502987985041704e-01
6.295996703232580316e-01
6.304820371250854372e-01
6.308028257715276865e-01
6.314036723188224398e-01
6.321728687918094503e-01
6.328351750990541813e-01
6.334060631524934815e-01
6.338762563167968933e-01
6.345633443657284767e-01
6.351751151852171873e-01
6.359468808215875679e-01
6.363924444793932489e-01
6.369255975926304547e-01
6.374957012660061872e-01
6.382406034685339513e-01
6.386688514255870475e-01
6.393051944572216705e-01
6.399674905885547327e-01
6.407667851505700618e-01
6.406673344562906491e-01
6.414652252474977168e-01
6.420141173719967620e-01
6.428654270552419669e-01
6.433152976546486768e-01
6.436322798589365624e-01
6.444619878240324118e-01
6.449365791839647422e-01
6.455747115095854527e-01
6.461141908469191231e-01
6.471355618765690654e-01
6.472672512058333938e-01
6.477764693065737323e-01
6.484268234775624196e-01
6.487776775631850512e-01
6.492970102804863641e-01
6.500653110639820209e-01
6.504780979790660833e-01
6.510698981871577695e-01
6.516756566287807972e-01
6.522554552784750603e-01
6.528029529201020420e-01
6.535019540626935131e-01
6.537843311705968663e-01
6.546015641005936692e-01
6.548541776326259889e-01
6.554827414447966794e-01
6.560070238950496124e-01
6.564261388209182702e-01
6.571636765888139164e-01
6.573362350123391762e-01
6.582366105985018034e-01
6.587044596963315124e-01
6.592731880128548383e-01
6.596715561230617197e-01
6.603208255108172775e-01
6.607287067428297966e-01
6.615549627780329400e-01
6.619199589235538195e-01
6.623886724519338909e-01
6.628824174586163132e-01
6.635245682338674067e-01
6.640204489725987091e-01
6.646173910681599795e-01
6.650117955960692662e-01
6.656141133989916803e-01
6.661573220095804437e-01
6.664421260819594073e-01
6.671278264996726159e-01
6.677995549119143393e-01
6.682306313561818811e-01
6.688288771948489586e-01
6.690980143917089062e-01
6.697919199191249007e-01
6.704357410099751613e-01
6.707900533558336376e-01
6.710250251661566967e-01
6.717769472258952046e-01
6.721216510314990122e-01
6.726713849805271428e-01
6.732846728361246980e-01
6.735380797015479981e-01
6.742595599648970595e-01
6.747530085534786393e-01
6.750678000306797877e-01
6.757239033615242141e-01
6.760868708918854608e-01
6.766335696181781101e-01
6.771142566087113845e-01
6.777677543024742679e-01
6.782580341459194528e-01
6.784299475588049244e-01
6.789959540962138274e-01
6.796782617867951348e-01
6.800469981617969228e-01
6.805837543982669047e-01
6.810760572216960629e-01
6.819332839683758252e-01
6.820650315364291671e-01
6.826843500901763617e-01
6.831438921198569325e-01
6.836228759413994771e-01
6.840979955483202923e-01
6.847765836525888661e-01
6.849050238269889235e-01
6.854438735045593756e-01
6.860804756833240869e-01
6.863138281923023554e-01
6.867686520962279495e-01
6.874515602005470960e-01
6.878061260959041912e-01
6.880297687769209025e-01
6.886921699535544228e-01
6.892308318668028955e-01
6.895857283205454324e-01
6.900394079211108478e-01
6.906892702960263364e-01
6.912161727044597859e-01
6.914969247150437592e-01
6.920880364394441653e-01
6.922522595574366333e-01
6.927165849165362044e-01
6.934365465650601523e-01
6.937589928935129491e-01
6.943180096304176763e-01
6.947492429863492136e-01
6.950640468188744592e-01
6.955559114053250225e-01
6.963674778614687977e-01
6.964476027251950141e-01
6.969001336349939235e-01
6.973284096294365408e-01
6.977481296002584488e-01
6.984508767923298667e-01
6.988609946103420123e-01
6.994141536015908711e-01
6.997002934321083778e-01
7.000920731792925622e-01
7.005666862329795741e-01
7.008321117786932009e-01
7.014646675775546569e-01
7.017445569769994451e-01
7.020894670820723160e-01
7.027657065990132734e-01
7.033419369427751366e-01
7.036151633141644046e-01
7.041670536653156232e-01
7.045601152135425593e-01
7.049235434254518262e-01
7.055444748403205679e-01
7.061560986102868309e-01
7.062801322326999198e-01
7.065834557961011564e-01
7.072126990655752676e-01
7.076002911712764298e-01
7.080744261567396558e-01
7.083785272496602170e-01
7.089120827118644552e-01
7.093966875980390885e-01
7.095738302628330496e-01
7.101690759273354692e-01
7.106682998141370389e-01
7.111665903181995096e-01
7.113043843613512385e-01
7.118178372886042604e-01
7.123349562388563427e-01
7.127266546669797087e-01
7.132355392356438673e-01
7.133864265992889697e-01
7.141804528019056741e-01
7.143916385397706126e-01
7.147514183373053775e-01
7.153625627227505612e-01
7.155586453796476398e-01
7.160123696732084708e-01
7.165555522795302723e-01
7.168580661098377105e-01
7.173756237957717996e-01
7.176750849183437531e-01
7.180428038276355229e-01
7.185778211816614691e-01
7.189480961805376769e-01
7.193312827214967120e-01
7.197038323713965680e-01
7.200122002552921119e-01
7.207197008354807588e-01
7.211069185086779187e-01
7.212042772546018998e-01
7.217875369046278244e-01
7.221765130872023208e-01
7.225260402121119752e-01
7.229853754044763825e-01
7.232498385256146411e-01
7.238792709117169988e-01
7.241736380862220379e-01
7.244843873991037020e-01
7.250414990037485907e-01
7.255342582839184873e-01
7.257984249075303262e-01
7.260142391968524844e-01
7.266254525609404658e-01
7.269256087527773413e-01
7.274382674131939508e-01
7.276434059095748808e-01
7.281114460799436028e-01
7.284522789293040868e-01
7.289150163645026215e-01
7.293702106801827068e-01
7.296599812847252009e-01
7.302445045640304500e-01
7.303833919012410192e-01
7.311265998458993387e-01
7.313428721997332627e-01
7.317442093027737293e-01
7.320406453555722281e-01
7.323373824962837730e-01
7.329139901513578303e-01
7.331306778331321272e-01
7.334349655155554260e-01
7.341164869770906432e-01
7.343908463679905685e-01
7.347444718082403181e-01
7.350489352659478337e-01
7.353279264176117991e-01
7.357732479828332783e-01
7.360619432156602082e-01
7.365336746508558408e-01
7.368644276083244904e-01
7.373384672513785265e-01
7.376831869038261713e-01
7.379873306801482125e-01
7.384107712838146043e-01
7.387300875351250351e-01
7.391744528428652039e-01
7.394660940546580186e-01
7.395716230656180779e-01
7.400974088865106548e-01
7.408553163705274835e-01
7.408454697706143843e-01
7.413118060808884247e-01
7.417321306530637592e-01
7.418807650679393184e-01
7.424358817471916616e-01
7.429292054235894227e-01
7.431093093256069260e-01
7.433880762525896246e-01
7.437681467449094308e-01
7.441191971720114706e-01
7.443707693673016212e-01
7.451056739663370898e-01
7.452608149576833707e-01
7.455698354550041040e-01
7.458386365846426669e-01
7.462841230206187504e-01
7.463323845050436889e-01
7.468773863141516811e-01
7.471783283744447557e-01
7.474910793075604243e-01
7.479688944271978279e-01
7.485585967673881180e-01
7.487146840262229874e-01
7.493210709504986022e-01
7.494485403345341190e-01
7.496951052693119344e-01
7.500501644418061664e-01
7.504927119118253165e-01
7.509653389635654319e-01
7.511985399709978362e-01
7.517261332202115343e-01
7.516368306092567897e-01
7.521855163482142892e-01
7.523709030769022421e-01
7.528817430264941324e-01
7.533932823640594467e-01
7.535228990396362070e-01
7.537607430341136672e-01
7.541346422339962885e-01
7.545852707191830211e-01
7.549405148668084653e-01
7.551183890507614516e-01
7.554150570545161703e-01
7.557607182505360344e-01
7.562719011721615869e-01
7.564446540054009516e-01
7.566106950952693477e-01
7.572515512561391882e-01
7.575939950098659059e-01
7.576740226787903598e-01
7.580415399619822026e-01
7.586281917043703471e-01
7.586685061280223907e-01
7.590705338400937086e-01
7.594112785464148807e-01
7.596854459003381521e-01
7.600081823432599526e-01
7.604880361097763330e-01
7.606892474026671902e-01
7.607520021062919025e-01
7.613546971150920717e-01
7.617119905250515632e-01
7.617578533982215516e-01
7.621710013712353904e-01
7.626929025031735643e-01
7.630799099245448858e-01
7.631489516443338283e-01
7.634469051504999548e-01
7.638050431756380210e-01
7.642150989312060938e-01
7.644982805886347821e-01
7.646259117171467778e-01
7.650333335622689912e-01
7.652639567337854443e-01
7.655492663068756976e-01
7.660795322548444863e-01
7.660841848744540661e-01
7.666815022442132754e-01
7.668719401793289148e-01
7.672782249577901892e-01
7.671639564711111303e-01
7.678369821092709824e-01
7.680591128180229710e-01
7.683467780544869230e-01
7.688804953518431073e-01
7.690577132260283388e-01
7.692270355245560687e-01
7.697988253375640522e-01
7.698676717429124849e-01
7.701607770884641990e-01
7.704951637000145848e-01
7.707077405733804287e-01
7.710064026842472495e-01
7.714182152573969553e-01
7.717978784069265963e-01
7.720312463840941497e-01
7.720047094642071839e-01
7.727253037002591585e-01
7.728386261266009249e-01
7.729768299589130365e-01
7.735045560683007082e-01
7.736549374115394562e-01
7.739494499638901459e-01
7.741832793440477367e-01
7.745501055409651503e-01
7.747948130677202450e-01
7.749439709665447706e-01
7.753038769746888326e-01
7.757527728755487795e-01
7.760167008294351909e-01
7.763237808530121242e-01
7.767599962663738200e-01
7.767464192366848597e-01
7.769009635334014341e-01
7.773679558421546787e-01
7.776191069903668485e-01
7.779380255549095402e-01
7.779754454605286584e-01
7.783813412753235461e-01
7.788287304913950049e-01
7.790237859508196694e-01
7.792454588959949469e-01
7.796575604184461383e-01
7.796969086079238442e-01
7.800045344889987575e-01
7.803306743093287867e-01
7.806915005171835009e-01
7.808104138750314727e-01
7.814163178634281337e-01
7.814958132764104892e-01
7.816806210142149824e-01
7.818635997143975613e-01
7.823426254384684420e-01
7.825805419056066636e-01
7.825768953633052138e-01
7.830694723652160683e-01
7.833357638122235844e-01
7.834830517876929523e-01
7.837839903224133042e-01
7.839346888989685569e-01
7.842956943885672771e-01
7.846106406826842683e-01
7.849409695913451834e-01
7.853266223948243141e-01
7.854585112727455742e-01
7.857256196563584538e-01
7.857676436191315394e-01
7.863367834841011872e-01
7.864324546007364081e-01
7.869056409728449886e-01
7.871177884926841006e-01
7.872323802785656799e-01
7.876093217302324589e-01
7.878578882629692082e-01
7.879661561448265683e-01
7.881450957688781456e-01
7.882592874858306287e-01
7.886801573567362444e-01
7.890399597086862338e-01
7.893772170022527179e-01
7.896588618244274604e-01
7.898428506382334513e-01
7.900694359549702561e-01
7.901539368536295571e-01
7.905710653277031597e-01
7.908178031279616826e-01
7.911742175023672718e-01
7.912314862869355148e-01
7.915369780142538225e-01
7.918078724718787820e-01
7.919326062494315144e-01
7.922277758006092130e-01
7.925827168807635381e-01
7.927887539982424459e-01
7.929930279694733519e-01
7.933506827823518792e-01
7.935572048299942560e-01
7.937912944297877971e-01
7.938539322655848718e-01
7.939833560683570157e-01
7.944468496030424598e-01
7.946754164029443679e-01
7.950387177023234830e-01
7.952038268579650904e-01
7.955407855614629042e-01
7.956871778972471887e-01
7.959239115744797255e-01
7.961421033211557585e-01
7.961274595894155537e-01
7.964871159036636117e-01
7.968426314976846392e-01
7.968828103725553724e-01
7.972626271926950281e-01
7.975405243009237033e-01
7.977737156797336526e-01
7.978800196545304813e-01
7.982077823405004935e-01
7.985345461293984481e-01
7.986828778109267279e-01
7.990787601708203569e-01
7.991311385094098663e-01
7.994350421841294185e-01
7.997220779255153067e-01
7.999963493827587646e-01
8.001359037399710106e-01
8.002284979712726010e-01
8.006282147376058145e-01
8.006842195019576724e-01
8.008913249198988948e-01
8.012835629419206018e-01
8.014740431382543218e-01
8.016838784316426825e-01
8.018154136682750233e-01
8.021969567621438646e-01
8.024283810778609638e-01
8.025299842337970668e-01
8.026374493136856358e-01
8.029226066850826404e-01
8.032751037909819924e-01
8.033810257823228440e-01
8.037669102085276407e-01
8.038246747870928521e-01
8.042837014961855546e-01
8.043100557540795448e-01
8.046361087760574016e-01
8.047523812506048868e-01
8.048525880199126625e-01
8.053434616473700292e-01
8.055032998361876251e-01
8.057298950475485499e-01
8.058422842725101454e-01
8.060763563966775180e-01
8.062132250861488991e-01
8.066036500034344803e-01
8.068211151148253490e-01
8.071134685452945323e-01
8.073312179757120566e-01
8.075929765741902688e-01
8.076343970470838407e-01
8.078019123767300469e-01
8.083462005626238511e-01
8.081574001181047739e-01
8.085591022299596364e-01
8.086565505665064268e-01
8.088890589217921923e-01
8.091823961104911422e-01
8.093548959195350223e-01
8.095290426803525285e-01
8.098281161860899635e-01
8.099198992715785916e-01
8.102592630512391869e-01
8.104204563778467652e-01
8.106522005781193752e-01
8.108916158539976049e-01
8.111427250171280301e-01
8.112476375580526256e-01
8.116078363596785916e-01
8.116810114310331059e-01
8.118889858775536483e-01
8.121264421151263013e-01
8.123333291546751544e-01
8.125244351594638204e-01
8.127004294830263431e-01
8.129695934365089860e-01
8.133029937507167961e-01
8.132359706387898290e-01
8.135224028160671361e-01
8.137763874020252919e-01
8.139613721242718869e-01
8.143546150199955092e-01
8.144615679226752114e-01
8.147346768934619066e-01
8.147437325624439231e-01
8.149265424255440760e-01
8.154360108730241974e-01
8.152588771775800547e-01
8.155154255930193719e-01
8.159035314322850008e-01
8.160261490677862550e-01
8.161235958081216602e-01
8.165127774675626782e-01
8.166130524507921873e-01
8.168944422689564666e-01
8.169963947556279082e-01
8.173341320008883359e-01
8.172985234948251243e-01
8.177235765004051693e-01
8.177268784940038282e-01
8.179813527611125012e-01
8.181848023429761918e-01
8.181955471218868015e-01
8.186179102017061560e-01
8.188253855527456437e-01
