3.456163667589463688e-03
3.306270759722478112e-03
3.206533137427539093e-03
3.538569751827725166e-03
3.958700170728426081e-03
4.104267450988133108e-03
4.129751087690951804e-03
4.082557406026562745e-03
3.929487143242267611e-03
3.782001038508193708e-03
3.638458986875980471e-03
3.237687653746936737e-03
3.462119443750133908e-03
4.414614567970220199e-03
4.984599627482593810e-03
6.209092976277681350e-03
7.316056669621735266e-03
6.587385152620572719e-03
6.187849334190467440e-03
6.336849879138948573e-03
6.254214342461531483e-03
6.724913134409091393e-03
7.949462036363898892e-03
1.004324973207909068e-02
9.542341710556644097e-03
1.148390588891780653e-02
1.410572920181749762e-02
1.392501404295122536e-02
1.567473471538814722e-02
1.553582830600927153e-02
1.544402703154915818e-02
1.469663855045120864e-02
1.598991114359777851e-02
1.714221486632753338e-02
2.084903351565598958e-02
2.273962366471983867e-02
2.426723921273241796e-02
2.653001145907296285e-02
2.740499874716831319e-02
2.694954468805166314e-02
2.845668353869454381e-02
2.892077040648362296e-02
2.955034883473465004e-02
3.048873275183314191e-02
3.143187746818128930e-02
3.358033201367690429e-02
3.521398307873882527e-02
3.725325537519350722e-02
3.938488415330803488e-02
4.095471014435382584e-02
4.134346061270287309e-02
4.294175040849669556e-02
4.490421018517659624e-02
4.502546042094252021e-02
4.574503165573623464e-02
4.831173489439273550e-02
5.081708211246574458e-02
5.361458044327761102e-02
5.465553754520136726e-02
5.427997851857114392e-02
5.629522333912010540e-02
5.714262959883212312e-02
5.903085377752611412e-02
6.088883466204696171e-02
6.141494342385903082e-02
6.354297477885176293e-02
6.597107087735940012e-02
6.579327042886248811e-02
6.796105680096350965e-02
6.928363966927823803e-02
7.129687870596954080e-02
7.425127194248276608e-02
7.479032579406352799e-02
7.564703955965058901e-02
7.848728201705026941e-02
7.932308038927052274e-02
8.143889895128091083e-02
8.257423698425531144e-02
8.329737869516590232e-02
8.614929348297943601e-02
8.841523753778979255e-02
8.949698580410496429e-02
9.191491380147485957e-02
9.449745875047828314e-02
9.437051801303882048e-02
9.466879329047379887e-02
9.666836469486966843e-02
9.876655293905040045e-02
1.009725596103056983e-01
1.014638679114986952e-01
1.025830883152926837e-01
1.053882607047484932e-01
1.070670701615994008e-01
1.084811752051921541e-01
1.100745097987694820e-01
1.126391576239177128e-01
1.136776522800969635e-01
1.159165504169894778e-01
1.161659146479711302e-01
1.181498274453261360e-01
1.196059761300010266e-01
1.223650506046288916e-01
1.230459967784577890e-01
1.250051007241181067e-01
1.257776770414161249e-01
1.270525493622872149e-01
1.297149801200286889e-01
1.302457284385452330e-01
1.327149959405141966e-01
1.334192951329708776e-01
1.349795174808825216e-01
1.363647458942905955e-01
1.377121407263068309e-01
1.407827240232090160e-01
1.421670623811132350e-01
1.422661851848524561e-01
1.449343987961890512e-01
1.470057959667046277e-01
1.482295655060861250e-01
1.493264964232626224e-01
1.511486468740589895e-01
1.523023816400720654e-01
1.539977916115318202e-01
1.557926540482817146e-01
1.580533570337137594e-01
1.597502786318789614e-01
1.612173871545009296e-01
1.622361151825522929e-01
1.638437225506718387e-01
1.657489514883521420e-01
1.668278274325656341e-01
1.685775119602566097e-01
1.701980187177735138e-01
1.710890508658536036e-01
1.721375299140263937e-01
1.749821236545120451e-01
1.762662622604578566e-01
1.778015970250263200e-01
1.802127599776819356e-01
1.808616546388999158e-01
1.823107046000292941e-01
1.842039590496981627e-01
1.858885245307925482e-01
1.878440531596906604e-01
1.885589189354252015e-01
1.897321422231887933e-01
1.916526683753984051e-01
1.938660655679020905e-01
1.958833379225785876e-01
1.965290381109841555e-01
1.975279635374686260e-01
1.992577139882208692e-01
2.005048424272094509e-01
2.017890197412899322e-01
2.034558366934477169e-01
2.051770380975115049e-01
2.061583901171395450e-01
2.076331456703532918e-01
2.096935246476709924e-01
2.113110243009250766e-01
2.123900195344212705e-01
2.139173959361772848e-01
2.152259464455852644e-01
2.171277621131825764e-01
2.188122427985089713e-01
2.202437065451766096e-01
2.213840758643391415e-01
2.226687386938553948e-01
2.240315395797708165e-01
2.251882257738689330e-01
2.272907793504884699e-01
2.293572999011914137e-01
2.298767962648196050e-01
2.311412415333579107e-01
2.329288007443686137e-01
2.339180923714743732e-01
2.357898262302546288e-01
2.374790868077517880e-01
2.387534730184771026e-01
2.397546540974160867e-01
2.414980240694321600e-01
2.426691069386351651e-01
2.440375859726874042e-01
2.456682431723727356e-01
2.465624329012772731e-01
2.480799830427449781e-01
2.496593719440527159e-01
2.508866758361051885e-01
2.525443864375910841e-01
2.541006956131343641e-01
2.554921091715169901e-01
2.558114072902391567e-01
2.579463426814062599e-01
2.598567286571799029e-01
2.603569061449274580e-01
2.619470557738770577e-01
2.637834174174583102e-01
2.653448437091184275e-01
2.660658740729857086e-01
2.677189016139038258e-01
2.691883465761349958e-01
2.701127875913897913e-01
2.715203525829668063e-01
2.728943737778185552e-01
2.742213403043752828e-01
2.752695141378254662e-01
2.768956504862970514e-01
2.780855773027376965e-01
2.798074038189392598e-01
2.807679171596312306e-01
2.821497061000099449e-01
2.838270524692816932e-01
2.849553390573030254e-01
2.860603126992837253e-01
2.876877987340768494e-01
2.891470821015426074e-01
2.905658861921837643e-01
2.915854430367084138e-01
2.928745078333460095e-01
2.944764715009247080e-01
2.955450376063982754e-01
2.969169155014118600e-01
2.984000187373870849e-01
2.991201065063242015e-01
3.003134485071645710e-01
3.021047931326543146e-01
3.032057748882289183e-01
3.045136828213058089e-01
3.057444827210529792e-01
3.071775631056458122e-01
3.086057641450739575e-01
3.092605738905906954e-01
3.106914493843129788e-01
3.123161063429954476e-01
3.136812504010275671e-01
3.150435093874729975e-01
3.157452855419507487e-01
3.168517888250769188e-01
3.184270694933294954e-01
3.200476753356628623e-01
3.213729569314531243e-01
3.218695907989518323e-01
3.231020668119474193e-01
3.248141951249936543e-01
3.260030751293054307e-01
3.271397512685557118e-01
3.287870760046773255e-01
3.295789793925834599e-01
3.305323545900481497e-01
3.318430246966672659e-01
3.329116848107357418e-01
3.338631214589105611e-01
3.352765974872787269e-01
3.366928956930891337e-01
3.379035815694040878e-01
3.392090573584510826e-01
3.404294873936682952e-01
3.414435372236930832e-01
3.432002634627394078e-01
3.441170638822885763e-01
3.451722343130649295e-01
3.461393084786453245e-01
3.471843304017934173e-01
3.489783705808647829e-01
3.501934651792751874e-01
3.515589121025748387e-01
3.524396939032233278e-01
3.540401234165688749e-01
3.545920971068820537e-01
3.558329365113299669e-01
3.573356096013703409e-01
3.579501296496562235e-01
3.590560606850302650e-01
3.601776373576020540e-01
3.614620488530778664e-01
3.620979370595990843e-01
3.637828988770840377e-01
3.651507607118103516e-01
3.663278859404074939e-01
3.673624663747510066e-01
3.688091608023201240e-01
3.698006483655777443e-01
3.707829213677375502e-01
3.715701394508200139e-01
3.728389340506003680e-01
3.737117227928127283e-01
3.749550144253718242e-01
3.760024553232430011e-01
3.772088349150237718e-01
3.780944129050313740e-01
3.795568872769689572e-01
3.804328839581961330e-01
3.815988806036336722e-01
3.829338051829691558e-01
3.839220410313571863e-01
3.852637405044505581e-01
3.865238068140551264e-01
3.874781984885178887e-01
3.884097905793995609e-01
3.898240653624411300e-01
3.904982055036458899e-01
3.914574211268557757e-01
3.927894245684643848e-01
3.937629085147865693e-01
3.947896722654967161e-01
3.959305271385103464e-01
3.974695961441243042e-01
3.981409782373386275e-01
3.989448859197197716e-01
4.000012746584811207e-01
4.011784866203391697e-01
4.023999151784941608e-01
4.032940157625292121e-01
4.043293688769373784e-01
4.055988933291739817e-01
4.069322007348287196e-01
4.078940954789491147e-01
4.087072404245365442e-01
4.097493615907430997e-01
4.107451239292906342e-01
4.112293523172678711e-01
4.123394625155383242e-01
4.136631289113614773e-01
4.143732854742374627e-01
4.155942793305632543e-01
4.168604356296380375e-01
4.179457844614069550e-01
4.191633733849197130e-01
4.199619970659503321e-01
4.210179625215218491e-01
4.216962913447354633e-01
4.226395288789738802e-01
4.239004468387416735e-01
4.249707752509394032e-01
4.257004046362371508e-01
4.269533640302916599e-01
4.281324397518275204e-01
4.289177009514938410e-01
4.298459981896564641e-01
4.311903130278784690e-01
4.320542401992254478e-01
4.328499833401173724e-01
4.342647039863531955e-01
4.350296357682232884e-01
4.357012420107804207e-01
4.366783192525230950e-01
4.377602728079398320e-01
4.386202012118875504e-01
4.397357912413331626e-01
4.406243793854152102e-01
4.417056520395182262e-01
4.426645652310040036e-01
4.434855163654545240e-01
4.440811300112340598e-01
4.453410070284280486e-01
4.463223280344613131e-01
4.474215868704012888e-01
4.482634981877433034e-01
4.492588530711244532e-01
4.499583941012473831e-01
4.513138651591164785e-01
4.519430629838136482e-01
4.528254627365436158e-01
4.539252012833945304e-01
4.546869620120279065e-01
4.558528961203366370e-01
4.565712695699867263e-01
4.574367886058861021e-01
4.584453343339712217e-01
4.593143144686390178e-01
4.603674148236608921e-01
4.609681672411237163e-01
4.621979919388455316e-01
4.630835927915610273e-01
4.639110713304427924e-01
4.650879417452083442e-01
4.659693642636169586e-01
4.669430124468519905e-01
4.677031622982434356e-01
4.688745569888991827e-01
4.695362172358642505e-01
4.702613515748435558e-01
4.711629181376402187e-01
4.722043828710303370e-01
4.732518910108952093e-01
4.738750511280100386e-01
4.748256265739652093e-01
4.760759182459002870e-01
4.766350880004964763e-01
4.772115971973662774e-01
4.780047170453097793e-01
4.788161602046177023e-01
4.799228128776181768e-01
4.810694729709115158e-01
4.819940612405518854e-01
4.828729527135089961e-01
4.834139079254244908e-01
4.844244974988604624e-01
4.851912365244322456e-01
4.859682502754046340e-01
4.871889347108713242e-01
4.878709262628972976e-01
4.885241969865239953e-01
4.894350783289121987e-01
4.901681529650586122e-01
4.910197172569582547e-01
4.921080569839287322e-01
4.931521000406308142e-01
4.938426236231683863e-01
4.946700146096047468e-01
4.954751059060880092e-01
4.964643352164740953e-01
4.971727559260307183e-01
4.982345912277992839e-01
4.988167182469160910e-01
4.997498128051156563e-01
5.003468575600646950e-01
5.011417967751784497e-01
5.021678259524129384e-01
5.028623651214580992e-01
5.034221740670502543e-01
5.044909128686895228e-01
5.052505096939203799e-01
5.060716928946084048e-01
5.071378238618686751e-01
5.077310137953319202e-01
5.087801366853564877e-01
5.096336172767761408e-01
5.102325926568936909e-01
5.108824125282199757e-01
5.116807092210072794e-01
5.124576796341692164e-01
5.133612185787349569e-01
5.141240104424477098e-01
5.148288420861806269e-01
5.157336048943113038e-01
5.164050950176275467e-01
5.174955969697154767e-01
5.180639922951359999e-01
5.186712959100153730e-01
5.195654074657869437e-01
5.203751812658713449e-01
5.211665701033628695e-01
5.218552613630034198e-01
5.226275639406945395e-01
5.232655695167754972e-01
5.240302693456944105e-01
5.250414101995315441e-01
5.259087613337194433e-01
5.266498923370160901e-01
5.273263848136678922e-01
5.281039114339471929e-01
5.288925387385514654e-01
5.293931133795886090e-01
5.303502622347300299e-01
5.311789284413628298e-01
5.318603756748827571e-01
5.328270585062211406e-01
5.336124130530113252e-01
5.342141260033791417e-01
5.347732723619952333e-01
5.355874922508109259e-01
5.364815115021293046e-01
5.373603294747840708e-01
5.380347223153133518e-01
5.384930440816336761e-01
5.391808706761005432e-01
5.399537507529799107e-01
5.405297579166328248e-01
5.416259462690451443e-01
5.425534833744213303e-01
5.431820331007837233e-01
5.437315372109021716e-01
5.442806516074999434e-01
5.450996653346497078e-01
5.458879107978242828e-01
5.464640719800198942e-01
5.475195363361103906e-01
5.483088790941689217e-01
5.485170827604456401e-01
5.493128614939277732e-01
5.503258924065503876e-01
5.508192270568383897e-01
5.516516807454234783e-01
5.521245620055518222e-01
5.528001688945309855e-01
5.536318138321835169e-01
5.542149546609972388e-01
5.548015303464545189e-01
5.555965874994021059e-01
5.565002692427153397e-01
5.572295112924883220e-01
5.577361962758373704e-01
5.584066152132277638e-01
5.593972695476463475e-01
5.599866095569179247e-01
5.604725073059015905e-01
5.611910703252033228e-01
5.617496501575861556e-01
5.630478143932807766e-01
5.633065333587906620e-01
5.639595326782165241e-01
5.646777371961878567e-01
5.653724705643601300e-01
5.657978771730733936e-01
5.668296879444402192e-01
5.673907930241146591e-01
5.679018036637136779e-01
5.689440953495233932e-01
5.694923310809612005e-01
5.701405841274183040e-01
5.705693849053329325e-01
5.713161208016017678e-01
5.722419154006250785e-01
5.727798768249618977e-01
5.733860701903613633e-01
5.739298732798366887e-01
5.749544879209909087e-01
5.753416007667576659e-01
5.760840073070775391e-01
5.768184407127755486e-01
5.774567474792151600e-01
5.780443862233077823e-01
5.787293115265790266e-01
5.794358219143801447e-01
5.798367661753477398e-01
5.805271949576706891e-01
5.813614871241622462e-01
5.820276798834204124e-01
5.823477138844839196e-01
5.831634466069928191e-01
5.837049012916086799e-01
5.845467277881839507e-01
5.848839157138797651e-01
5.855724276652241045e-01
5.864046693967848167e-01
5.868668461069611597e-01
5.876208004976776200e-01
5.883312291896873880e-01
5.890267345955407796e-01
5.895541652250336773e-01
5.901048758159413987e-01
5.907353505101432534e-01
5.912323140544059052e-01
5.918763994981783849e-01
5.925137684931299775e-01
5.932440943936545530e-01
5.938692584690682397e-01
5.946607832369324997e-01
5.949722071454184302e-01
5.957277772685425354e-01
5.964137851026711790e-01
5.970432417031971140e-01
5.975974264682747394e-01
5.983222282957709748e-01
5.987583915342143959e-01
5.994224690044716031e-01
5.998870925074677452e-01
6.004583072592144521e-01
6.011894074042009040e-01
6.017604612710301115e-01
6.025781957612518225e-01
6.029062438825276704e-01
6.034857179210559863e-01
6.041589173726965578e-01
6.051071327466025496e-01
6.055685664789403067e-01
6.059019427727670992e-01
6.067647956241545293e-01
6.072529956357909375e-01
6.082146352537506351e-01
6.086082853522414293e-01
6.088365147274150679e-01
6.095657915766711232e-01
6.103303689496940576e-01
6.107886637406892971e-01
6.112883674268723144e-01
6.118968138394382805e-01
6.127075314416107199e-01
6.132423926095932343e-01
6.139202046933724954e-01
6.144701016604005028e-01
6.148824985425274114e-01
6.155522714789242178e-01
6.160789959401428151e-01
6.168185842160345267e-01
6.173630765908452167e-01
6.180132918297700506e-01
6.184833966810896477e-01
6.188758898996387092e-01
6.194333670092274646e-01
6.201524102518880532e-01
6.209601707234049250e-01
6.213978814730597433e-01
6.217072547320054987e-01
6.224039689732738800e-01
6.231744087931805343e-01
6.236513487018090496e-01
6.241016583552146946e-01
6.248404392432121979e-01
6.252221387379326423e-01
6.258811125058180158e-01
6.264258676594688380e-01
6.268931222109470625e-01
6.277481011154263379e-01
6.282286598688654466e-01
6.290085916914091024e-01
6.295745094024124411e-01
6.298354250951693212e-01
6.304327797380655518e-01
6.311201648947092346e-01
6.314732597850248874e-01
6.320806892094205098e-01
6.327500750309763555e-01
6.333402153142643209e-01
6.338101385074580429e-01
6.344973283333014136e-01
6.352101283018941613e-01
6.355597927067101471e-01
6.361214989803523068e-01
6.367128403903532519e-01
6.370395832126400926e-01
6.377521701316295477e-01
6.381305831190808853e-01
6.387257518555238267e-01
6.394354394355502569e-01
6.399983611077104673e-01
6.404240383753975197e-01
6.410598170784540528e-01
6.414454918348501122e-01
6.421595664080483878e-01
6.427135346105049551e-01
6.432856370177506555e-01
6.439629110880220608e-01
6.445030963610591801e-01
6.449319523223867590e-01
6.454707132382191404e-01
6.459917607153815577e-01
6.468045140126654768e-01
6.471853074683596718e-01
6.478447017388093698e-01
6.484230290141366204e-01
6.486388549752719612e-01
6.492307937411161411e-01
6.498506213611452420e-01
6.502613297041150986e-01
6.512190044095693686e-01
6.515085653234075069e-01
6.519668745950842892e-01
6.524078638236920913e-01
6.530473906279596896e-01
6.537371612242947050e-01
6.539173222258553020e-01
6.547649395839070241e-01
6.551245424354302793e-01
6.557275526886563455e-01
6.562775907054291258e-01
6.567849964020257003e-01
6.575348383939038088e-01
6.580334673276069246e-01
6.585849412504571898e-01
6.590920041096101079e-01
6.595599965064071757e-01
6.599846953122914250e-01
6.605720991147804311e-01
6.609991127208442174e-01
6.618806020349012886e-01
6.621132267037037611e-01
6.626907289751496899e-01
6.631143891216647601e-01
6.635619389859475081e-01
6.643443660900613112e-01
6.647785517596919158e-01
6.656507843210897057e-01
6.660253294444811178e-01
6.666224309303734330e-01
6.671432575109164098e-01
6.674771846476247328e-01
6.680544935445780208e-01
6.686126439961087575e-01
6.690709354978554568e-01
6.696002247120226292e-01
6.700359212444803036e-01
6.706467752655231873e-01
6.712364917814133136e-01
6.716985543249741619e-01
6.722607322517226702e-01
6.726900539984744798e-01
6.731953039835238961e-01
6.737109535517883385e-01
6.742119040223184534e-01
6.748006564546418229e-01
6.753573006488200470e-01
6.757367342647387920e-01
6.763260564252969731e-01
6.768277480812419089e-01
6.772434224030733363e-01
6.779710340755984443e-01
6.785477056067155122e-01
6.788306610504745153e-01
6.793376183289914216e-01
6.798711777181941640e-01
6.804705176792193999e-01
6.807522409002718655e-01
6.813564537435479185e-01
6.820733616720743298e-01
6.824302591901507675e-01
6.828929944732149426e-01
6.833906564616448742e-01
6.839807704605503913e-01
6.844887545293342201e-01
6.850661560389403881e-01
6.852519548864915988e-01
6.859521342481074146e-01
6.865380561890881417e-01
6.869613304965710432e-01
6.875342869626906994e-01
6.880196502598853181e-01
6.883687086384039366e-01
6.892718327325293437e-01
6.892878831705355758e-01
6.899523504122231365e-01
6.905553842935574504e-01
6.910393422768860150e-01
6.912713622125353785e-01
6.920478802060064938e-01
6.923627099100909676e-01
6.928335963670930742e-01
6.932447013672005109e-01
6.938560637098770689e-01
6.942741161234259328e-01
6.947697764295226452e-01
6.952756651290239454e-01
6.957513795978520488e-01
6.962004328267232811e-01
6.968392302095256507e-01
6.970800129076643037e-01
6.978667751084980386e-01
6.981582291817179931e-01
6.988073833993441175e-01
6.992764752407092388e-01
6.996518042432398055e-01
7.002134015736862782e-01
7.004179469959322946e-01
7.011143415308923599e-01
7.014737887453412757e-01
7.020339936472608233e-01
7.024563899535439804e-01
7.030400928549821460e-01
7.034571763286784352e-01
7.038941151672188923e-01
7.043465600147190697e-01
7.048867002918275393e-01
7.052940470606198220e-01
7.057120817235698063e-01
7.061955363095856475e-01
7.068226887423564309e-01
7.068870148001044074e-01
7.075143064771277635e-01
7.078352447771607547e-01
7.085747193448850290e-01
7.088476243996797432e-01
7.094667805094911905e-01
7.098762076325957349e-01
7.105783439732179518e-01
7.108262781342180592e-01
7.112116444365116363e-01
7.115486717409233997e-01
7.123560210372024137e-01
7.126525524755429331e-01
7.131115917939564453e-01
7.135418732988898505e-01
7.141899096556296733e-01
7.145463785313376226e-01
7.150772038742814196e-01
7.153741259189279056e-01
7.159450045750213043e-01
7.163477883779699740e-01
7.166474437331490366e-01
7.171491668309676326e-01
7.176064010836608054e-01
7.180508683647282009e-01
7.185534154746601176e-01
7.190775633811442580e-01
7.194879311939779143e-01
7.195841283026308544e-01
7.199809970225909961e-01
7.205755375656889283e-01
7.210896131318100810e-01
7.216902061850234418e-01
7.221925142792384733e-01
7.224013780849299904e-01
7.228671465169620447e-01
7.231231312467555350e-01
7.235042343056179437e-01
7.240407047375652105e-01
7.244920734465495338e-01
7.249666904713610860e-01
7.252926311546059601e-01
7.257536820237153741e-01
7.261626747420361072e-01
7.268144499348890841e-01
7.271539111116562815e-01
7.274192922368173386e-01
7.277931638166569295e-01
7.282167535041490503e-01
7.287257961317450405e-01
7.291008224540813654e-01
7.292757784497958529e-01
7.298471208292882650e-01
7.302983927660087193e-01
7.307974973638724503e-01
7.310315942185754423e-01
7.315833060361994766e-01
7.317730993856634836e-01
7.323967767845955823e-01
7.327994684801012459e-01
7.332220657406580688e-01
7.334374110257738666e-01
7.339835563449166322e-01
7.343538527432857954e-01
7.347336506359326558e-01
7.352359769184820815e-01
7.354242315976616817e-01
7.357596028666822940e-01
7.362950496742577400e-01
7.367440218086721559e-01
7.370766627688069006e-01
7.375228990528437389e-01
7.380413289844726110e-01
7.384768792062000875e-01
7.389425503081231694e-01
7.390767753165087273e-01
7.393289743145003978e-01
7.398743598704835556e-01
7.404242313412072729e-01
7.406242236434746884e-01
7.410055994818652847e-01
7.413103236449498645e-01
7.415943058002616439e-01
7.422016437291105717e-01
7.423355709767954780e-01
7.427294001659889844e-01
7.434184911400900653e-01
7.437538888386530100e-01
7.440291433300504353e-01
7.445829787352964413e-01
7.445105769417775798e-01
7.451153516732584858e-01
7.455110283284126504e-01
7.460449419745951438e-01
7.461409992301234473e-01
7.466384749385451824e-01
7.469423792458068645e-01
7.472300180732812658e-01
7.477811912601101119e-01
7.480132860092861824e-01
7.485397325734747254e-01
7.488883525981495648e-01
7.492401354651890832e-01
7.496945132136043632e-01
7.500597864144177285e-01
7.502116424015798923e-01
7.507786765885160474e-01
7.508973033944188469e-01
7.512189340331555387e-01
7.518364787375331204e-01
7.520969446060926655e-01
7.524081215583747761e-01
7.528767177303705704e-01
7.531197144488206430e-01
7.535146361872974152e-01
7.539498344742290303e-01
7.542531468891801039e-01
7.544143217235692589e-01
7.548806539032644203e-01
7.552712831540202565e-01
7.556884600484846670e-01
7.560070545643982065e-01
7.562373890395318599e-01
7.566503691873639470e-01
7.570324034699609239e-01
7.571880283649484733e-01
7.576228581604165235e-01
7.579870498445211435e-01
7.583197155668210954e-01
7.586382832904560169e-01
7.590531485520916055e-01
7.592097186619652938e-01
7.596872139458207274e-01
7.598735890352316114e-01
7.602566352778559189e-01
7.607379193422899588e-01
7.609265129547334583e-01
7.612306477944612570e-01
7.616522150409176239e-01
7.618712815077626210e-01
7.623580628820034732e-01
7.627259793615062122e-01
7.628651362922634904e-01
7.635169464471007750e-01
7.635752848626935485e-01
7.640475822328413047e-01
7.642271050885696138e-01
7.645574856257251195e-01
7.649033609012739765e-01
7.652671277405215244e-01
7.655923963641491081e-01
7.658066176652611468e-01
7.662716511630839333e-01
7.666091176542014773e-01
7.669000454211056805e-01
7.672988190617252569e-01
7.674141986847591301e-01
7.679228295312894303e-01
7.681570981886222116e-01
7.684705862928908893e-01
7.687680938132356312e-01
7.690709291765907007e-01
7.693218649935283926e-01
7.696907679765723209e-01
7.700445593989658777e-01
7.702433495627875049e-01
7.706975829301565550e-01
7.709088356489973703e-01
7.711792822864679264e-01
7.715339871986084397e-01
7.718437286621179227e-01
7.720663352788176281e-01
7.726345270517370745e-01
7.726963514645155406e-01
7.731685002123397377e-01
7.733583020327889912e-01
7.737801993225427166e-01
7.738926207800695956e-01
7.745054426262680813e-01
7.747407485562614049e-01
7.748235702477495046e-01
7.752021877604867717e-01
7.754564137175408156e-01
7.757569164045906573e-01
7.760273167532516503e-01
7.765427948916806544e-01
7.766932514949368427e-01
7.768812570151719665e-01
7.773147336784818062e-01
7.775190860599855425e-01
7.779128812407644089e-01
7.782670723036732019e-01
7.785630931101203966e-01
7.786998353602474499e-01
7.789444736332779007e-01
7.791861576684544488e-01
7.796315776192721536e-01
7.798658605796543464e-01
7.800926704673796230e-01
7.805917007740831304e-01
7.807294117792175081e-01
7.810523254677131932e-01
7.813253201178589347e-01
7.816931411145120467e-01
7.821155677101443437e-01
7.822798215790480736e-01
7.825934533706901952e-01
7.829451222124732546e-01
7.831419750167496474e-01
7.835042937049656597e-01
7.838641690810645990e-01
7.839885143646811994e-01
7.842825787753351374e-01
7.846276643669363171e-01
7.847981056570872971e-01
7.851970955309818256e-01
7.855145598209771762e-01
7.857003918700365963e-01
7.860435936372976995e-01
7.862888197680374391e-01
7.865780769273393869e-01
7.868562260253452179e-01
7.871921636102130471e-01
7.873618310087988625e-01
7.877502870510777466e-01
7.880001941999789095e-01
7.882375325943029587e-01
7.886428398491850400e-01
7.888403521717241018e-01
7.890971680683176448e-01
7.894512871178541724e-01
7.896297987987989098e-01
7.898849893019175283e-01
7.900933372073488670e-01
7.906206132023011479e-01
7.909075558078955126e-01
7.911615205905466741e-01
7.912184876779113640e-01
7.914658300903768540e-01
7.918736097471740232e-01
7.922779078697625987e-01
7.926295054916336902e-01
7.929110200256865859e-01
7.930339062861817556e-01
7.931608040873385779e-01
7.935013917894631064e-01
7.938475425053717061e-01
7.940163081953341973e-01
7.943038208207753303e-01
7.946576955258025654e-01
7.949852115863239588e-01
7.951711286835292380e-01
7.955083007116001692e-01
7.955376737680537325e-01
7.961152727850537847e-01
7.962849104401176215e-01
7.964398950100965990e-01
7.969739577291484744e-01
7.970439103600105435e-01
7.971979880144829389e-01
7.977051016707733533e-01
7.977577239526572050e-01
7.980639823573594249e-01
7.985947477623708268e-01
7.986280428360035266e-01
7.989083255151158136e-01
7.991823474062988986e-01
