6.913734696907692517e-03
6.648310175817722517e-03
6.462425053616537365e-03
6.621953762989460542e-03
6.831145160967924158e-03
6.869124834564315114e-03
6.755042770549590445e-03
6.621383072448579904e-03
6.504264703532217778e-03
6.321515217680045637e-03
6.195536788359889274e-03
5.493030672793533867e-03
5.786910130693203799e-03
7.289304515940331179e-03
8.106235970396755836e-03
1.008233590059845128e-02
1.188669671065895918e-02
1.073600757764472252e-02
1.013021100912313115e-02
1.041421885690312424e-02
1.035408391375508552e-02
1.101853288000932858e-02
1.305083825483150349e-02
1.620848453183243443e-02
1.547195832255831953e-02
1.854767162462121061e-02
2.260801551953576377e-02
2.260077345331852269e-02
2.532058677380015846e-02
2.492223481704531826e-02
2.490391476609841309e-02
2.412446153208609029e-02
2.612333149492343867e-02
2.750827760396847010e-02
3.296781370958738744e-02
3.607698282253482547e-02
3.868448871712142773e-02
4.196255814817512197e-02
4.311087338955049697e-02
4.272568595394668489e-02
4.492823197873332258e-02
4.571958021905902364e-02
4.685930058677745952e-02
4.851376286437500407e-02
5.014022152284045020e-02
5.311186649055479880e-02
5.544995331295040492e-02
5.850521188804915645e-02
6.140302718088681139e-02
6.406455175112010791e-02
6.483553659021519533e-02
6.664063761756380821e-02
6.942887923611315570e-02
6.957968812117112933e-02
7.119066656048987640e-02
7.553809593011800994e-02
7.889763748125747100e-02
8.205143482885715600e-02
8.394561140039670522e-02
8.426786960210938537e-02
8.673660551337589175e-02
8.827793528005838108e-02
9.155539350595467973e-02
9.306014924840383395e-02
9.485622439723510879e-02
9.874106559233788993e-02
9.992619537138415498e-02
1.006687557633999391e-01
1.034661162723283789e-01
1.057435569753410048e-01
1.078604890423307122e-01
1.119472079098840084e-01
1.135123494186077026e-01
1.144656582999051819e-01
1.185120261504290923e-01
1.200349990602440492e-01
1.225779427263771204e-01
1.240844773731672457e-01
1.251600667926535682e-01
1.282259194994338214e-01
1.312269570626434234e-01
1.336353970487912102e-01
1.364981951354661271e-01
1.396185286834369932e-01
1.406790003646732901e-01
1.423927765017537206e-01
1.450759085850779617e-01
1.473839627871005864e-01
1.500353218041196313e-01
1.513787714416066632e-01
1.532698055902208256e-01
1.564882189479185892e-01
1.589020253211654021e-01
1.602872518431077142e-01
1.624090048496371341e-01
1.654516676824551447e-01
1.668306956675296160e-01
1.700515172034081368e-01
1.713958691941092072e-01
1.741042000339789175e-01
1.759329562165909133e-01
1.787293100061352891e-01
1.800613360559576992e-01
1.834977054659334139e-01
1.849864678394814166e-01
1.853632793654648447e-01
1.889997694596564637e-01
1.904519331148346872e-01
1.930453616434815445e-01
1.946779259650778249e-01
1.968194302672781892e-01
1.987306392005323830e-01
2.007237851435509091e-01
2.035369117118184801e-01
2.062262929228772246e-01
2.070827485021814462e-01
2.094955847518402414e-01
2.126890157747728938e-01
2.147286094972004067e-01
2.159953902792239311e-01
2.179574685673654477e-01
2.196406153260444805e-01
2.214994480313559055e-01
2.232242321298904819e-01
2.262427168909455222e-01
2.289308625793963214e-01
2.306025776042673336e-01
2.318968062638467054e-01
2.342710158071933668e-01
2.366882101288844964e-01
2.380190711610926657e-01
2.401295668403742034e-01
2.424707741905910707e-01
2.439502624457774993e-01
2.453513745327149942e-01
2.480031183982933374e-01
2.507152979256700442e-01
2.523633197691133589e-01
2.540773071866458399e-01
2.557567126082321285e-01
2.580242602076930902e-01
2.596866198555061178e-01
2.618204586423044655e-01
2.641728916275160599e-01
2.658621349297329850e-01
2.679936262342839104e-01
2.694353115876478855e-01
2.713849417252015561e-01
2.737992857872366126e-01
2.755936230124412245e-01
2.765551089006678120e-01
2.785015190814960073e-01
2.804466136332925408e-01
2.823054579361689020e-01
2.844486985456198269e-01
2.864285723855347632e-01
2.873344531243202660e-01
2.894660275772438784e-01
2.927578877904720711e-01
2.939742097424885015e-01
2.960825661302346479e-01
2.975046626964858443e-01
2.991082820318162194e-01
3.007752377526892729e-01
3.026313798166189728e-01
3.050511206509641249e-01
3.067706487240217661e-01
3.083631156909832916e-01
3.095172395414855782e-01
3.115578755309079684e-01
3.138317325607420938e-01
3.161231920842393905e-01
3.176562228205642158e-01
3.193960533407838032e-01
3.208855642338193648e-01
3.225484401023834824e-01
3.242260146905223683e-01
3.256230596278593681e-01
3.271542950819309459e-01
3.288980953301672283e-01
3.300017238519683538e-01
3.317931829737026383e-01
3.343198520154245235e-01
3.359950443010422672e-01
3.371795823495095656e-01
3.389368603624805520e-01
3.408934421714359675e-01
3.424904922647313277e-01
3.444350081155846399e-01
3.453154566284692972e-01
3.475814269518861521e-01
3.485498439144623095e-01
3.505226844843919443e-01
3.525451140364617708e-01
3.536381911768621822e-01
3.556649657330591130e-01
3.568602100093639096e-01
3.587614645413885750e-01
3.605455476056813602e-01
3.621029540817943260e-01
3.636063068441936497e-01
3.644757013136470380e-01
3.663588129424830142e-01
3.680805205756188525e-01
3.692711848506394223e-01
3.710753188599686947e-01
3.731769834464433999e-01
3.742765703141994194e-01
3.757408177065217902e-01
3.773455626261819074e-01
3.788441509247340577e-01
3.797625653048273819e-01
3.813906673423939075e-01
3.834583357241144186e-01
3.844811434559003982e-01
3.860298502972318579e-01
3.877742034308688246e-01
3.890744269713845016e-01
3.905107239194955393e-01
3.921928301821517304e-01
3.939244769962082504e-01
3.952034894823497346e-01
3.964477212967479902e-01
3.977784830089333701e-01
4.000226508002178716e-01
4.007413274235241962e-01
4.026202301018282914e-01
4.039411605521053827e-01
4.055227590235183088e-01
4.067049907428818001e-01
4.077745507394267555e-01
4.093526936855447773e-01
4.105871419976766523e-01
4.125089933481166371e-01
4.138795924641451851e-01
4.143005493326777366e-01
4.157865479119478569e-01
4.176762268710139114e-01
4.192208849378472046e-01
4.207479326852243684e-01
4.216939144073413304e-01
4.228241005158020482e-01
4.242853908339373481e-01
4.259592071781414524e-01
4.272245857120626766e-01
4.283982635028143471e-01
4.300914840700407193e-01
4.312680197961327733e-01
4.324536264658644380e-01
4.338991921898670556e-01
4.349035497301174669e-01
4.362394140846841961e-01
4.373561203455881841e-01
4.388320707528832743e-01
4.404284135732328131e-01
4.417099140124298717e-01
4.430379168392654110e-01
4.442803515743484755e-01
4.448549093885432182e-01
4.463535711514507454e-01
4.477977864203640523e-01
4.491297272886257685e-01
4.502688963055037630e-01
4.516763712538057196e-01
4.527139959264872004e-01
4.539237567525192807e-01
4.553379059028889730e-01
4.566824027785315598e-01
4.577863251916721166e-01
4.590526875189116507e-01
4.605402628781975483e-01
4.619140263913336653e-01
4.630218476222932589e-01
4.639760891035564216e-01
4.645197957678239287e-01
4.664081557676944545e-01
4.677176984766535650e-01
4.687519170110245881e-01
4.703415572258884403e-01
4.708791720000714554e-01
4.722451055677061027e-01
4.736572797507552779e-01
4.755121626734732931e-01
4.755405190822544759e-01
4.765641676257859616e-01
4.779532329489650788e-01
4.793392971153573323e-01
4.804667372943459691e-01
4.818820730929842533e-01
4.827207496224230621e-01
4.838385524640370638e-01
4.851152156129570625e-01
4.863076296593530912e-01
4.875177354488161585e-01
4.883649813333509893e-01
4.895414525031738240e-01
4.905345228168664362e-01
4.919366225227703171e-01
4.927452395891562253e-01
4.938643878010358090e-01
4.952992006639898581e-01
4.964789540150491565e-01
4.973509169941865982e-01
4.986504821130193221e-01
4.996045857920801692e-01
5.005607387301022060e-01
5.015798690554277295e-01
5.022919495948673374e-01
5.033727776548679866e-01
5.044585170491641124e-01
5.054980119611790501e-01
5.068459640806896038e-01
5.075340734458696490e-01
5.089277813494462732e-01
5.098784700699071637e-01
5.109373909398694513e-01
5.122813335705005411e-01
5.133625315143730550e-01
5.144697994936962004e-01
5.152582500899006712e-01
5.164196618764809177e-01
5.172669149058628513e-01
5.186125741678336842e-01
5.195529540345005248e-01
5.205854370530098585e-01
5.213587602853693159e-01
5.226285101184596771e-01
5.235412542651061152e-01
5.243090974097818213e-01
5.252624701283433728e-01
5.265505859120580556e-01
5.273787691347063822e-01
5.282988378743646019e-01
5.289351519155746084e-01
5.303955021940800485e-01
5.313420209743747735e-01
5.321772201887926546e-01
5.331094851742927965e-01
5.340347826901519213e-01
5.346694561168807702e-01
5.360300548117785668e-01
5.370503916643639686e-01
5.375519296759326826e-01
5.388692645581777407e-01
5.395701897749288767e-01
5.405281970158190008e-01
5.410981488669149853e-01
5.424549747760312179e-01
5.431380165905127511e-01
5.444076568785333192e-01
5.452180780778520530e-01
5.459510998351388977e-01
5.468239486428296825e-01
5.478204011418461583e-01
5.488740211508851274e-01
5.494636655836120376e-01
5.506322197151656272e-01
5.514281812990217135e-01
5.522488116226293986e-01
5.528630555370748212e-01
5.537015680629496783e-01
5.548644698005132936e-01
5.556877120841601236e-01
5.567238148968745026e-01
5.576038272305970933e-01
5.585081553405271126e-01
5.590424656170526196e-01
5.601710186956945225e-01
5.608531743772576794e-01
5.615492918356639329e-01
5.627582369743480140e-01
5.636076910876983703e-01
5.643820301298059228e-01
5.649678895403111856e-01
5.658492946284126024e-01
5.666199328571992488e-01
5.672820308733527161e-01
5.683516521993144943e-01
5.692862345501062959e-01
5.700681475651332430e-01
5.709300212108661121e-01
5.717972714268888534e-01
5.726844434431875852e-01
5.732940983036367566e-01
5.738260862937312190e-01
5.750586879943511143e-01
5.759711503489981510e-01
5.765927137784470080e-01
5.774661458582067697e-01
5.784649136097423927e-01
5.792685138968607372e-01
5.797143128639440368e-01
5.806619746460368603e-01
5.816788703527145943e-01
5.823934748162693520e-01
5.828804220134106151e-01
5.837841458940801198e-01
5.846886000236686254e-01
5.855843127108437685e-01
5.861133619445347831e-01
5.868252380257876766e-01
5.876362616379240400e-01
5.883521214718033798e-01
5.891569983648254905e-01
5.898523058372614480e-01
5.904470223876961965e-01
5.912595783268935756e-01
5.920313226586921829e-01
5.928128339593208285e-01
5.937241051880807197e-01
5.944655862296963633e-01
5.949404674430927020e-01
5.959391559355760037e-01
5.968408664409166065e-01
5.974378645356390738e-01
5.980281565422849166e-01
5.990354641871992181e-01
5.997017839286489238e-01
6.000230277229603448e-01
6.008572005999021082e-01
6.020388127698812486e-01
6.026759374599575114e-01
6.032301966776907332e-01
6.039482100919252305e-01
6.044232766990890182e-01
6.053555655135525182e-01
6.058600874544224357e-01
6.064908146480814111e-01
6.075971492738535540e-01
6.084039665710676559e-01
6.085933339146475385e-01
6.092241259106828677e-01
6.101281611189437459e-01
6.108472744594015680e-01
6.118031748830192740e-01
6.124975364200169192e-01
6.128926498419258184e-01
6.141579438025780435e-01
6.146122701130091182e-01
6.151089268405164345e-01
6.155935099207927585e-01
6.164062223069408653e-01
6.169743334258066536e-01
6.173873256829179867e-01
6.183513323955027730e-01
6.189480457089591159e-01
6.198823923578862249e-01
6.202528998783667369e-01
6.208692906344970286e-01
6.216858508952766149e-01
6.221687169753292723e-01
6.230796518777582671e-01
6.237717879781132790e-01
6.243307687119148408e-01
6.249874984571515135e-01
6.254340118561847461e-01
6.262019409166912354e-01
6.267861589193359784e-01
6.273940124460494205e-01
6.281622107735028715e-01
6.288607439357549733e-01
6.295089116321184175e-01
6.301278532411547229e-01
6.304272383690168180e-01
6.312416946659129557e-01
6.316408172279948108e-01
6.322011278797079470e-01
6.331807779192014651e-01
6.335745304913367182e-01
6.344207266239717535e-01
6.350987900967800526e-01
6.354429592423994633e-01
6.361409239167212792e-01
6.368206317250951765e-01
6.374072071786494043e-01
6.377731588362965942e-01
6.386134549120697779e-01
6.393585697250636635e-01
6.399314142391865357e-01
6.404802460729208669e-01
6.410015628327827564e-01
6.417738865110649282e-01
6.423183008800167348e-01
6.429489478628471755e-01
6.433335604828791521e-01
6.436055071130517558e-01
6.446120221268282213e-01
6.451779571560729565e-01
6.455792377045539432e-01
6.460234832040815389e-01
6.468886391995651852e-01
6.475205580069767208e-01
6.483637169996909755e-01
6.487895776092726940e-01
6.490845776319692506e-01
6.497118855532307835e-01
6.502399991789818978e-01
6.510844473255902320e-01
6.515037795647087293e-01
6.518693040586902576e-01
6.526016489109085494e-01
6.531447107991390499e-01
6.536079557848573085e-01
6.545472702392755027e-01
6.550397988831558882e-01
6.556464554978829185e-01
6.560634136246425996e-01
6.565466909417330132e-01
6.571544145739625087e-01
6.576359678536901621e-01
6.581756022093543379e-01
6.586155877382844359e-01
6.592658280091903134e-01
6.598656877205527627e-01
6.604098249714718261e-01
6.612293993330468078e-01
6.614497781453780867e-01
6.619517771562857256e-01
6.625705942574785512e-01
6.629982008349454281e-01
6.634387930570730951e-01
6.641880643717895660e-01
6.644469782198487717e-01
6.649876165560592023e-01
6.659474008315926508e-01
6.661679120956711664e-01
6.666582812030685812e-01
6.672403288198516247e-01
6.676194417927842073e-01
6.689214834841976653e-01
6.690730394145946169e-01
6.693851146527550755e-01
6.700325707065367675e-01
6.706217391972552067e-01
6.711257487043600367e-01
6.716760709584305156e-01
6.718787195259868783e-01
6.725433345655994488e-01
6.727721826646961834e-01
6.732869861094031849e-01
6.742628479672773123e-01
6.745490473063003867e-01
6.750444946988257700e-01
6.755251774751992455e-01
6.760590008778699644e-01
6.765617429292845042e-01
6.771516713208518556e-01
6.774713672768919448e-01
6.782163472387179315e-01
6.784067275248111262e-01
6.789420056160366812e-01
6.794888757170316484e-01
6.800090589284190079e-01
6.804548986814932254e-01
6.810336249128016162e-01
6.815439254650280665e-01
6.818809102537797262e-01
6.823700672260066824e-01
6.830939088293728201e-01
6.834819870252962781e-01
6.837699512629528131e-01
6.843983426209291343e-01
6.850271163161548715e-01
6.854548092630281531e-01
6.860070146373565825e-01
6.862767563973821705e-01
6.866818949987166798e-01
6.871842384454502906e-01
6.878868872164757287e-01
6.880738903125532824e-01
6.887112270829868210e-01
6.891519921587822006e-01
6.897014044425876511e-01
6.900783482400253410e-01
6.907961836922045240e-01
6.912046169977377197e-01
6.916136114572413174e-01
6.921202660310767918e-01
6.924050878367729034e-01
6.930158399386314727e-01
6.935290746297395614e-01
6.937213639205275229e-01
6.941404488059833566e-01
6.947009828499774997e-01
6.954941073616167646e-01
6.957061092998322316e-01
6.962225749427013444e-01
6.965021214850181108e-01
6.967906207202289037e-01
6.974896958225795807e-01
6.978499347219039306e-01
6.981908618160381774e-01
6.989292135468642142e-01
6.992343538600530595e-01
6.996760358181117745e-01
7.002937896912265758e-01
7.007463775517710491e-01
7.011335137382475047e-01
7.015958908667846439e-01
7.018592979252626929e-01
7.023679106551274920e-01
7.028696603403191689e-01
7.032418556186114111e-01
7.039275874730412941e-01
7.042014151299013092e-01
7.046158327933929044e-01
7.051239018532888814e-01
7.054130976492060112e-01
7.059542825273187328e-01
7.063210688562405748e-01
7.067405930447605567e-01
7.070780139206773729e-01
7.075794297293601653e-01
7.082477092313236300e-01
7.081990794065829986e-01
7.088365969740800798e-01
7.092723832263413408e-01
7.096091341659687135e-01
7.101413735797257321e-01
7.101657003906975962e-01
7.108614622168856201e-01
7.112467821270554991e-01
7.118412977502529548e-01
7.120235818165602248e-01
7.125482961933984338e-01
7.131114932424525987e-01
7.135021500825675655e-01
7.138798989935617456e-01
7.143191397635082485e-01
7.145376301320394141e-01
7.151333439546674331e-01
7.154865634103028116e-01
7.159010761900771458e-01
7.162044290166780236e-01
7.167936286037499549e-01
7.171792490960217092e-01
7.175009559288553218e-01
7.177437242296709208e-01
7.183377827088642809e-01
7.188194809116363881e-01
7.190849090718732795e-01
7.195272610637880595e-01
7.199926670996279476e-01
7.203964307040428006e-01
7.205592780449776580e-01
7.210616293642014840e-01
7.215640597947694523e-01
7.220121364175863254e-01
7.223758935035765605e-01
7.227531009779650795e-01
7.230960782123735386e-01
7.234431337823222785e-01
7.238892082274831496e-01
7.240651685707609753e-01
7.245794829147657046e-01
7.249107374131337211e-01
7.254948742421355457e-01
7.260111419079966488e-01
7.262700512737727543e-01
7.264432879402110688e-01
7.269501373041497017e-01
7.274421012740370784e-01
7.276577277331454097e-01
7.280236187682240789e-01
7.284499311160456125e-01
7.288743891724129842e-01
7.292571863477946836e-01
7.296650683482758248e-01
7.300966180404613315e-01
7.304835563086866657e-01
7.308121654256517497e-01
7.312175176409396737e-01
7.316619447088353878e-01
7.320385593762935850e-01
7.322867781308977086e-01
7.327420630208369978e-01
7.331514632651492391e-01
7.333040577039647845e-01
7.336795569351631796e-01
7.339798152440130119e-01
7.343862088250234788e-01
7.350909035549932913e-01
7.350577627239336387e-01
7.358597846685621668e-01
7.358392558007915696e-01
7.363533106136012085e-01
7.368615283733320753e-01
7.370530428017342262e-01
7.373693597206409933e-01
7.377419861937076773e-01
7.378842779139616059e-01
7.384403849144282050e-01
7.390600940762469540e-01
7.393580862585484859e-01
7.394616965640136153e-01
7.399614374629583935e-01
7.402723085756285348e-01
7.404265007808443766e-01
7.410155768097240747e-01
7.413234424807038092e-01
7.417749516173622881e-01
7.420426969340436774e-01
7.423740940531363686e-01
7.426769479279079489e-01
7.429952646545401329e-01
7.433674609459796079e-01
7.440956743682960450e-01
7.442264310475475986e-01
7.443556219638621796e-01
7.447210164489834749e-01
7.450566552514323870e-01
7.458938328514240768e-01
7.460890272901457010e-01
7.460248271903741069e-01
7.464073226057269528e-01
7.467258676055927857e-01
7.474026182859688783e-01
7.477126681214889548e-01
7.481843818934491575e-01
7.483334312497684770e-01
7.483117126209977155e-01
7.491303287259583055e-01
7.495160852007259900e-01
7.494346685613068049e-01
7.499245918510630826e-01
7.504079083647670068e-01
7.503588529070690516e-01
7.509198655302615766e-01
7.514492832069596950e-01
7.516272287007681463e-01
7.519988626411729937e-01
7.521448952143495736e-01
7.527470064775255709e-01
7.529692537498183791e-01
7.534740333320347760e-01
7.538410295524248239e-01
7.540571029402020065e-01
7.543504440898562979e-01
7.544490053965472454e-01
7.547544792868347008e-01
7.552000911353033974e-01
7.554968262554137004e-01
7.559860401232734173e-01
7.561305773754360970e-01
7.563666947528893125e-01
7.566894342292016518e-01
7.570114090776287608e-01
7.572279933134967722e-01
7.578119053255947257e-01
7.580056915384224547e-01
7.585608966186164759e-01
7.586698121076641543e-01
7.590466703707114959e-01
7.593191310455017495e-01
7.595058952628153115e-01
7.597414595323255249e-01
7.604209347068757729e-01
7.605565388977602037e-01
7.608716394298258301e-01
7.612346193672682171e-01
7.616707059391545354e-01
7.616898675336359892e-01
7.621455008221110772e-01
7.623587642662335018e-01
7.628737984546429818e-01
7.630742195733695166e-01
7.634478080883627671e-01
7.636189840690730257e-01
7.638479589673790038e-01
7.644957253390536334e-01
7.646053722364258842e-01
7.648132949701120786e-01
7.651208571518144375e-01
7.654960142630199416e-01
7.655565720315830047e-01
7.661348084681753878e-01
7.663537527063152277e-01
7.668685418393456077e-01
7.671048865944889439e-01
7.672785375194369761e-01
7.676299919026401408e-01
7.677419232410387373e-01
7.680806128496994178e-01
7.684883829291803137e-01
7.690336383047541302e-01
7.691579285022680512e-01
7.690760559391398576e-01
7.694822140818762257e-01
7.698714795992708249e-01
7.701697038697603581e-01
7.705650069191469775e-01
7.708661656064843548e-01
7.710510960140237735e-01
7.713293543032002653e-01
7.717215826908123688e-01
7.718429653283584990e-01
7.723296079345394194e-01
7.726521942665022236e-01
7.727325510440025136e-01
7.732868921796240969e-01
7.733459791265273608e-01
7.738480574624071462e-01
7.739279734012324274e-01
7.740752835604578497e-01
7.744216575737518093e-01
7.746855326199956204e-01
7.751884662836610040e-01
7.755319628344168326e-01
7.754714329554422969e-01
7.758891496983737479e-01
7.761576228602123928e-01
7.764686914155702890e-01
7.768510473966382390e-01
7.771401980022634159e-01
7.772426948967186000e-01
7.774926076813168940e-01
7.778693357499065764e-01
7.780534376704362209e-01
7.785330503241878475e-01
7.787545484090595549e-01
7.789355259138771581e-01
7.791939576342195029e-01
7.794988637430870781e-01
7.796223847970287224e-01
7.799500331548584464e-01
7.802075215975651235e-01
7.804780156133449553e-01
7.809175077676662191e-01
7.810872548837221041e-01
7.813316758799833117e-01
7.817185093725236289e-01
7.818732560966246137e-01
7.821414804750549399e-01
7.824444064468930593e-01
7.826364093685039824e-01
7.830874154975898671e-01
7.832019988920994047e-01
7.834502690442723960e-01
7.836657012908908593e-01
7.840108471390345724e-01
7.842089831091250129e-01
7.845286490721485873e-01
7.847597662555163556e-01
7.850743739367603835e-01
7.852391751731722103e-01
7.855920326344966176e-01
7.858651698485553672e-01
7.860409034389452820e-01
7.864625525587883859e-01
7.863819667328209029e-01
7.867575162013050738e-01
7.873661638142587238e-01
7.872405194286637986e-01
7.875572680916463897e-01
7.878094736307388324e-01
7.880968393787550763e-01
7.883676269670140124e-01
7.889354683954103997e-01
7.889420020716013671e-01
7.890540929624727529e-01
7.894233556242498118e-01
7.893857445417989949e-01
7.897163895828116509e-01
7.901161330888238910e-01
7.902431144786692396e-01
7.905247743180042752e-01
7.908022627869327748e-01
7.910488725297671886e-01
7.914172577552939236e-01
7.915908185753819382e-01
7.916315990063810260e-01
7.921216111927179560e-01
7.922379796735070645e-01
7.925465141231121668e-01
7.927789889690555203e-01
7.930852711063256510e-01
7.934372482542813021e-01
7.934691688908660501e-01
7.937543603353915955e-01
7.939515211448667786e-01
7.942511498008306692e-01
7.943201222124209870e-01
7.947475770917030724e-01
7.950770938942255395e-01
7.949997765225067514e-01
7.952248517367310754e-01
7.954401968905118192e-01
7.957720350443605595e-01
7.961579428005082226e-01
7.962811880727691527e-01
7.966078510053236084e-01
7.968089218650072914e-01
7.970977629366449158e-01
7.972477726193464287e-01
7.975349852596111955e-01
7.978188334019630235e-01
7.977834062056801123e-01
7.982489868723434689e-01
7.983799680091349105e-01
7.988011583861421849e-01
7.988113319340996998e-01
7.991961800337172850e-01
7.993518736912570422e-01
7.995429108364533466e-01
7.998157293036132209e-01
8.000472207922031398e-01
8.003884665975106172e-01
8.004118256882668536e-01
8.006443847100109812e-01
8.008520521392149538e-01
8.010599147367336581e-01
8.014489347953385190e-01
8.016121014797722433e-01
8.018423048773192230e-01
8.019287506982516467e-01
8.021370473817305280e-01
8.025061520022133132e-01
8.026441637540936425e-01
8.028802624740188909e-01
8.031721828196203283e-01
8.033935576268927958e-01
8.034782931366787340e-01
8.038383718711508141e-01
8.040652274891801898e-01
8.042623566569162552e-01
8.043671749096052981e-01
8.046434431561797496e-01
8.048091053474260015e-01
8.050623021929232959e-01
8.052056762598032158e-01
8.055423969968354969e-01
8.057250134027850175e-01
8.058486466237870793e-01
8.060467081282868262e-01
8.064002755503762998e-01
8.065107372109495687e-01
8.066633444812137954e-01
8.068821028473839307e-01
8.072815886387797457e-01
8.075486330399190837e-01
8.076959643583578874e-01
8.078285127263369336e-01
8.081326970197636461e-01
8.081967723840479678e-01
8.084494249362742524e-01
8.088205056259946124e-01
8.088928529415627677e-01
8.091755681727001992e-01
8.094619207180692166e-01
8.096273999030288993e-01
8.098117703543996626e-01
8.099590788106574291e-01
8.101234538309028954e-01
8.103032370968880072e-01
8.107735799652842079e-01
8.108455844290073378e-01
8.110591937045275035e-01
8.111908923733665011e-01
8.112154041015859907e-01
8.115637785321085929e-01
8.116794197051941939e-01
8.120096067839343013e-01
8.122207674326341609e-01
8.123650971698131995e-01
8.126636330609986469e-01
8.128643007112679175e-01
8.129956044087116585e-01
8.134054194605705446e-01
8.135213301761983207e-01
8.136250066039637519e-01
8.137667640601080610e-01
8.139289012626156339e-01
8.143475011152699894e-01
8.146057653226165263e-01
8.146097851120747135e-01
8.146796975865219226e-01
8.150924173618460111e-01
8.151704071245425842e-01
8.155507382252786819e-01
8.156234999412720343e-01
8.157853896142011063e-01
8.160978526858031490e-01
8.162736492808819744e-01
8.161700980273879358e-01
8.166209375480465438e-01
8.169106330568591812e-01
8.170880847289458959e-01
8.170960771174266002e-01
8.174154414813543656e-01
8.177076823479277889e-01
8.179702537025894671e-01
8.179896312022164606e-01
8.182376139316592800e-01
8.185915559803632613e-01
8.187387509431807153e-01
8.187785561676251822e-01
8.189466117274575296e-01
8.191164996395217113e-01
8.192740723127452940e-01
8.195226119321291636e-01
8.196971669689905315e-01
8.198621776110185388e-01
8.200494741512018848e-01
8.204057606528790680e-01
8.204693366427947554e-01
8.206913551639408722e-01
8.208305503266845049e-01
8.210978762840650536e-01
8.211063448040240020e-01
8.215082128700701425e-01
8.215027527792642115e-01
8.217809665885728032e-01
8.220278346267336778e-01
8.222217321316703798e-01
8.223262373308172224e-01
8.226909842373758552e-01
8.227586192803140186e-01
8.230299920411507930e-01
8.231378700541479576e-01
8.232855900267265215e-01
8.235846961569279756e-01
8.235899754749305135e-01
8.238309429205672441e-01
8.239176157513008469e-01
