1.844750309446957157e-02
1.780462299462041639e-02
1.731263322876683275e-02
1.695005349212576340e-02
1.649779526277562677e-02
1.619715592025434969e-02
1.560303560728427616e-02
1.514541830322149035e-02
1.511663466271996256e-02
1.479459650323908769e-02
1.464522634807630813e-02
1.282889559681128083e-02
1.337324223344925345e-02
1.670519265770920025e-02
1.838832139398248466e-02
2.264626349503820468e-02
2.661233064929436135e-02
2.462799337576480549e-02
2.336572580836674198e-02
2.382984492592360795e-02
2.402207768838661092e-02
2.481682616163476476e-02
2.952861198763283984e-02
3.475661795005901417e-02
3.430410828281173913e-02
4.046577351914153187e-02
4.769325459337241113e-02
4.922733729204005482e-02
5.386548024916191363e-02
5.255786579005625875e-02
5.309692418040577039e-02
5.387053315956096683e-02
5.748215327087610738e-02
5.917279534454850803e-02
6.691594443117546143e-02
7.339281078540051129e-02
7.944107861509902557e-02
8.422449900710708703e-02
8.601549715048330269e-02
8.660795867077780708e-02
8.991326797685811334e-02
9.193524353734945642e-02
9.478893472400189146e-02
9.794017587462272578e-02
1.016789251748672768e-01
1.078754529885424251e-01
1.127836505992458882e-01
1.165666598265669429e-01
1.199436821151927679e-01
1.252472891148797285e-01
1.275523383538031408e-01
1.292860854867725617e-01
1.337585984823940199e-01
1.346362777290598389e-01
1.390348283726902667e-01
1.445263255350261455e-01
1.495751483790360992e-01
1.538673968335609321e-01
1.577700254938997904e-01
1.606445770531496342e-01
1.642262225321890756e-01
1.673199338223221033e-01
1.722136145269823893e-01
1.747360370137859276e-01
1.785270732843975972e-01
1.818975677432059512e-01
1.849630380727774748e-01
1.893251764978932106e-01
1.923195901991674728e-01
1.955598693237937946e-01
1.977658453438487784e-01
2.039866839695431699e-01
2.078353620298629134e-01
2.084274516024324786e-01
2.146571731319593945e-01
2.171757353631924015e-01
2.201586875807410582e-01
2.232772135148326509e-01
2.269537286516215557e-01
2.291705734610207934e-01
2.333525619863015543e-01
2.366001319443097328e-01
2.395398551447917579e-01
2.434433189650799523e-01
2.474765420380578285e-01
2.516260047873808969e-01
2.547791210845658516e-01
2.576585861684562717e-01
2.608935277508972472e-01
2.635527025258744827e-01
2.672666063190409780e-01
2.707084941431772140e-01
2.732935261672598259e-01
2.764083331703495738e-01
2.794521972949822741e-01
2.818225657204597723e-01
2.848926916258177622e-01
2.881958424573418664e-01
2.906561646912854124e-01
2.944187319302210004e-01
2.993166020802238703e-01
3.014731325108137017e-01
3.049611142633602001e-01
3.067361750217184602e-01
3.097794207135819988e-01
3.115003109773308854e-01
3.152507348324444236e-01
3.184511679854705735e-01
3.224395944684691484e-01
3.252602513697467335e-01
3.268893250486872293e-01
3.293694320994955960e-01
3.322706856649177976e-01
3.356245523399721264e-01
3.372021418807990001e-01
3.401400847827835694e-01
3.441922037688357472e-01
3.461136762972287784e-01
3.487099077836491312e-01
3.513852347803602671e-01
3.540153352041836010e-01
3.567800960750401873e-01
3.611396967608894171e-01
3.629291601585850069e-01
3.643212593185047865e-01
3.669794867991703069e-01
3.695431183593727575e-01
3.726594078794439602e-01
3.758154783469063176e-01
3.776848243884642908e-01
3.806618791551630299e-01
3.826092486499551582e-01
3.846039571270897239e-01
3.876632591138295947e-01
3.897247219933875906e-01
3.930464768659256425e-01
3.952571234634638109e-01
3.973049431778652441e-01
3.998510581376192863e-01
4.016384243780750096e-01
4.040842608528040225e-01
4.066919405241394836e-01
4.088668964461941169e-01
4.119778937184872536e-01
4.132719205202424195e-01
4.152191863740133382e-01
4.175842082040252534e-01
4.197642700663176685e-01
4.212653203981334138e-01
4.241458741735564253e-01
4.268797690981945281e-01
4.285535662188656447e-01
4.313801586912514030e-01
4.329762063770741243e-01
4.353196029608349948e-01
4.373783405970586013e-01
4.395994321524430148e-01
4.415003997705063687e-01
4.431660578948378171e-01
4.458088217539827869e-01
4.477873695356743844e-01
4.500898946678996149e-01
4.518705266674931109e-01
4.534288488482730584e-01
4.554073087855796120e-01
4.572186958529843581e-01
4.596541186884831598e-01
4.617586428236377105e-01
4.640770541129278226e-01
4.652676065467928890e-01
4.673914791574949046e-01
4.686018798662307527e-01
4.714377658887967670e-01
4.729643077888079916e-01
4.749267368042244808e-01
4.766274149877995359e-01
4.783774922892740089e-01
4.806805941725517672e-01
4.823829235393922721e-01
4.844368161666669503e-01
4.863058410585500702e-01
4.872864624634911657e-01
4.892152790725671774e-01
4.911114403907690940e-01
4.929557607502400018e-01
4.947780433998214544e-01
4.965302616033933081e-01
4.982904573819723626e-01
4.998510848952859020e-01
5.021680061794792094e-01
5.035972325691456808e-01
5.050998168660617571e-01
5.069799794591913766e-01
5.089475125142600698e-01
5.100597479586554961e-01
5.118410863259124088e-01
5.136463685043881622e-01
5.149169173678646017e-01
5.162530057626428803e-01
5.181794366234190319e-01
5.197376860285445321e-01
5.216684837989316037e-01
5.227555454263574930e-01
5.243019908627610803e-01
5.259705335226422251e-01
5.276604831832795162e-01
5.291239838393342332e-01
5.313645996146414419e-01
5.326385071749347722e-01
5.337625329060062818e-01
5.346941276317583869e-01
5.366976196290375034e-01
5.378445095158563838e-01
5.398657409942884122e-01
5.412522625175741897e-01
5.423224695114315930e-01
5.439374769155929101e-01
5.459405125037976036e-01
5.468046025238226804e-01
5.480855556398500639e-01
5.494200218457929719e-01
5.513781569759691470e-01
5.528488327380529643e-01
5.539983577995749586e-01
5.556334788265913094e-01
5.571418233792730934e-01
5.579266616477138729e-01
5.595525713651440247e-01
5.603006973499095045e-01
5.619580637658788680e-01
5.632753208663059397e-01
5.644735215799164818e-01
5.656524899130825901e-01
5.676042215761895049e-01
5.684268053717898006e-01
5.698799510300921467e-01
5.708852120845302469e-01
5.723048885087046456e-01
5.735113110169193229e-01
5.743555346866067168e-01
5.754002229101015109e-01
5.771054924994888369e-01
5.786152305826308684e-01
5.801215813748474837e-01
5.804004829902216223e-01
5.819069690922539229e-01
5.836084327394837068e-01
5.847033655905461424e-01
5.860903629319643704e-01
5.869038299618984933e-01
5.883891389316479037e-01
5.895775659165376492e-01
5.907382729739406590e-01
5.922500743518128719e-01
5.922821523470399585e-01
5.936841853262454505e-01
5.949526110060779915e-01
5.963151785111733272e-01
5.974729544943900850e-01
5.989851464079609666e-01
6.003718901862049595e-01
6.009556332381879029e-01
6.016783430144482248e-01
6.027514384786194501e-01
6.039259987672690455e-01
6.050481236673038721e-01
6.065620592559053392e-01
6.073717550461060766e-01
6.083548793388547926e-01
6.094793221495681257e-01
6.108139482655388086e-01
6.114343717034941283e-01
6.123583943431969434e-01
6.140834737468335858e-01
6.146426185269409093e-01
6.161926491311802145e-01
6.173758213878692835e-01
6.179069832911662230e-01
6.192817193915931551e-01
6.197793753191633837e-01
6.210263278523556751e-01
6.219966209605953811e-01
6.231164069991667054e-01
6.236525026888020129e-01
6.252828791815282505e-01
6.259181056198803716e-01
6.274946133450555186e-01
6.281466630264883610e-01
6.293973932256011761e-01
6.300219391700278004e-01
6.311136098963052721e-01
6.316638089107438070e-01
6.329714308896513542e-01
6.338353753189960305e-01
6.347901396587737333e-01
6.355767001387321313e-01
6.369981034808841480e-01
6.373752213734384942e-01
6.384215646944434441e-01
6.391104802418474673e-01
6.404851314936296225e-01
6.412157781623786246e-01
6.420748730684816552e-01
6.427347960690816819e-01
6.439486856554136329e-01
6.450138369170987929e-01
6.456598814509280082e-01
6.470320699205415194e-01
6.474028151297835931e-01
6.484695831515391307e-01
6.496858536957312857e-01
6.500652519575572663e-01
6.510992090611747996e-01
6.520090622066370134e-01
6.527482620443368910e-01
6.532634828271741689e-01
6.542141212588917787e-01
6.552438442147249242e-01
6.563155927484498608e-01
6.567965883845567898e-01
6.576110790237785775e-01
6.584797707638511133e-01
6.598202804165821389e-01
6.603474360988706993e-01
6.613535882313550385e-01
6.619729497386205308e-01
6.630056086047950714e-01
6.636415682049967568e-01
6.640823765456578265e-01
6.646945380580728813e-01
6.659946183295201161e-01
6.665497125441676163e-01
6.676630478901859345e-01
6.681008991615334791e-01
6.690048134255137668e-01
6.697587240568910749e-01
6.710546592675713518e-01
6.712802284655271512e-01
6.723831194883581608e-01
6.732360644186324850e-01
6.738605403164562579e-01
6.745862282930070730e-01
6.750500565843929879e-01
6.755551918085225260e-01
6.766252808411898911e-01
6.771209921799956621e-01
6.780478269107339528e-01
6.788003234938095876e-01
6.795719439335234924e-01
6.806161377745297836e-01
6.805137440631363610e-01
6.816294401489193522e-01
6.824164911796530841e-01
6.828959132829744982e-01
6.839345477208057522e-01
6.846850728534765729e-01
6.851811390021900205e-01
6.860831284283901432e-01
6.867347943411747924e-01
6.870722458556379753e-01
6.881293849540440766e-01
6.887386908434213195e-01
6.894084744314952218e-01
6.901002514750048666e-01
6.906163451875987347e-01
6.915469489677016357e-01
6.923016407743660672e-01
6.931541837028117881e-01
6.932522311839073303e-01
6.940771893276443949e-01
6.946735591085726469e-01
6.955095907623252138e-01
6.963996270682157874e-01
6.970115617748561254e-01
6.975914212590548225e-01
6.981298135981881536e-01
6.986200992678470723e-01
6.995094358548944458e-01
7.004103791079540065e-01
7.008586981308765340e-01
7.010520695139434988e-01
7.023185515762147002e-01
7.028225466085761264e-01
7.031780657911619326e-01
7.037291404919473470e-01
7.046331749148189161e-01
7.051581804735694847e-01
7.058001451255490055e-01
7.064565615324198689e-01
7.071723868946712122e-01
7.076257217252484022e-01
7.079434812203067029e-01
7.084376349380197002e-01
7.094556750490608188e-01
7.101143719290192724e-01
7.106324582948677637e-01
7.113455951204967764e-01
7.117034612525955373e-01
7.125918242878976905e-01
7.129012966590516642e-01
7.140156883124548770e-01
7.140522653597932701e-01
7.145107778668534637e-01
7.153758259789089191e-01
7.155116635741406439e-01
7.162407405359262347e-01
7.172425868908836044e-01
7.175516629305405125e-01
7.183924565149193420e-01
7.192418904872269758e-01
7.195590065651772393e-01
7.197299482706732698e-01
7.209019884358984775e-01
7.211835117358290637e-01
7.218109363528099065e-01
7.224952964217864482e-01
7.227936473369450665e-01
7.231574735209919114e-01
7.239352097878943848e-01
7.244200058203306147e-01
7.252199757421299298e-01
7.258683549718962791e-01
7.261757386959346583e-01
7.267702574839418617e-01
7.272636005918197144e-01
7.277072730413851609e-01
7.283404360707127490e-01
7.288264795126287998e-01
7.292268094583951310e-01
7.298448074843064681e-01
7.304080898200828731e-01
7.308325181623872568e-01
7.316893272142440674e-01
7.322975925925906404e-01
7.327352990217252948e-01
7.329183231820506350e-01
7.338259714277723944e-01
7.342790023467625771e-01
7.346094507526378381e-01
7.349492230586143204e-01
7.357187545030029474e-01
7.364329092415969891e-01
7.365336677457118286e-01
7.371473803124696245e-01
7.379183189159563838e-01
7.382782845374101788e-01
7.386710382927401675e-01
7.393677406782610539e-01
7.395674772048778101e-01
7.402440655600844854e-01
7.407600287591220578e-01
7.412878839138611342e-01
7.416674970162668856e-01
7.420650788260183539e-01
7.426060447953729549e-01
7.432505781133003087e-01
7.438828308426258529e-01
7.440891625484473693e-01
7.445396722780401877e-01
7.448819669826681755e-01
7.451714014222199367e-01
7.461335908431145914e-01
7.463641128556791626e-01
7.470081133300727760e-01
7.476439895256981050e-01
7.478575941329316246e-01
7.483364674709624964e-01
7.490705774510825199e-01
7.494430263918039348e-01
7.498598427783322862e-01
7.502385292658647620e-01
7.506703772642044914e-01
7.509860611292444865e-01
7.514190869298569275e-01
7.520015889416210575e-01
7.526701094819330251e-01
7.529668464309213771e-01
7.533864108323140574e-01
7.541630607104697903e-01
7.543837152934300683e-01
7.546765529401220363e-01
7.552795115712478413e-01
7.559750764135148016e-01
7.562895802361602193e-01
7.562403706397509140e-01
7.568852548219132670e-01
7.575217461553935827e-01
7.580124393030657215e-01
7.580845470352869375e-01
7.585429219779550314e-01
7.588511032854770022e-01
7.595708651326621430e-01
7.599033321148550568e-01
7.606256995346423189e-01
7.608283914470878040e-01
7.612064232329713853e-01
7.617983071691303287e-01
7.620948842011425750e-01
7.624657351703496566e-01
7.629000610636463842e-01
7.637212095535934608e-01
7.637839849390063440e-01
7.641880304765032994e-01
7.646218829834309227e-01
7.652607450661546018e-01
7.657837739003942046e-01
7.656748550097038919e-01
7.662978692388897617e-01
7.666819606364044803e-01
7.672646743742288500e-01
7.676103097340235548e-01
7.680769224123322747e-01
7.680847032219759729e-01
7.685797865148734642e-01
7.692648230248709806e-01
7.695437164766788518e-01
7.697734037184237321e-01
7.701978837863314720e-01
7.707291434693389620e-01
7.711583139739994763e-01
7.714450549270935875e-01
7.721517880685386803e-01
7.721572456167860032e-01
7.725657494515368873e-01
7.732075468221809578e-01
7.732725371759623378e-01
7.739752019352262868e-01
7.740347593441546659e-01
7.747323731386999146e-01
7.750181065736082564e-01
7.756511376847169403e-01
7.757658845779370482e-01
7.762657102728606207e-01
7.765463643323018417e-01
7.769056548658713757e-01
7.772846563246439411e-01
7.779602025198641968e-01
7.781992887418265337e-01
7.786164983658647731e-01
7.784948542233126600e-01
7.792176094395654173e-01
7.794045381925641669e-01
7.798189123650648424e-01
7.799556076021865181e-01
7.807028726090485815e-01
7.809318218692102853e-01
7.813204923352122799e-01
7.814455429995434965e-01
7.819316750693350304e-01
7.822967530836829608e-01
7.826664122338833351e-01
7.829566427896996750e-01
7.836177317646674245e-01
7.840943984794891408e-01
7.840195027388573434e-01
7.843570496630938305e-01
7.850441252477469156e-01
7.853072932480371637e-01
7.855194609484300594e-01
7.862618685610875957e-01
7.864428024482209567e-01
7.866728386098594816e-01
7.869464309642979494e-01
7.873403612365721393e-01
7.874364889610911966e-01
7.879469898586473064e-01
7.886580357043989631e-01
7.885756928176493874e-01
7.887293580697931628e-01
7.893330603035422222e-01
7.896313894798241417e-01
7.897543813073437668e-01
7.903786852515110040e-01
7.905266130567778493e-01
7.910850296541240834e-01
7.913436408398790700e-01
7.918521133009874813e-01
7.922486616972018725e-01
7.924900110637043138e-01
7.926237600721044441e-01
7.932391843530745001e-01
7.936073239200750473e-01
7.939933880341421002e-01
7.940268047264622542e-01
7.944656911064833515e-01
7.946220066810667504e-01
7.947916682092289742e-01
7.954425979546723147e-01
7.957761090912004454e-01
7.963635837279176011e-01
7.964200752603115552e-01
7.966160052614477127e-01
7.967049123128302490e-01
7.974067198294335634e-01
7.976011286708251102e-01
7.982005227073309950e-01
7.982599886166862335e-01
7.984184290213528490e-01
7.985352075091779467e-01
7.991801807498322141e-01
7.993287517930792729e-01
7.997801638470659613e-01
8.000609171988243284e-01
8.003970557939398267e-01
8.008853135760253261e-01
8.012982320382024959e-01
8.014600610419345683e-01
8.015466483026711941e-01
8.021247863384082244e-01
8.023404044607203023e-01
8.027265525519111655e-01
8.029162041427663210e-01
8.029240805338337950e-01
8.035076224533735934e-01
8.038478118367060610e-01
8.041507975937294272e-01
8.043033827474447284e-01
8.045886087796041419e-01
8.048794592655131863e-01
8.053353141882226840e-01
8.057774103906756302e-01
8.058948066478310857e-01
8.061838075974789852e-01
8.063325130119284312e-01
8.066979630235503462e-01
8.069797950483998950e-01
8.075608644813057069e-01
8.076170349616869082e-01
8.078677270851502001e-01
8.083247807000791818e-01
8.083155293656817397e-01
8.087348128274537418e-01
8.091474299486069999e-01
8.093135825891509816e-01
8.094724822234663497e-01
8.099418607005961501e-01
8.101106421275887648e-01
8.106519292597101911e-01
8.105522426933212676e-01
8.111420054329901985e-01
8.112298390120887825e-01
8.115830788821927211e-01
8.118943934478330959e-01
8.121839065439901972e-01
8.123665857619428721e-01
8.125107736786687518e-01
8.132196776329643217e-01
8.133549951335931061e-01
8.137096493533551023e-01
8.140778413933579261e-01
8.142356254142746330e-01
8.143099445925342517e-01
8.146790769779492791e-01
8.151934514442814583e-01
8.149988157662158006e-01
8.153606407012269353e-01
8.156005086298462325e-01
8.159588777062696252e-01
8.160284804403304948e-01
8.165791230381593824e-01
8.164893844777799670e-01
8.170011809204374975e-01
8.169140869539225358e-01
8.173648947871058335e-01
8.177577265216866564e-01
8.180277388543225614e-01
8.182041760299670896e-01
8.185769665847455467e-01
8.189533970157820697e-01
8.190680899751379140e-01
8.190608317056389254e-01
8.195126914258072937e-01
8.196643074482250491e-01
8.200229459196336501e-01
8.202788828261184939e-01
8.206581257117933070e-01
8.207102384522186878e-01
8.211002518505648995e-01
8.214251755599079052e-01
8.214569619182341409e-01
8.216793862368524382e-01
8.217034868723237517e-01
8.221686852065448470e-01
8.223424599584062689e-01
8.228048308754262186e-01
8.232170176039468323e-01
8.231633588130106149e-01
8.233358448393256479e-01
8.234669525303925930e-01
8.240582520553394463e-01
8.241140517649941932e-01
8.242391641214994458e-01
8.248912406530974906e-01
8.250330838408623801e-01
8.254272734262163569e-01
8.254743211605305442e-01
8.258801273417009092e-01
8.262570796203528856e-01
8.259698534246951995e-01
8.264425598199741652e-01
8.266615395455293447e-01
8.268867832768118653e-01
8.272486465278237056e-01
8.273178794707652939e-01
8.277936301843147326e-01
8.279232824317280803e-01
8.281121424325506020e-01
8.282839180395249468e-01
8.284888421266406455e-01
8.286226777843311853e-01
8.287433062058187083e-01
8.292390504799965756e-01
8.294862077227811437e-01
8.297454690372575437e-01
8.298542810808754444e-01
8.303041173026324273e-01
8.303846088969160100e-01
8.307280432992670827e-01
8.308538149811661722e-01
8.308810286987247107e-01
8.315020948966588277e-01
8.315911385667433819e-01
8.316675197341517611e-01
8.319611145619875137e-01
8.320231684775262204e-01
8.322555299966726272e-01
8.323634262259159700e-01
8.328245523834059139e-01
8.329494780581350177e-01
8.329951970949663886e-01
8.335551095967703716e-01
8.336548408646748953e-01
8.338784260107756641e-01
8.341146523368778709e-01
8.340978090575137394e-01
8.345071471351050985e-01
8.347131207574330913e-01
8.349494929341577665e-01
8.351909923615759013e-01
8.353711740375058259e-01
8.353596900227527877e-01
8.355454950984273488e-01
8.358629472032614860e-01
8.362119129928134997e-01
8.362767562016323319e-01
8.361835025555193202e-01
8.367667700082734861e-01
8.371983763205821383e-01
8.373028507976053580e-01
8.374344827802130409e-01
8.374045294311290855e-01
8.377008922730727614e-01
8.381507540978758719e-01
8.382393238292438209e-01
8.383501438614281431e-01
8.385912464559548418e-01
8.389120498480618915e-01
8.390468995525275364e-01
8.392277958167693175e-01
8.395041608953041079e-01
8.397114738094809683e-01
8.400461902435466532e-01
8.400501984561613567e-01
8.403500351881882935e-01
8.403440138640179136e-01
8.406660096434330764e-01
8.404731473056773483e-01
8.408826633471737644e-01
8.410058715066152102e-01
8.413417973368347846e-01
8.413932791506291142e-01
8.418957101309171298e-01
8.419026842156043244e-01
8.420005376125065943e-01
8.420598600175943638e-01
8.424088916807689342e-01
8.427027127387546335e-01
8.428867895349694273e-01
8.430174752169888874e-01
8.434677183561190006e-01
8.433274872014705492e-01
8.437411170170876495e-01
8.436628088605192533e-01
8.440352257034824390e-01
8.441701974951181242e-01
8.443025697022540355e-01
8.443327569952873146e-01
8.445871707127509120e-01
8.446944401466978114e-01
8.449289893146603170e-01
8.453092693515225076e-01
8.454110400153931337e-01
8.455053800852233570e-01
8.455341267793680116e-01
8.460695496034779106e-01
8.462035556381715118e-01
8.463253099597252138e-01
8.465603464604040118e-01
8.468120253024125077e-01
8.466611867034019578e-01
8.469460565375296346e-01
8.473296374136047859e-01
8.473155467666382279e-01
8.475455631253647759e-01
8.476777851373520356e-01
8.477245155542634247e-01
8.477932858557220008e-01
8.482311115339592478e-01
8.482935851661168591e-01
8.487068960958786823e-01
8.486547710118991228e-01
8.489929998156640067e-01
8.490004464104881077e-01
8.490144397666989917e-01
8.492047079802930165e-01
8.495233100030167295e-01
8.496960101304995572e-01
8.499900225064044301e-01
8.501320070490098191e-01
8.502919278825596949e-01
8.502406603980808830e-01
8.505576213251582196e-01
8.508428046339564510e-01
8.507277951408318550e-01
8.509948482295335292e-01
8.511191256844994335e-01
8.514123538081015408e-01
8.515180966135047491e-01
8.520702478703426896e-01
8.519091064996419105e-01
8.522782375174864367e-01
8.524445404027127804e-01
8.522618057542732384e-01
8.525861930013940437e-01
8.527845289802195028e-01
8.528935609895187397e-01
8.531178256730332921e-01
8.531469626903910308e-01
8.535364696621798863e-01
8.535368457241151452e-01
8.536088148192705338e-01
8.538286464409253762e-01
8.540387427576585644e-01
8.542611110699361854e-01
8.542774493830499472e-01
8.546550293310555269e-01
8.546810564656318610e-01
8.547713083658465827e-01
8.549325203156366015e-01
8.551071950037871794e-01
8.553563544555659037e-01
8.553780573674830690e-01
8.557160159379496589e-01
8.557866608456998758e-01
8.559049373066455191e-01
8.558188990244910421e-01
8.563125279471518470e-01
8.565185042008898186e-01
8.563749492518626383e-01
8.567105631028474333e-01
8.569961900259011056e-01
8.570903012422702583e-01
8.572111205317045624e-01
8.573495242626676394e-01
8.573723851440848698e-01
8.575626877426337780e-01
8.577335346633282454e-01
8.577879224128837077e-01
8.579404109841745063e-01
8.581027540787053987e-01
8.584807115123246346e-01
8.583651323241709985e-01
8.587336760796522306e-01
8.586507006852883706e-01
8.589526418345377889e-01
8.590380904075064494e-01
8.592399538007334803e-01
8.593405797805071522e-01
8.594507639727585468e-01
8.596708092522795663e-01
8.600016303726445432e-01
8.597355708619626169e-01
8.598902939147845537e-01
8.600856208389049407e-01
8.603136616814031079e-01
8.604167767603274619e-01
8.606220365018173446e-01
8.606953477546385178e-01
8.609932910401316697e-01
8.609943599713144602e-01
8.612013895181792611e-01
8.614548876805762090e-01
8.614904656586098719e-01
8.617495915988268029e-01
8.617780965283854400e-01
8.617581859081415718e-01
8.620995604232338794e-01
8.621821395707233160e-01
8.625876360614966876e-01
8.624695684755938618e-01
8.627018959980808921e-01
8.628337289514533825e-01
8.630246514691486404e-01
8.629961222808908428e-01
8.633131210706973535e-01
8.633202717760611877e-01
8.634421069957616268e-01
8.637455065794498177e-01
8.637269614468210399e-01
8.638863674392617265e-01
8.641695818279936381e-01
8.643534930816096917e-01
8.643708432678225417e-01
8.644623452784508943e-01
8.645258996579510136e-01
8.647211898499450600e-01
8.650671757295327335e-01
8.650061153830409522e-01
8.652090146661300940e-01
8.653712728979742197e-01
8.656462264594511069e-01
8.656098184780646188e-01
8.657850669391404796e-01
8.658800200047209739e-01
8.658779641398542948e-01
8.662043659043314747e-01
8.662744224046018404e-01
8.663219369201436981e-01
8.664424130151309189e-01
8.667981081331407323e-01
8.667735384300278012e-01
8.668678976804248260e-01
8.672328452302902058e-01
8.672969191759016816e-01
8.672728109095250160e-01
8.671758315433306663e-01
8.676041689055928874e-01
8.677104715100425469e-01
8.679296447359758915e-01
8.679860746990424314e-01
8.681132100619641800e-01
8.681380253621966414e-01
8.681573031799197926e-01
8.684722667669685370e-01
8.686223355839899352e-01
8.688323499027930108e-01
8.690708504913725596e-01
8.692660796419374725e-01
8.693492613915403400e-01
8.693189100094060873e-01
8.694223582078912660e-01
8.696135244334083358e-01
8.695925336443869336e-01
8.697693215778288245e-01
8.700384058642718355e-01
8.702139454169481869e-01
8.703216772454639427e-01
8.705216739829153560e-01
8.706039941506026336e-01
8.707385768414143135e-01
8.709959326627189080e-01
8.708843780862502992e-01
8.710080276392484500e-01
8.712626027785536076e-01
8.715311686657025714e-01
8.716592893357889560e-01
8.717144453671901161e-01
8.718299939040318192e-01
8.720106984793961624e-01
8.720152210448248731e-01
8.723818013263564541e-01
8.723082441001704934e-01
8.723972304898341967e-01
8.725379558686491288e-01
8.728084829402663614e-01
8.729182371753415604e-01
8.731073909653604970e-01
8.732987255139517124e-01
8.733550308734482348e-01
8.735196491910132144e-01
8.735339932491104076e-01
8.736494794763237648e-01
8.737721627819984294e-01
8.740879156086385215e-01
8.740879417896511017e-01
8.740992539020936425e-01
8.745058308535359481e-01
8.744858603167975364e-01
8.747296252563259156e-01
8.748809192754646302e-01
8.748875785238017233e-01
8.751129375794732823e-01
8.749582350546891707e-01
8.754379323555506742e-01
8.755991147144344122e-01
8.757172232025163261e-01
8.757996116493103056e-01
8.758545485602080571e-01
8.762318087626524976e-01
8.761380746770148775e-01
8.763834499552382029e-01
8.764290031643366952e-01
8.766822464894749034e-01
8.767676046666446066e-01
8.769701427510655511e-01
8.771419087174879836e-01
8.772544309073301294e-01
8.775139813715669979e-01
8.774713487787144661e-01
8.778599629808035987e-01
8.779646119219377542e-01
8.780879626928984605e-01
8.783204604788608094e-01
8.783225767990957555e-01
8.786042545016805594e-01
8.785934927043115295e-01
8.787363048081670014e-01
8.789988795039014313e-01
8.791391388054812239e-01
8.793082247760898307e-01
8.792665906828622813e-01
8.796744198883587051e-01
8.796709264077294810e-01
8.798850579727982568e-01
