1.337093789736707415e-02
1.289359166281006143e-02
1.254030622701878504e-02
1.239901022453341814e-02
1.223433452969158695e-02
1.207849318929495736e-02
1.169566226227787553e-02
1.138428812156874401e-02
1.131925357211678931e-02
1.105403823370037369e-02
1.092317822706134756e-02
9.609178003870656737e-03
1.002808189564690505e-02
1.255282835526788134e-02
1.382961249785290628e-02
1.711296977674577058e-02
2.014032431677538482e-02
1.842084557448931889e-02
1.741786896700607198e-02
1.783745456233607612e-02
1.787898282006461850e-02
1.867091779540881735e-02
2.221151119493304862e-02
2.671373390568665754e-02
2.598215110234502676e-02
3.087885845711711708e-02
3.690852108027913026e-02
3.764186567460055949e-02
4.163568064019780579e-02
4.062005064222624917e-02
4.093875626160529274e-02
4.085710006854905568e-02
4.382036781267678593e-02
4.531761713362857796e-02
5.248478440038430864e-02
5.755586728204797192e-02
6.219798514530566758e-02
6.654101723028200965e-02
6.800468355162188339e-02
6.810827735246977044e-02
7.106181401781806739e-02
7.254247861509460771e-02
7.459170679907523027e-02
7.726172042602637291e-02
8.017120675700285803e-02
8.485468657590804209e-02
8.858416009286840254e-02
9.232040529667384643e-02
9.545005109249540820e-02
9.987682622808739807e-02
1.015441586924292483e-01
1.032923996796807353e-01
1.070161429004832798e-01
1.074614774450424609e-01
1.107970688575692780e-01
1.163696855628577470e-01
1.207591935411759521e-01
1.245087393640583601e-01
1.275627187444678401e-01
1.291727666895249593e-01
1.326116725343597369e-01
1.348480770262684703e-01
1.399020460438602786e-01
1.407886037492248610e-01
1.447910814464428708e-01
1.486423253897536378e-01
1.500247368200787190e-01
1.532067217252472413e-01
1.565796450429185194e-01
1.590196341133991997e-01
1.612694009654541683e-01
1.665183496945678854e-01
1.693865254225734862e-01
1.702359146417419811e-01
1.757055946530438895e-01
1.779129964698245581e-01
1.811172770668926790e-01
1.830044025573068223e-01
1.857814566581792448e-01
1.883489975235733693e-01
1.920011725587204288e-01
1.947836814182252740e-01
1.979253794189757831e-01
2.015952615524047864e-01
2.046681737650236366e-01
2.081406030592314604e-01
2.108061968482008164e-01
2.133046300976702003e-01
2.160071447713905468e-01
2.186302281617869825e-01
2.217870384009778817e-01
2.253080697744606620e-01
2.282336537402244458e-01
2.304368421677328305e-01
2.330316226291813952e-01
2.353846473353485846e-01
2.375851360083037211e-01
2.409109384599652515e-01
2.434359238067594633e-01
2.471684719050272483e-01
2.514327751060665417e-01
2.527460791675360530e-01
2.555499211134058535e-01
2.584266738422916765e-01
2.612114455653315459e-01
2.621871210097909133e-01
2.652133189103278998e-01
2.687982365051426736e-01
2.718235897172411875e-01
2.743266552889362941e-01
2.757254595051273904e-01
2.782478200009215752e-01
2.808807365520994415e-01
2.838428694553570275e-01
2.863024459259362331e-01
2.887682819518715416e-01
2.922547499845725705e-01
2.945176214750258592e-01
2.966273500019678266e-01
2.989241648555884256e-01
3.010575795845473190e-01
3.036769692369243323e-01
3.073108854691491976e-01
3.089308651123008342e-01
3.110716559380519719e-01
3.138345846630164471e-01
3.159690164946402091e-01
3.181977845402740868e-01
3.211450305873272404e-01
3.231970078692102399e-01
3.260637276656840333e-01
3.281314178796299053e-01
3.296444514603089071e-01
3.324478707104668862e-01
3.345291435264192703e-01
3.371813809482978042e-01
3.390378850292195545e-01
3.414443015561293149e-01
3.435632546144551935e-01
3.460635837721848240e-01
3.481814104517397812e-01
3.503356473096615464e-01
3.527353790799804822e-01
3.552864780839168346e-01
3.570325852101556285e-01
3.595437537280533613e-01
3.614210453439244408e-01
3.630068430543710867e-01
3.653877830076918687e-01
3.674443094099499318e-01
3.692556468685583848e-01
3.712957788274852122e-01
3.739462826942763218e-01
3.760926126272121084e-01
3.777079985253615768e-01
3.795274893605992683e-01
3.814869319434135986e-01
3.836577916390503384e-01
3.865107506448036134e-01
3.882191359988146906e-01
3.901834036096235026e-01
3.922629896042073017e-01
3.936255661162321728e-01
3.951925077068183523e-01
3.969698470325399020e-01
3.989234916844245915e-01
4.016566585015144408e-01
4.037757862088292016e-01
4.059529440797174371e-01
4.075570016239901117e-01
4.090976565531097009e-01
4.103330727463520566e-01
4.129927597281859986e-01
4.147577536413148414e-01
4.165265181466695776e-01
4.184974737069835915e-01
4.199447110994599108e-01
4.220268960816331849e-01
4.240641233115635123e-01
4.260610587232139812e-01
4.277511475852521228e-01
4.290193199680843450e-01
4.309006896524754660e-01
4.328422203823214520e-01
4.345948009422114233e-01
4.362787467445888856e-01
4.376867353196011723e-01
4.393909532179914312e-01
4.414383413652473998e-01
4.425431570527655900e-01
4.446558628141980551e-01
4.465965593209580420e-01
4.477336691084293774e-01
4.499655930388848923e-01
4.514854504482269104e-01
4.525542269712853893e-01
4.548287077296773728e-01
4.558197832044482700e-01
4.578305456311220767e-01
4.587995834778392790e-01
4.607533737322608847e-01
4.625709606729194734e-01
4.636560697518884444e-01
4.655692331475178580e-01
4.670853817794831109e-01
4.687185066680814582e-01
4.709714449966208583e-01
4.726565953435213907e-01
4.735207855165793900e-01
4.753133445210271923e-01
4.765981811672918567e-01
4.779407836159199063e-01
4.796564385503578887e-01
4.807836864196330384e-01
4.823646965018752453e-01
4.841748404624264257e-01
4.856419020631967953e-01
4.870001411384577983e-01
4.884988199471023140e-01
4.895639230351238047e-01
4.903826850030664763e-01
4.924549273039921515e-01
4.941433147477217735e-01
4.950845314346184467e-01
4.963873824675604784e-01
4.975882866805940163e-01
4.986353134810938559e-01
5.001288364782319196e-01
5.022596643248641302e-01
5.036797205807261868e-01
5.052476038193677299e-01
5.063079238109865488e-01
5.076355213283880730e-01
5.086993662095770086e-01
5.103056831639215529e-01
5.114717668760715430e-01
5.123970473728474140e-01
5.142967218095914061e-01
5.157314722069584745e-01
5.170115897584461884e-01
5.177909901453300323e-01
5.195764492089698372e-01
5.209263915031414616e-01
5.219766236397960224e-01
5.229579958565856446e-01
5.241085102253764116e-01
5.256285977450761981e-01
5.267630468847848135e-01
5.282329284268821867e-01
5.293811440062915485e-01
5.305037582739465796e-01
5.319800893571832168e-01
5.333095789434738609e-01
5.343856262068267249e-01
5.353418088405809128e-01
5.370383048929404657e-01
5.380601910724136516e-01
5.389703195054046381e-01
5.398274465188610538e-01
5.414643160863360505e-01
5.424138610539265271e-01
5.434725433464451250e-01
5.448957555111298978e-01
5.463703978431491137e-01
5.471550533682077999e-01
5.479441566252382101e-01
5.493608271639888185e-01
5.501216265752661982e-01
5.512421654107658719e-01
5.528566269844051861e-01
5.536008189135559476e-01
5.549126632175025442e-01
5.556316474491399537e-01
5.570588150438036124e-01
5.584019827293302818e-01
5.591195905806494171e-01
5.599302717794893969e-01
5.613341747906157586e-01
5.622902329238886887e-01
5.631335102781171997e-01
5.645044136395016565e-01
5.649281060662522114e-01
5.663371171737598964e-01
5.674937610825504519e-01
5.681577830321845601e-01
5.693771295816516531e-01
5.706039403062646009e-01
5.716566508116912582e-01
5.722986353359668099e-01
5.736072785832302401e-01
5.745753986081707509e-01
5.757778071809439568e-01
5.765762067180617567e-01
5.779715787975103769e-01
5.785454500757231111e-01
5.794540903143897692e-01
5.801547171690664140e-01
5.815068475528639702e-01
5.825884790716289174e-01
5.831645454982152810e-01
5.844991178470396731e-01
5.853422791769695710e-01
5.859704763876540934e-01
5.875695473854398720e-01
5.878195119859904727e-01
5.891605703892587309e-01
5.902612352670655316e-01
5.908146702224551516e-01
5.919814717237134039e-01
5.926866357033035992e-01
5.937367601985397148e-01
5.945692461251170791e-01
5.956328601527098865e-01
5.962756084902942622e-01
5.970299617754841748e-01
5.979438168004067577e-01
5.989321466229412527e-01
5.999163390081170277e-01
6.007128294196446561e-01
6.014067572980258403e-01
6.024756353916589369e-01
6.034330207366215282e-01
6.040759071180005213e-01
6.052413339257097791e-01
6.056491668584256249e-01
6.066063454429158064e-01
6.075315911318098783e-01
6.080606499223336625e-01
6.093263084765399018e-01
6.102859820722122963e-01
6.110298542271723754e-01
6.118660451471114037e-01
6.125116612721651643e-01
6.133257866928093494e-01
6.140976295244141570e-01
6.151720965731938273e-01
6.160780583114890963e-01
6.167186327220820496e-01
6.172371722083725976e-01
6.181741134265891224e-01
6.189621766902969613e-01
6.197766723494918528e-01
6.205238374330210860e-01
6.210157123452254568e-01
6.219102066617452351e-01
6.230625360869366247e-01
6.237430512223048895e-01
6.240659690015331051e-01
6.254889450345834101e-01
6.260443190437866567e-01
6.266165711268917304e-01
6.275279536177574835e-01
6.281241639381068831e-01
6.288350472649683054e-01
6.299193286563748995e-01
6.305842055203449981e-01
6.309089720580349780e-01
6.319536781400134640e-01
6.323346296867176086e-01
6.334004897344943652e-01
6.341393137964131954e-01
6.347523294507544378e-01
6.353389167542954352e-01
6.363419676751768117e-01
6.369415701260243701e-01
6.374797414828113906e-01
6.382093815751067600e-01
6.387222552631438566e-01
6.397331174939745457e-01
6.400693880242939171e-01
6.409856980106617419e-01
6.416990279264510599e-01
6.423152251828281312e-01
6.435879019253194500e-01
6.441742926481579534e-01
6.444207106639544547e-01
6.448546491950324366e-01
6.457497470433595232e-01
6.465610601321908346e-01
6.470582613895353719e-01
6.482411214490469975e-01
6.485956136821471318e-01
6.492511411840153901e-01
6.497929185936555108e-01
6.505602270733489290e-01
6.512974308645668176e-01
6.522066182325818584e-01
6.523418825382839570e-01
6.531885620642189361e-01
6.538250719354031792e-01
6.546005046808209826e-01
6.549622355823008224e-01
6.556198811939711879e-01
6.562651698310075776e-01
6.566799241907760321e-01
6.577053907387754306e-01
6.583230611017509837e-01
6.589135797576713971e-01
6.594624805308059168e-01
6.602325659943837355e-01
6.605217429959735487e-01
6.610130065865789106e-01
6.619486691011675639e-01
6.624877527128876231e-01
6.631745373723254566e-01
6.638577784598787002e-01
6.639585879881552133e-01
6.649661313687188491e-01
6.655777501130859530e-01
6.663864421754470690e-01
6.669669291438928838e-01
6.673745655213250139e-01
6.680139891136327446e-01
6.685017544444822324e-01
6.689637567521957706e-01
6.697180958592268141e-01
6.700807848909972053e-01
6.709648950597839612e-01
6.714442220667584671e-01
6.721036700961789956e-01
6.728820642814183906e-01
6.727405277674768369e-01
6.738173454606065649e-01
6.745402240936183569e-01
6.750936989891637152e-01
6.754279138724045284e-01
6.760358430344071134e-01
6.764002201582204332e-01
6.774437480560024927e-01
6.778218492642119619e-01
6.784026879839822888e-01
6.786729816518136671e-01
6.793022687085483735e-01
6.799733393382918489e-01
6.803468708424257327e-01
6.812391225318142896e-01
6.815108147684987294e-01
6.818849778198304845e-01
6.824055914734067363e-01
6.831750709041816139e-01
6.837812761208091894e-01
6.842548814979062533e-01
6.846835784847341566e-01
6.852333387429552225e-01
6.851937790280259177e-01
6.861634303254555700e-01
6.869786694985927644e-01
6.874821567303339709e-01
6.876143350474478444e-01
6.883847713602782026e-01
6.890743213531363986e-01
6.897431246700179708e-01
6.898308963228021451e-01
6.905573306134370482e-01
6.909733882801409877e-01
6.914741207572105974e-01
6.922328563250860212e-01
6.928826119547185636e-01
6.930602225567672470e-01
6.935493899867591905e-01
6.938499795141170878e-01
6.944645145361875160e-01
6.952442239228031617e-01
6.954884863066209677e-01
6.962241136405050712e-01
6.963545680948309835e-01
6.969303002458763219e-01
6.972988977540066635e-01
6.977899296442977572e-01
6.983885320283590437e-01
6.989653847428369815e-01
6.994922110313848140e-01
6.999815010628637202e-01
7.002139343087566692e-01
7.007374832790851382e-01
7.013015832969842211e-01
7.014958790345695583e-01
7.025039997378154100e-01
7.024688096991734687e-01
7.031409237787351607e-01
7.036936834540813424e-01
7.038630257207151297e-01
7.046770240555847442e-01
7.048854179640980933e-01
7.054509854706020322e-01
7.057726130038940449e-01
7.064200634739369322e-01
7.069079552963835056e-01
7.071555734196444121e-01
7.080005259344841484e-01
7.080259744627396268e-01
7.084901493152757634e-01
7.086293086353232518e-01
7.093260206885942942e-01
7.100456887922823590e-01
7.106181219950259420e-01
7.109126753276058253e-01
7.115060571369906661e-01
7.117659678680425817e-01
7.125350593027758306e-01
7.131135670491174361e-01
7.129824064033839504e-01
7.137272734107056316e-01
7.139303788988473620e-01
7.144693714776635396e-01
7.150102301409009264e-01
7.153353726593636441e-01
7.158984329342688024e-01
7.162562153016680533e-01
7.166663817206226916e-01
7.171491746864286920e-01
7.175726552517248669e-01
7.179509614079162549e-01
7.182206560008682628e-01
7.186655730039339662e-01
7.191751031938851124e-01
7.195456161108566562e-01
7.201002284069000225e-01
7.204184036244636324e-01
7.205628889213303578e-01
7.214790648258753158e-01
7.219473928060402557e-01
7.222382494811505627e-01
7.227520687949905431e-01
7.230148778759445394e-01
7.232475884548673628e-01
7.239619851747781665e-01
7.243086725819590788e-01
7.246663102699751891e-01
7.249468698405421296e-01
7.255790480543917731e-01
7.258599771014598856e-01
7.265384333261102334e-01
7.265050032511909395e-01
7.268488519704284778e-01
7.276369023005867520e-01
7.279732924797598370e-01
7.282101885943287334e-01
7.286256342778568706e-01
7.290319852905851050e-01
7.294549273729273864e-01
7.299209943015259050e-01
7.300181633327639252e-01
7.305956039361121146e-01
7.310492275806942386e-01
7.314446056087281489e-01
7.317694452351385381e-01
7.322535886718882780e-01
7.322887660891542749e-01
7.328797456742930372e-01
7.334931205207975147e-01
7.337654448087120862e-01
7.340205733724726178e-01
7.347274438877476888e-01
7.347634325247751619e-01
7.352957722447017730e-01
7.358071686210516660e-01
7.358853318723377335e-01
7.363436979950763739e-01
7.368204792212140752e-01
7.371382035900192475e-01
7.375362151990967341e-01
7.378586654719855309e-01
7.381705353008907178e-01
7.384763224259421888e-01
7.392132941757061371e-01
7.395870189906524894e-01
7.398357920526025255e-01
7.402121901341617294e-01
7.402199615795873600e-01
7.407456823280799130e-01
7.409986907309401571e-01
7.413961171235041725e-01
7.420107398652119324e-01
7.423745263367595992e-01
7.425714215829855025e-01
7.431985626142949553e-01
7.434514311182699453e-01
7.436290069200509611e-01
7.443101529892528490e-01
7.446081286913568409e-01
7.448650885979511971e-01
7.451590049475201871e-01
7.455146564311760926e-01
7.459255170565985971e-01
7.466265802716063327e-01
7.466498593268352524e-01
7.468029297688560941e-01
7.474484757525465817e-01
7.477836319342208160e-01
7.481977943761070060e-01
7.483692666177936825e-01
7.486605590419069811e-01
7.491711600697062989e-01
7.495234562588227734e-01
7.496994557530294312e-01
7.501110490011636545e-01
7.503253191095812236e-01
7.507470830448552679e-01
7.507471482122598516e-01
7.514009750247784281e-01
7.517426112922851456e-01
7.522995383728969809e-01
7.523926430282302791e-01
7.525537697184045971e-01
7.530787948725270464e-01
7.534428940591084700e-01
7.541070123765659661e-01
7.540656731679704627e-01
7.544625257462951318e-01
7.548042156059895369e-01
7.548796791789100791e-01
7.554860872960396101e-01
7.560137577304950618e-01
7.557687610845427173e-01
7.562469824929557438e-01
7.565157987087013369e-01
7.567727489104245642e-01
7.574766328444185737e-01
7.576785173964368791e-01
7.580291394513071213e-01
7.582969496565269418e-01
7.588382970369537128e-01
7.589113811512269159e-01
7.595421422329766692e-01
7.596197855637865093e-01
7.601425617996399042e-01
7.604091232897274288e-01
7.606818196638441831e-01
7.608582440294145988e-01
7.611032313288100815e-01
7.613691207634515346e-01
7.617615598266014310e-01
7.621552214201569031e-01
7.624267031958208429e-01
7.630539770231556940e-01
7.634410716431806465e-01
7.636059091309498337e-01
7.639407098139128216e-01
7.641676759953166531e-01
7.642174598745115066e-01
7.647330370650132769e-01
7.646019967619117619e-01
7.653672501703425723e-01
7.657076658025084859e-01
7.658842724852664707e-01
7.663127181025530810e-01
7.664635303831195401e-01
7.670588485534772794e-01
7.670488183416043215e-01
7.673725492617659016e-01
7.679439209824679979e-01
7.680349193721497381e-01
7.684661005336012041e-01
7.686439542051135554e-01
7.691187766904952205e-01
7.693993020990695930e-01
7.694092385214355012e-01
7.698942767032858070e-01
7.699640800704504739e-01
7.705310210371401070e-01
7.706958501583265342e-01
7.708383841387265178e-01
7.716156417535157130e-01
7.716417368245365171e-01
7.717817779627046404e-01
7.720169743089693171e-01
7.724442409893227390e-01
7.728075243986399778e-01
7.731024780388611184e-01
7.732961239213324012e-01
7.737022271252023131e-01
7.743979842493079468e-01
7.742488723039545606e-01
7.747139079225482394e-01
7.749032736269161337e-01
7.752719753217732768e-01
7.753680725950959918e-01
7.756913890918187837e-01
7.758867787477318201e-01
7.762693376003255707e-01
7.764195407130038973e-01
7.768512842970116683e-01
7.771898668509342745e-01
7.772930134720762441e-01
7.775281442996032633e-01
7.780213156799572483e-01
7.783688820759215865e-01
7.786069173232071927e-01
7.786419085353557534e-01
7.787287159465772213e-01
7.796073887220219545e-01
7.797137737741260954e-01
7.796747082036883381e-01
7.800774152380358650e-01
7.804371984136111440e-01
7.809008303522502192e-01
7.812147224529469858e-01
7.813333481562680927e-01
7.817388654886743282e-01
7.818506337124350170e-01
7.820750845111034133e-01
7.822219611046736798e-01
7.825732895829590197e-01
7.830483761726253489e-01
7.830720778292148410e-01
7.833173008658712577e-01
7.838984547556988591e-01
7.838718552886904112e-01
7.842924804258185612e-01
7.845671946952736953e-01
7.849429062509341026e-01
7.850427494732824529e-01
7.852852409041581883e-01
7.855650826323306024e-01
7.859052379246237452e-01
7.859185690221598408e-01
7.863852455338592451e-01
7.865357931889072063e-01
7.869020279260250383e-01
7.871316131483560019e-01
7.872984448510144118e-01
7.876190954918061982e-01
7.879213971978339393e-01
7.883258290020704884e-01
7.884002150453297553e-01
7.885877606164676257e-01
7.890991304373444759e-01
7.892881024598901174e-01
7.895415022429016494e-01
7.898916504131847649e-01
7.898858960437317167e-01
7.903445986103321275e-01
7.905072715669705374e-01
7.907040005104601921e-01
7.908509776384476941e-01
7.913601438372412922e-01
7.916661551254285945e-01
7.916014293968584026e-01
7.919398503539393230e-01
7.922807905588636901e-01
7.926237295215409207e-01
7.928744328770948036e-01
7.927774124186118820e-01
7.933455640886684090e-01
7.934903982445767889e-01
7.936629790482938596e-01
7.937925136357507627e-01
7.942363912435205231e-01
7.943274424301126624e-01
7.947082310567112895e-01
7.950163727639426581e-01
7.951979528615812365e-01
7.954011927360298273e-01
7.958088805007830224e-01
7.958893660172519091e-01
7.963270794350891801e-01
7.966168687080381616e-01
7.967827012934827202e-01
7.971193896037190862e-01
7.971770908399615774e-01
7.973734588690404301e-01
7.978817634647851209e-01
7.979854921569043968e-01
7.981779197078675558e-01
7.982203615501957117e-01
7.988690217208989086e-01
7.990503343786486967e-01
7.990433639873475435e-01
7.992227041329238446e-01
7.995791632753180833e-01
7.999056966899661392e-01
7.999856717828361941e-01
8.002553977576353228e-01
8.005506582783173952e-01
8.008706854505247552e-01
8.011570637188473176e-01
8.012376961085846405e-01
8.013928315099059230e-01
8.017988879070050423e-01
8.020462911772835435e-01
8.021620862727653067e-01
8.021431780146867085e-01
8.027596410775607039e-01
8.029683155915736670e-01
8.030341846847574017e-01
8.034720532175967378e-01
8.032619550749673376e-01
8.038441648934676609e-01
8.040194957107477114e-01
8.043425825632870563e-01
8.045705695168726690e-01
8.046680307806154397e-01
8.049756533615127774e-01
8.052453305842057762e-01
8.052203092567090659e-01
8.054269684682908714e-01
8.058391908182557239e-01
8.062240112312294427e-01
8.062215898530509239e-01
8.064919160799522979e-01
8.067809353866587374e-01
8.068464695051795754e-01
8.071429262613750710e-01
8.074650038444702860e-01
8.077963335885520735e-01
8.078393466977102921e-01
8.079612568202065859e-01
8.082651053551350717e-01
8.084774754857432244e-01
8.089359156664472916e-01
8.090037768044198163e-01
8.091671841021762512e-01
8.093845965012714805e-01
8.095900534718856179e-01
8.099123075475007649e-01
8.100352666522958600e-01
8.102172441417998527e-01
8.105976227288377300e-01
8.106201277449478493e-01
8.108647936100258358e-01
8.113413314204837024e-01
8.113128956699554584e-01
8.115728280477371159e-01
8.118103467192793188e-01
8.121296323269109330e-01
8.121803734183616896e-01
8.123086417089673272e-01
8.127118034606267694e-01
8.130878859144506920e-01
8.130389240695536923e-01
8.134179306291181577e-01
8.133088204406141442e-01
8.136508849047942027e-01
8.140552774792015889e-01
8.140579277172791395e-01
8.143988284661024535e-01
8.146663717935578308e-01
8.147016543856951953e-01
8.151166375789219432e-01
8.154043372550207058e-01
8.152762760086976757e-01
8.154638620294498708e-01
8.160168742335639491e-01
8.159884499276530700e-01
8.164051352842950360e-01
8.165805273345131399e-01
8.165851490735657192e-01
8.170660748212558167e-01
8.171389310688820240e-01
8.171966132179054876e-01
8.174480075081579367e-01
8.176287753651501067e-01
8.179553614822081542e-01
8.179651572959741879e-01
8.183560670868011977e-01
8.186701078445922652e-01
8.187590466164632597e-01
8.191128455001330799e-01
8.192830501937620191e-01
8.191799155390872000e-01
8.195878378016717702e-01
8.197674567020624137e-01
8.199642136423413996e-01
8.201846183222940567e-01
8.203826620873138076e-01
8.206043041290022044e-01
8.206896826536325129e-01
8.208899300355464446e-01
8.211215101957819451e-01
8.212341139080969743e-01
8.216841135498860194e-01
8.216978725298774711e-01
8.219040260078087634e-01
8.222658686304950004e-01
8.222714446078260853e-01
8.224798327621180016e-01
8.228163813632367596e-01
8.227918915307733672e-01
8.230916499684977072e-01
8.234895273951160499e-01
8.235411145620272766e-01
8.237147240196389664e-01
8.241491260341929914e-01
8.240049631676181763e-01
8.241939113519108906e-01
8.245745718002243096e-01
8.246557887627717909e-01
8.250302871349849410e-01
8.250353296454661089e-01
8.252627293407680531e-01
8.254925508887198671e-01
8.256379285254678013e-01
8.257930015435016591e-01
8.258136720643990403e-01
8.263143920337600035e-01
8.263270030480021067e-01
8.264851535296078300e-01
8.268747037296247937e-01
8.269707333807257976e-01
8.271609679613242117e-01
8.277403176955844266e-01
8.274736045118680217e-01
8.277509399841344040e-01
8.280002292528023666e-01
8.282790221286281396e-01
8.283757724394861244e-01
8.284742889749400208e-01
8.286625240787265367e-01
8.289084004750104651e-01
8.291828389541666677e-01
8.292863819973179673e-01
8.294845789767461008e-01
8.297632531577514570e-01
8.299769558154618254e-01
8.302165362373621349e-01
8.303015528034116688e-01
8.303410491095855051e-01
8.307142394056135082e-01
8.307130842638562607e-01
8.309731859116992192e-01
8.313091885354986221e-01
8.312926914085098096e-01
8.315716821056561292e-01
8.319954850812217861e-01
8.318643879339099323e-01
8.321398807742937942e-01
8.323776618796491222e-01
8.326383316270589141e-01
8.326575589867656335e-01
8.328044224595213540e-01
8.330814465680081993e-01
8.332342402022346883e-01
8.333731504681952673e-01
8.335835144501008154e-01
8.335468650037063387e-01
8.339166568686483538e-01
8.340096227832592968e-01
8.343554379923618924e-01
8.343578401790064936e-01
8.348693311363564185e-01
8.348566568732832538e-01
8.350136283157710837e-01
8.351936588075141721e-01
8.355042607083773554e-01
8.355169212372591803e-01
8.358788880629569595e-01
8.359960279460235677e-01
8.361324377332972624e-01
8.362259339243912626e-01
8.366239583870251906e-01
8.365505913372891511e-01
8.368948635874189357e-01
8.368850444736003480e-01
8.372497032744925516e-01
8.373088138933811875e-01
8.373410920140967884e-01
8.375130347334800440e-01
8.378301285350363559e-01
8.380115789766705570e-01
8.382731501105895600e-01
8.384132800062026325e-01
8.386620629442849140e-01
8.387672574857361063e-01
8.390776698694040192e-01
8.390116252931518748e-01
8.393111623326612314e-01
8.392060559139957743e-01
8.394787945044142052e-01
8.398257765618235560e-01
8.399674851951521859e-01
8.399354439357651358e-01
8.404557447668659087e-01
8.404012724784500898e-01
8.406893499946894721e-01
8.408525060105468407e-01
8.408500823077653674e-01
8.412291098590742866e-01
8.414802684408084765e-01
8.412203354675320544e-01
8.416126901983911335e-01
8.417502020530044371e-01
8.418887143462356892e-01
8.422912286966196538e-01
8.424384632040842202e-01
8.423723799940856516e-01
8.426472950673244977e-01
8.427133080329824999e-01
8.430773457545924776e-01
8.432915165886852860e-01
8.433949787928775033e-01
8.435213131399111886e-01
8.437193580978944452e-01
8.439754658539438958e-01
8.440645192245850303e-01
8.442585782621817581e-01
8.441442653498754112e-01
8.443855640501958248e-01
8.446628919773963018e-01
8.449357604175657954e-01
8.449582021791470776e-01
8.452561227009198763e-01
8.454284724579848032e-01
8.453284134013560047e-01
8.457640401760753157e-01
8.459029006081550950e-01
8.461822549248322334e-01
8.461639566025502823e-01
8.463811971332216855e-01
8.465675493027545739e-01
8.466968366183275085e-01
8.468429568074675728e-01
8.470381336256926907e-01
8.472555608560192741e-01
8.472351807636031573e-01
8.474943311451431649e-01
8.476069258587406452e-01
8.477512999858554110e-01
8.478917098216492976e-01
8.481541763616017304e-01
8.482211559438548321e-01
8.484182718105128806e-01
8.485372485583156932e-01
8.486445356336871360e-01
