1.568949484969248132e-02
1.513477966036671715e-02
1.471913983990368741e-02
1.446722008618847762e-02
1.415708714257249944e-02
1.393135787418003403e-02
1.344757588503548047e-02
1.307161476455089011e-02
1.302554107954183998e-02
1.273556738254027348e-02
1.260030286684130259e-02
1.105793073533573555e-02
1.152914759077207536e-02
1.441636322131148798e-02
1.586856424405145433e-02
1.958937242238253246e-02
2.303551529955833246e-02
2.119889981793552508e-02
2.007769976454843244e-02
2.051799019289863441e-02
2.063258945558631152e-02
2.141274760110443293e-02
2.547288465340882824e-02
3.027844491249166714e-02
2.968614995898077522e-02
3.514841956670527318e-02
4.168699609555387431e-02
4.280246563469033982e-02
4.707069247316100769e-02
4.590223959326080599e-02
4.634022491659808146e-02
4.668375640165520202e-02
4.992570085076948605e-02
5.146032605551735528e-02
5.881834385205106375e-02
6.452199675959981173e-02
6.980102728861044270e-02
7.431935345762893941e-02
7.590100821040253465e-02
7.625830538338308762e-02
7.933071875680211549e-02
8.105187291013954409e-02
8.347746638217637405e-02
8.635275133776182388e-02
8.964455169040677629e-02
9.502226387898810023e-02
9.929289610323216442e-02
1.029658250139659226e-01
1.061148576709853991e-01
1.109582316239132865e-01
1.129211422302543039e-01
1.146468043845932372e-01
1.186645866710857034e-01
1.193027739618289229e-01
1.231533524307628080e-01
1.285937585674495343e-01
1.332281252276753536e-01
1.371833407064125820e-01
1.406084252929674372e-01
1.428632934219589423e-01
1.463274876860823914e-01
1.489093868758305239e-01
1.538790892384273024e-01
1.554255707702981992e-01
1.593702573103896736e-01
1.628478522866417810e-01
1.650255750904983665e-01
1.688570244561938827e-01
1.720020257093012317e-01
1.747103227240185408e-01
1.769728930523709887e-01
1.825968215094581071e-01
1.858544957631363681e-01
1.865123307880791892e-01
1.924252657602164296e-01
1.946354319723458959e-01
1.977143093079874736e-01
2.001575545841623727e-01
2.034193506670110008e-01
2.057081614555979210e-01
2.094821945432193966e-01
2.123927091362917685e-01
2.153627422038576766e-01
2.191313668637348000e-01
2.227557005126281076e-01
2.264782612020860841e-01
2.293199313999187416e-01
2.319676552364536015e-01
2.347588988573844349e-01
2.373544922151051839e-01
2.407913716603157506e-01
2.441970502169645563e-01
2.467978580690913526e-01
2.496216634936551104e-01
2.522619837826784450e-01
2.544643439240801830e-01
2.571505137574068289e-01
2.603638603386961847e-01
2.627904879409291294e-01
2.665422735882115868e-01
2.711950604731366288e-01
2.727136871476966706e-01
2.759933847028900322e-01
2.780439370517686637e-01
2.810657302224601195e-01
2.822710185669986549e-01
2.856390386116117175e-01
2.890657169090110612e-01
2.925559315204669386e-01
2.950564248825646163e-01
2.964692890088136412e-01
2.990248787054428647e-01
3.016913347495163711e-01
3.047874282864201367e-01
3.065500351420792358e-01
3.093195466189346821e-01
3.131768406828756568e-01
3.149881681468398864e-01
3.173969651333971020e-01
3.198071602866604524e-01
3.220262794241923188e-01
3.248774396851832891e-01
3.289490864412641935e-01
3.306556202264227529e-01
3.322207219612401952e-01
3.348604739318769563e-01
3.371361231341720721e-01
3.396936939234509456e-01
3.427691976398017926e-01
3.445463095220294147e-01
3.475612846795292921e-01
3.494777165802014918e-01
3.510736002434514669e-01
3.539869704646666504e-01
3.559640619732828970e-01
3.591855521036718679e-01
3.609726773488100005e-01
3.630063889162807311e-01
3.654501817204460212e-01
3.676362332064933014e-01
3.696687242014840002e-01
3.721048898987205922e-01
3.741647390903362624e-01
3.770818769309929319e-01
3.785995140024807082e-01
3.806295122097390071e-01
3.829116650653176523e-01
3.847862171023603839e-01
3.865758298292726880e-01
3.891578626005409713e-01
3.914195440336216136e-01
3.930877840034230353e-01
3.958926978444928801e-01
3.973798914662813875e-01
3.995675030185709686e-01
4.014505375115827723e-01
4.035916739764593419e-01
4.054948057576719389e-01
4.075562267153376439e-01
4.098150421805100696e-01
4.115726262285646642e-01
4.139999717754820341e-01
4.156134782834584596e-01
4.170072187918379414e-01
4.188017559750622509e-01
4.203549492380346808e-01
4.231668736365155059e-01
4.251541451474530331e-01
4.272503099150602446e-01
4.288007610094326516e-01
4.304436818772767737e-01
4.316255003452351136e-01
4.345528750713172350e-01
4.360266726239288015e-01
4.377755623467936563e-01
4.395771817091025380e-01
4.411231524528787529e-01
4.432924572430270160e-01
4.451807307800997870e-01
4.470988484892348125e-01
4.485674764549163474e-01
4.500190962986594934e-01
4.519138254295848589e-01
4.538191971302849570e-01
4.552956783737983071e-01
4.571085105640030344e-01
4.583390528670843178e-01
4.603672474762000588e-01
4.622321362929711075e-01
4.637571074553291095e-01
4.652747322945392505e-01
4.673107596681440046e-01
4.687698756079287099e-01
4.707797012525822833e-01
4.721992395105419349e-01
4.733986809535477569e-01
4.754335917017922797e-01
4.766067850907594328e-01
4.780572030300311304e-01
4.793053682866407206e-01
4.811554377541979455e-01
4.830135575198337694e-01
4.839914821212298324e-01
4.856925317444952261e-01
4.870094805791461701e-01
4.891524347319979316e-01
4.904926304837879947e-01
4.924679816339242455e-01
4.937363921496686903e-01
4.951618108148788666e-01
4.960819949424887798e-01
4.979277241416950051e-01
4.992676240171994295e-01
5.008086363192437718e-01
5.021920000110760007e-01
5.034624967756059499e-01
5.049613017013387939e-01
5.066596586509894973e-01
5.078785791595036292e-01
5.090947866359495366e-01
5.096422825518791555e-01
5.116556087186945323e-01
5.136163046943906796e-01
5.141341939985784038e-01
5.158643540570219121e-01
5.171831503059604040e-01
5.179895834984554748e-01
5.195740660922720799e-01
5.210670854040239108e-01
5.222534012397198611e-01
5.236778167256505023e-01
5.247947207840616413e-01
5.264310360723114535e-01
5.275899562855316249e-01
5.288325022787497831e-01
5.299256091873624230e-01
5.305847482958511163e-01
5.324081224341712382e-01
5.338175020812826466e-01
5.349270876044847078e-01
5.358772328126659712e-01
5.372038636166799330e-01
5.388106073954331832e-01
5.402587328882126894e-01
5.408728897764619736e-01
5.423030266161518176e-01
5.437534126954371994e-01
5.445084262435015976e-01
5.463102430792801112e-01
5.469138755654074924e-01
5.481267397613183157e-01
5.498532462372397456e-01
5.509713977851924405e-01
5.517041598564648153e-01
5.531953434277507853e-01
5.541746979289117192e-01
5.550839091165677974e-01
5.563259634123011166e-01
5.571398706454215866e-01
5.589175748133733412e-01
5.599681835585187395e-01
5.610411237775297932e-01
5.620006153505875401e-01
5.629950658077429448e-01
5.641271363075938128e-01
5.651283208047211959e-01
5.664523414890351161e-01
5.673267302149848090e-01
5.686132675484014687e-01
5.697161251930232817e-01
5.706363878833127234e-01
5.719863016967176028e-01
5.723471444872171299e-01
5.739366626715254327e-01
5.749414678378779175e-01
5.761237430311888508e-01
5.773734708662361381e-01
5.780056253115156695e-01
5.791446679730823943e-01
5.798509257547947993e-01
5.808268614314708866e-01
5.818461037097889532e-01
5.829294879620118275e-01
5.837725049045533465e-01
5.849742221771560002e-01
5.857970023596819065e-01
5.873112348104586600e-01
5.876397331836420435e-01
5.887694125085168873e-01
5.894831416516891354e-01
5.903764167140078678e-01
5.912680396317547826e-01
5.923224595967904182e-01
5.934206483336693649e-01
5.943622793543056337e-01
5.950453419809659250e-01
5.961505866409317900e-01
5.968979326665118101e-01
5.978913874407905116e-01
5.986530003685541779e-01
6.001913069875780549e-01
6.004025305657149092e-01
6.014123667333938217e-01
6.025287578786832077e-01
6.037745372871456961e-01
6.048232339577122030e-01
6.053264954177570711e-01
6.061587807291960450e-01
6.069939444246529314e-01
6.079584618888627112e-01
6.087465032188624781e-01
6.094362065653966543e-01
6.104600128759044564e-01
6.109502306943985772e-01
6.120832688373230024e-01
6.127494553563942459e-01
6.136615361121973145e-01
6.143298448347165319e-01
6.151436563707928240e-01
6.159165714294662086e-01
6.169675001484806742e-01
6.179837004983489424e-01
6.188329224388837702e-01
6.194849060065262814e-01
6.202598227464458658e-01
6.212270587434109981e-01
6.219160911931398417e-01
6.228603753285851807e-01
6.236041696148988400e-01
6.240614234382526604e-01
6.251864841226751901e-01
6.256981867182149770e-01
6.267554858512838223e-01
6.275832866892422368e-01
6.282528558612157088e-01
6.288785998227083285e-01
6.299097701071388888e-01
6.304745126692585799e-01
6.313670614128001901e-01
6.321869752697788503e-01
6.327601263882207672e-01
6.337050125513805643e-01
6.341026842836654520e-01
6.348955117444416985e-01
6.356850915306702099e-01
6.364786334382175337e-01
6.373997979850168916e-01
6.380457567918393913e-01
6.387989221126975092e-01
6.396208557863360955e-01
6.401536221935618665e-01
6.408155741010304052e-01
6.417464595471564781e-01
6.422128140472420643e-01
6.430287158955502180e-01
6.442401675582256626e-01
6.447150319943278918e-01
6.451154546198129003e-01
6.461168108108907848e-01
6.463814617137427776e-01
6.474171661054036742e-01
6.479690789723225874e-01
6.487763438072121636e-01
6.492997767399840692e-01
6.498543928749811460e-01
6.507302250347249961e-01
6.511789989498290021e-01
6.523534912652035889e-01
6.525774506596166979e-01
6.533213788753541307e-01
6.540586720446773805e-01
6.549941922363844427e-01
6.550201660742202003e-01
6.561233389556307971e-01
6.568313175578572860e-01
6.573099797281167778e-01
6.579457004916953178e-01
6.586271286475535724e-01
6.590448513505464678e-01
6.597636002327215143e-01
6.606150811437001558e-01
6.612468650691613048e-01
6.617793351161654902e-01
6.621509036843300500e-01
6.632674856550828668e-01
6.640959878815211326e-01
6.644825818495708747e-01
6.650626322782481337e-01
6.657599070883268855e-01
6.666776280425403822e-01
6.668339263136944250e-01
6.674851888524095944e-01
6.683781567333438867e-01
6.686012523035816946e-01
6.692642788157969758e-01
6.701112713401852217e-01
6.707190632744018943e-01
6.706262805907582392e-01
6.716994552517305817e-01
6.727784972562858012e-01
6.731647857800695522e-01
6.733517828685720019e-01
6.742314168013189279e-01
6.747112591354352817e-01
6.751769313490889601e-01
6.757180309385959482e-01
6.765054923170648049e-01
6.765922201663201463e-01
6.775032141001233743e-01
6.782837994722402675e-01
6.788714505615199846e-01
6.792891279207137201e-01
6.795938182421457086e-01
6.804575848709191188e-01
6.810588141001534535e-01
6.817050547129127613e-01
6.823916096527693487e-01
6.827146168676846427e-01
6.835251662885687418e-01
6.837961652645029309e-01
6.845864511847419287e-01
6.852024102592119137e-01
6.854846826490017531e-01
6.860089365522868965e-01
6.864331012061256621e-01
6.872087151178611908e-01
6.873566301017808300e-01
6.881713493634841194e-01
6.885722251909384140e-01
6.892493846492133702e-01
6.897813762436656448e-01
6.904003019750232228e-01
6.909412704222418489e-01
6.910586423479486706e-01
6.917950188907275866e-01
6.924948222116025232e-01
6.929126483666230296e-01
6.932494421275228191e-01
6.936321144110939585e-01
6.943011435003606513e-01
6.950223447250138964e-01
6.955183467366140571e-01
6.958909336974443693e-01
6.966527405576328213e-01
6.970780153627841313e-01
6.973050191324080549e-01
6.979624778703831245e-01
6.983824230920174791e-01
6.989629234189576046e-01
6.996810513527139674e-01
7.001111003665384525e-01
7.004129132926273371e-01
7.010811156709654268e-01
7.015607310220718373e-01
7.021269324604110240e-01
7.027152876868797415e-01
7.028184567616376777e-01
7.036121683272561489e-01
7.040428977488624174e-01
7.041312659447426237e-01
7.049930949767652111e-01
7.052986532331408931e-01
7.062567925588573159e-01
7.062768785800181970e-01
7.068745520312240682e-01
7.073809396890685663e-01
7.081194742505051432e-01
7.082541971506054468e-01
7.091348873463400038e-01
7.090977586808628885e-01
7.096450735591254277e-01
7.103873366826330971e-01
7.102286543758904447e-01
7.107052458144128559e-01
7.113823213172445481e-01
7.121032953572131730e-01
7.124087298138789270e-01
7.129614582454182337e-01
7.135029825850858209e-01
7.136965817159375280e-01
7.142020666986910182e-01
7.146665125725946144e-01
7.148992811325969310e-01
7.154715351650186017e-01
7.156542005192604305e-01
7.163474759222283605e-01
7.166658035950687067e-01
7.174895675360645209e-01
7.178326895372983962e-01
7.180432406646888310e-01
7.186963037145238653e-01
7.190142886858827964e-01
7.196376842807827856e-01
7.200540705814852949e-01
7.203167257698309678e-01
7.210862563218589649e-01
7.210128381170440859e-01
7.218675232696757371e-01
7.221544548675137287e-01
7.225540203439486664e-01
7.227924501112590328e-01
7.235108807021874977e-01
7.239359368759721303e-01
7.240252743766969479e-01
7.247013799587006533e-01
7.251129862624291489e-01
7.256236255079976383e-01
7.258685960206833210e-01
7.261791104510187944e-01
7.267012454108292552e-01
7.271171616662468473e-01
7.275531317043928414e-01
7.275257503428786965e-01
7.282164260943043699e-01
7.289588922511148761e-01
7.292334034758900518e-01
7.298838678477285180e-01
7.303570101786740487e-01
7.304901025273226045e-01
7.311294671130975642e-01
7.311968230365402110e-01
7.316993038992420928e-01
7.322545678017656767e-01
7.325568118714784749e-01
7.327224914400808364e-01
7.330090659920491802e-01
7.336135861243577860e-01
7.336965266939029506e-01
7.345085355096407920e-01
7.348816124958872376e-01
7.351989800268678987e-01
7.357113743556381591e-01
7.359987857902490216e-01
7.364871661607059750e-01
7.371086050251741684e-01
7.372018913268517659e-01
7.376082308881427574e-01
7.379699809749183936e-01
7.386442671335124999e-01
7.388755938950221092e-01
7.392704145554250816e-01
7.396021509099033331e-01
7.399145064752764567e-01
7.403002573118342422e-01
7.403926857344113044e-01
7.412099340424022076e-01
7.415190301674806639e-01
7.419679792437228194e-01
7.421153987883180037e-01
7.424198926170997304e-01
7.431169455525653555e-01
7.435451485757523793e-01
7.439275719572215895e-01
7.442091517315319038e-01
7.444526195401579560e-01
7.447997377533317476e-01
7.450495084660218037e-01
7.454072834250413671e-01
7.462187276505610756e-01
7.460827704937227356e-01
7.466001597934794898e-01
7.470987693308699384e-01
7.471431492773872307e-01
7.476649698082269424e-01
7.483151805468351014e-01
7.485063826070785797e-01
7.487951346146060061e-01
7.490659207033160127e-01
7.495903691072511865e-01
7.500558995970798559e-01
7.501012155671795689e-01
7.505958143297136731e-01
7.511631403615182112e-01
7.513229657727709121e-01
7.517842544185558973e-01
7.522008117007480399e-01
7.523725303858479485e-01
7.529089611097932178e-01
7.531624608852944824e-01
7.535649729816904507e-01
7.536122853854856363e-01
7.543200727629277846e-01
7.547865942371765335e-01
7.548392096434574094e-01
7.552523793090791804e-01
7.556565583218283200e-01
7.558171067078001126e-01
7.562514247013517599e-01
7.570831759652381088e-01
7.568494523506340554e-01
7.572668182853392604e-01
7.574302124704326289e-01
7.582364492415698543e-01
7.584844032152912030e-01
7.585323493286137975e-01
7.587783409002740731e-01
7.593856182277315403e-01
7.596272402412206359e-01
7.596679806177887295e-01
7.603287915311157663e-01
7.607442023231919537e-01
7.609594056257285022e-01
7.614786929331032184e-01
7.614601915881713534e-01
7.620264374816233532e-01
7.622362583335993147e-01
7.624796262935670255e-01
7.628539839330912287e-01
7.631588260554933445e-01
7.635161927697177164e-01
7.638454897043264191e-01
7.643111437052471091e-01
7.645093035243103463e-01
7.648609224294276032e-01
7.651274757823443018e-01
7.654167640618542157e-01
7.659507179439850599e-01
7.661307105521310001e-01
7.663744851752183340e-01
7.665489647613697999e-01
7.669992408031202080e-01
7.673426896913541073e-01
7.678571854246943884e-01
7.678932386520256337e-01
7.685482270842453056e-01
7.686867137728242705e-01
7.689758687538197357e-01
7.693331795392799322e-01
7.694546183622438251e-01
7.698642367644148443e-01
7.701199782310298447e-01
7.706384448495137152e-01
7.708103149350720162e-01
7.710673962250470526e-01
7.710731727632342825e-01
7.718284528798148303e-01
7.720983566105436013e-01
7.720814456876909926e-01
7.727568758862034537e-01
7.727119803520129393e-01
7.733967997085139379e-01
7.731635206563731710e-01
7.738416486926859017e-01
7.740476787305528017e-01
7.744055940203580235e-01
7.746385887086210120e-01
7.748925583121899496e-01
7.753581733237193685e-01
7.755761795620024213e-01
7.756769101156436585e-01
7.761214398366450551e-01
7.763612386568281565e-01
7.768135256691296453e-01
7.771356917376198714e-01
7.773947975602969462e-01
7.776109915635394110e-01
7.777675792169292945e-01
7.783283711458183207e-01
7.784809645347273710e-01
7.788593121656685048e-01
7.792630748457007872e-01
7.792739671148311009e-01
7.797701398000659312e-01
7.797757997839979138e-01
7.803176048062588910e-01
7.807855664463650980e-01
7.807694250104104672e-01
7.812588520531902336e-01
7.813665633772728381e-01
7.816078610426798745e-01
7.818207781693463643e-01
7.823051304666480688e-01
7.826305344275301668e-01
7.827784921855334144e-01
7.830178149745735672e-01
7.833975247552911192e-01
7.835375312809729209e-01
7.840360956220141508e-01
7.841142379283975172e-01
7.844757686046471834e-01
7.847419739716198217e-01
7.850573481378499974e-01
7.850161479648811724e-01
7.856442162592659484e-01
7.858935321685475150e-01
7.859265019940102626e-01
7.860934348457477849e-01
7.867517986730310220e-01
7.870246023129905399e-01
7.872304842461046448e-01
7.876481479605367264e-01
7.876108377235528923e-01
7.880231735992424547e-01
7.885667683994636024e-01
7.885639871425431657e-01
7.888686843121915926e-01
7.889404572520543057e-01
7.892519314303381162e-01
7.896204182394945814e-01
7.896372871856656150e-01
7.902914857263121373e-01
7.903022354257543958e-01
7.907752616851889682e-01
7.910745766850384442e-01
7.913341975082979207e-01
7.916522045210904190e-01
7.919257104746526554e-01
7.922043925204889092e-01
7.922456975204140717e-01
7.924678046711881585e-01
7.928206499877427094e-01
7.930201068494596717e-01
7.933341651037266740e-01
7.938373566888068389e-01
7.938438172990406327e-01
7.943308969999861580e-01
7.946246202988694884e-01
7.947063591435720165e-01
7.948377984789570805e-01
7.951683368141374553e-01
7.955968415381161618e-01
7.957662781442133015e-01
7.958974354111796323e-01
7.963674819397386084e-01
7.966521143669200722e-01
7.967044816544944785e-01
7.969851466014253871e-01
7.972091840167891963e-01
7.974134509252016612e-01
7.978805809265614446e-01
7.981599452026515440e-01
7.982001453837260785e-01
7.985428048068409224e-01
7.986062346616670249e-01
7.992256247763788179e-01
7.993639698194400234e-01
7.995785708955707172e-01
7.997385337038350750e-01
7.998588656515437378e-01
8.003385232615977118e-01
8.001660951996243387e-01
8.006029956758229371e-01
8.009948449400403625e-01
8.012186952842328402e-01
8.016753883406849690e-01
8.018124401687380942e-01
8.019807406846640729e-01
8.023461735810173412e-01
8.025685580901216198e-01
8.028024721540505393e-01
8.030617345597385048e-01
8.031437731475805641e-01
8.034705356048129632e-01
8.037797962818793440e-01
8.039162082811976973e-01
8.041637295685792886e-01
8.045194455032503855e-01
8.047035338005259497e-01
8.047693265196023127e-01
8.051569147937230886e-01
8.054209411157552401e-01
8.056835279456870946e-01
8.058451708955114423e-01
8.060220999971412503e-01
8.065115280638162076e-01
8.064016508802884786e-01
8.067707993157404722e-01
8.069282968132951428e-01
8.073701636116722424e-01
8.074609417509635012e-01
8.077349110775177143e-01
8.077305406452239822e-01
8.082299107178699815e-01
8.084335850066863838e-01
8.087750424829307505e-01
8.090333163835602415e-01
8.090290475461927588e-01
8.093521290236013188e-01
8.096754376561965394e-01
8.097621773569833037e-01
8.100261351855633229e-01
8.102328921640545856e-01
8.104299494132400916e-01
8.106520315607315119e-01
8.109981884465422564e-01
8.112200654863933602e-01
8.114533590629037230e-01
8.117731636348088919e-01
8.118592873580606772e-01
8.122859313011193683e-01
8.121603679227719086e-01
8.123525869027554691e-01
8.127689740539468799e-01
8.132515553718723256e-01
8.133016814114247817e-01
8.135294919886740805e-01
8.135943114954780064e-01
8.138554238285575781e-01
8.141116574884473822e-01
8.143095140062888149e-01
8.144682921881056803e-01
8.145525919673883841e-01
8.150492605693493431e-01
8.152431052867931127e-01
8.154973802192277965e-01
8.155445668552165905e-01
8.157179303940251813e-01
8.159338061104344231e-01
8.163446358559357519e-01
8.163613815460648571e-01
8.165930972216629558e-01
8.170415361896260498e-01
8.172865573245120530e-01
8.173780970860184958e-01
8.177918232226282225e-01
8.177282111300435696e-01
8.180716261296764324e-01
8.180383071587590260e-01
8.183798663898161907e-01
8.187068463942765995e-01
8.190738649119145842e-01
8.188744989164082888e-01
8.194393327192827092e-01
8.194743874648269255e-01
8.197438670503022218e-01
8.199731762717236139e-01
8.200734588594345009e-01
8.204635759832369368e-01
8.207131299510268541e-01
8.207329379749198628e-01
8.209539555450782178e-01
8.211919492531235543e-01
8.214627794253158699e-01
8.217483188067872257e-01
8.218535582046416765e-01
8.221098367122101624e-01
8.220962438966492591e-01
8.223868628059247676e-01
8.224687838949289453e-01
8.231119442580705492e-01
8.232081382081637422e-01
8.232986405178326361e-01
8.234830128760408652e-01
8.235328910326039642e-01
8.240531639393020580e-01
8.242261499592116181e-01
8.243533053802436505e-01
8.244083902518027918e-01
8.249035331055465381e-01
8.249756001303228947e-01
8.253310011005136060e-01
8.252239397657070707e-01
8.256108225656371147e-01
8.257492618147517227e-01
8.259882568292933325e-01
8.263517958918206174e-01
8.264519388457333138e-01
8.268397332341518302e-01
8.268175647506852410e-01
8.272932168704401068e-01
8.271531186112534018e-01
8.274264140657558997e-01
8.275903113839772063e-01
8.279277522844984416e-01
8.280693617765558789e-01
8.283265415663805253e-01
8.284787010523642081e-01
8.286051359842729891e-01
8.288972759936125145e-01
8.288285647590560856e-01
8.291400096947815213e-01
8.292819820026759992e-01
8.294595179412667107e-01
8.298765897750877141e-01
8.298753483685760157e-01
8.301825568767804420e-01
8.304539989209152040e-01
8.306010064931795833e-01
8.307968793492459536e-01
8.310308670563751887e-01
8.311111121424628045e-01
8.315143303619423332e-01
8.315888371241014765e-01
8.318304134995549992e-01
8.319869293757418127e-01
8.322564085620318686e-01
8.324710241407123901e-01
8.326425466746069093e-01
8.326060080677755160e-01
8.329628207825748865e-01
8.331569402233079957e-01
8.331089456426127304e-01
8.336241185505756102e-01
8.339376229305868193e-01
8.340278121542273881e-01
8.340657692053399241e-01
8.343548370359852306e-01
8.345418604678783714e-01
8.347261143502503478e-01
8.349666206385275569e-01
8.349885267333949646e-01
8.351844240527419583e-01
8.353252049281938429e-01
8.357045250481336396e-01
8.356453716473163373e-01
8.360327320594417300e-01
8.362264113063956339e-01
8.365435482529874900e-01
8.365283756781626279e-01
8.368538349966359036e-01
8.368682011352730488e-01
8.372666665986256973e-01
8.370334263775111028e-01
8.375042687488991611e-01
8.377428930232991844e-01
8.378195200504842122e-01
8.381966300186758367e-01
8.381921415058021241e-01
8.383479578404476884e-01
8.386754977676345035e-01
8.389399082501597382e-01
8.390644065867715051e-01
8.392610245300974325e-01
8.392778036075049242e-01
8.394819531431412241e-01
8.396805963695794794e-01
8.401959893038304372e-01
8.401552727182075575e-01
8.401936885697637303e-01
8.402788249911149476e-01
8.407381676713937546e-01
8.410046135831342751e-01
8.409995729135427700e-01
8.410593071616303540e-01
8.411828018851599253e-01
8.416353131070494209e-01
8.418371634618657673e-01
8.420053736517928433e-01
8.421947121293628102e-01
8.422351662137075312e-01
8.425435911754591833e-01
8.427949370019304220e-01
8.428214297637068864e-01
8.432626574546081555e-01
8.432837004458479946e-01
8.433976204518438546e-01
8.435425757141460368e-01
8.435963766459465552e-01
8.440781203597534921e-01
8.440561639058390409e-01
8.443271828163995130e-01
8.445526341749594046e-01
8.447398997369757190e-01
8.449183592200291137e-01
8.450453558070383231e-01
8.452457718060675251e-01
8.453986057538742660e-01
8.457182958616931145e-01
8.455865658824786024e-01
8.459533811105763856e-01
8.460914258025050705e-01
8.463469397263158056e-01
8.465728046447257293e-01
8.466265543488492584e-01
8.469103659015287944e-01
8.469186947100508789e-01
8.470193858293161293e-01
8.472721801894823601e-01
8.474794431707336484e-01
8.477392487748056649e-01
8.477310747124152668e-01
8.479277159461063862e-01
8.482600770749207930e-01
8.482645318047103977e-01
8.485671510182405397e-01
8.486952304728465624e-01
8.486781285583631096e-01
8.489833592017635988e-01
8.491566551241183092e-01
8.495730694017699092e-01
8.496744359520945755e-01
8.498018886559320917e-01
8.500633983420330386e-01
8.500802845933012053e-01
8.500036466238808375e-01
8.505561201178012398e-01
8.506388579666911420e-01
8.509121783448269083e-01
8.509157597172121168e-01
8.510155885814159049e-01
8.513891590558746447e-01
8.515120751311564540e-01
8.516580518530461053e-01
8.518375293769961942e-01
8.520264846602135789e-01
8.520382664214471991e-01
8.522803089137138688e-01
8.526270309657872914e-01
8.526367945603274823e-01
8.528004958282541237e-01
8.528899846611460722e-01
8.529893083401058895e-01
8.531709883218622226e-01
8.535760212102134759e-01
8.537246068986474867e-01
8.537586938289624117e-01
8.540635153243136823e-01
8.540899817284739459e-01
8.543155939788726894e-01
8.544677698060219040e-01
8.546111468879259432e-01
8.547808253376678600e-01
8.548175985224780726e-01
8.551121039126400314e-01
8.553314261702064103e-01
8.555186341959077900e-01
8.557256410992735152e-01
8.557006134276234910e-01
8.560416791225128330e-01
8.560619268486288069e-01
8.562861805155220773e-01
8.561124680495824091e-01
8.566271464255761359e-01
8.567564871417681083e-01
