1.506797988432221902e-01
1.507452506558975835e-01
1.507625795705372085e-01
1.513345755342816457e-01
1.520537233700940127e-01
1.523607276020664814e-01
1.525456979959218529e-01
1.525716308329223836e-01
1.523335094590666516e-01
1.521707206571739357e-01
1.519744608982758483e-01
1.518554645090469390e-01
1.519955135643154265e-01
1.523254012776081856e-01
1.525823655485918362e-01
1.529284533686536551e-01
1.531670680054991462e-01
1.529697459143126437e-01
1.527261477264680312e-01
1.526272994745273559e-01
1.524974813267192808e-01
1.525771321957948845e-01
1.528639524799536298e-01
1.533904862305411898e-01
1.533843740920355081e-01
1.538505622232258507e-01
1.543811294534713496e-01
1.542503450153298872e-01
1.545695708111954336e-01
1.544822742707778751e-01
1.544125980917402663e-01
1.541866231665752207e-01
1.544590193288605806e-01
1.547915254057809498e-01
1.556070935903032526e-01
1.559808838940880960e-01
1.563008740732862445e-01
1.567887949776534118e-01
1.569919395642638826e-01
1.567893640516758724e-01
1.571233171812344009e-01
1.571713138801510423e-01
1.572530240047483874e-01
1.573985523446457258e-01
1.575701498019097813e-01
1.581635731324403937e-01
1.585768328948481687e-01
1.589559155138088320e-01
1.593901289619070460e-01
1.596769368025059421e-01
1.597291906517493421e-01
1.602054946330342122e-01
1.605780732678720180e-01
1.606086565981954817e-01
1.606804590980293046e-01
1.610159555666075548e-01
1.616342731373546782e-01
1.626723684858356056e-01
1.626928219073298376e-01
1.622494787304604447e-01
1.630027853482187150e-01
1.629689810695878205e-01
1.635230096864844218e-01
1.638446241472267806e-01
1.641347919149429013e-01
1.638540245378099780e-01
1.651539565296705758e-01
1.651399820459911183e-01
1.656511773301094226e-01
1.656375604974213156e-01
1.663441512331567673e-01
1.671198269704210204e-01
1.670557716349303501e-01
1.674035681069266090e-01
1.680196897106403520e-01
1.679414308703069125e-01
1.683753562356433420e-01
1.684918368215305162e-01
1.689944141120296450e-01
1.701803469923908740e-01
1.706376430369908048e-01
1.701943512825268845e-01
1.708329515460333681e-01
1.716463050174905636e-01
1.712300303153267977e-01
1.713025319186926854e-01
1.717164008248204532e-01
1.720031326983574305e-01
1.725364077154747655e-01
1.722054568416398757e-01
1.727621556223279953e-01
1.740954550991598293e-01
1.743375956302422591e-01
1.745649383850802483e-01
1.751050039157520388e-01
1.760715371759390691e-01
1.750646009942873615e-01
1.765030232238707364e-01
1.767329500858252078e-01
1.768191628822615991e-01
1.778067081686111883e-01
1.776637574721227353e-01
1.776580398018309248e-01
1.781005901552263349e-01
1.781572230870510087e-01
1.795004314992985905e-01
1.795777142852145736e-01
1.796587396744365739e-01
1.808002456489433973e-01
1.806660896472425948e-01
1.807855556501172523e-01
1.803548846949890871e-01
1.804195507011568667e-01
1.812394414024911526e-01
1.829133323370602249e-01
1.828006800709591206e-01
1.826624711555909775e-01
1.832127554843732131e-01
1.830090731982766117e-01
1.833617491822622791e-01
1.848266156865656373e-01
1.851677284780855748e-01
1.849595894026642706e-01
1.854567143179541855e-01
1.862287694581021280e-01
1.869368036378386555e-01
1.872044778564138645e-01
1.872900864228506379e-01
1.875390956357786687e-01
1.874058760460679540e-01
1.879962797466868674e-01
1.891077318361996384e-01
1.889226079628917865e-01
1.890401037444050525e-01
1.894365259971986237e-01
1.896097721609858455e-01
1.902003983770393925e-01
1.914512859995535499e-01
1.915785251111914167e-01
1.925175835645778211e-01
1.924705669621738779e-01
1.927877244131437351e-01
1.927689054120119705e-01
1.936159448754619650e-01
1.940858401433528391e-01
1.940428352904338405e-01
1.946601913741306811e-01
1.950131528538706083e-01
1.953312460373121950e-01
1.951908436836741478e-01
1.962122400317974913e-01
1.952425428837544497e-01
1.972136217186072904e-01
1.964154310057018571e-01
1.969250412754281199e-01
1.979336869981338232e-01
1.979042242561855625e-01
1.983894657879127499e-01
1.976898318781129538e-01
1.983185449615002816e-01
1.997073060287649082e-01
2.003751311301640581e-01
2.008320537965663510e-01
2.005959787111269987e-01
2.009056623656817198e-01
2.012332359982656194e-01
2.013482981548675999e-01
2.013650810557917059e-01
2.017717630865924483e-01
2.022702669989367430e-01
2.028122545163138224e-01
2.035817239783404564e-01
2.040063618944943924e-01
2.044256220876554397e-01
2.045696359386633412e-01
2.047868464449391634e-01
2.053122213319433231e-01
2.053160664667685875e-01
2.057679971120481288e-01
2.063757836387512812e-01
2.061317126399918043e-01
2.069270796707858573e-01
2.076182177242813232e-01
2.078420867253856219e-01
2.081213901217541240e-01
2.083396869004784935e-01
2.081233759783802650e-01
2.092633682560164909e-01
2.097316427903030411e-01
2.096624190882195315e-01
2.102266550941153389e-01
2.108176560737760885e-01
2.104629002653978231e-01
2.109554972219214730e-01
2.117908082839252415e-01
2.110646852321649281e-01
2.120345537276834003e-01
2.132685908370841044e-01
2.129493926240357826e-01
2.127628621507309525e-01
2.136690079653946472e-01
2.146568757053755327e-01
2.147714295703950782e-01
2.144720415441309369e-01
2.146863173741941355e-01
2.150049192204147863e-01
2.156534350836345204e-01
2.158803054080031536e-01
2.159818580414324951e-01
2.160116498791975481e-01
2.166666875509919432e-01
2.177072068394448889e-01
2.179097171322532112e-01
2.181991885246611362e-01
2.188686987075873225e-01
2.191961507641690399e-01
2.194865055408831145e-01
2.198981280760376189e-01
2.204077096771692723e-01
2.205928362666442766e-01
2.203472621743618742e-01
2.208398683115741501e-01
2.218233887696156592e-01
2.222024878585700525e-01
2.223827150951758758e-01
2.221972223833463544e-01
2.228708563355828454e-01
2.233021584692780614e-01
2.235966518273841130e-01
2.239495389231562772e-01
2.252291790538027416e-01
2.238763959121159441e-01
2.258305208086220373e-01
2.260786128500674452e-01
2.249111593958406374e-01
2.266579933738866737e-01
2.257487129388744129e-01
2.266798181056087491e-01
2.273847128371749571e-01
2.275949993120734705e-01
2.276517855218636310e-01
2.285148009655316725e-01
2.282713033041853801e-01
2.291833657626830001e-01
2.288724816101420645e-01
2.290882675320799755e-01
2.298066955457801208e-01
2.299841066487880725e-01
2.301379597865356175e-01
2.306946676046283673e-01
2.310849394409362489e-01
2.312533031741640377e-01
2.314852601192428638e-01
2.319784039049367641e-01
2.324122929802580062e-01
2.323382547349882310e-01
2.327629443290818723e-01
2.335086719471697325e-01
2.338351450861491099e-01
2.339123946630382311e-01
2.340551718028748840e-01
2.346612213711197770e-01
2.355416987841550680e-01
2.357539577193589753e-01
2.361368294163977699e-01
2.365577826448983234e-01
2.368336021678257020e-01
2.368244179121427317e-01
2.370403456747963156e-01
2.375223511789196773e-01
2.380008684404198160e-01
2.379467527650490077e-01
2.384848953490670831e-01
2.390026308845514535e-01
2.395221047141792015e-01
2.396645452542767174e-01
2.398424404292746892e-01
2.402967779350520805e-01
2.410496088184927166e-01
2.408007830009918082e-01
2.413038876140537192e-01
2.415573134373580066e-01
2.414761574563422664e-01
2.418832679372903138e-01
2.426786495361353269e-01
2.432768694905664553e-01
2.432249390885671825e-01
2.435959861837909135e-01
2.439933136135127578e-01
2.442873113083490200e-01
2.443657637744564015e-01
2.445170986120823731e-01
2.448502214322496318e-01
2.452824732228387206e-01
2.451112947643483420e-01
2.455982753378913586e-01
2.465783611837432943e-01
2.473099398976533747e-01
2.475129046058374138e-01
2.473728090702318472e-01
2.476799380372166626e-01
2.479388780318457774e-01
2.479803301077568856e-01
2.487339860191053742e-01
2.489045486545802544e-01
2.492259881647702346e-01
2.500888519813260213e-01
2.502278093255361768e-01
2.503108104537142276e-01
2.505518349764664920e-01
2.510243817819039491e-01
2.514653988092751535e-01
2.517599592968884914e-01
2.521050530404565504e-01
2.521917538986200857e-01
2.522989100661375272e-01
2.526074986712016912e-01
2.529544576399461175e-01
2.531848898076825005e-01
2.534954252128879815e-01
2.538649826906848039e-01
2.540300827456928867e-01
2.544655170623433826e-01
2.554579869743828224e-01
2.553903307044497195e-01
2.554482866677473263e-01
2.559930537397396844e-01
2.562651595338484301e-01
2.565652918274078931e-01
2.569193576668565293e-01
2.573761249081414904e-01
2.575130409406165000e-01
2.577145008439046259e-01
2.578700696275731397e-01
2.584659310591216896e-01
2.586060848648587540e-01
2.586528269185678908e-01
2.593871600518930509e-01
2.600279133372362383e-01
2.599227822594583626e-01
2.600363480619237722e-01
2.605639584596902703e-01
2.604942167589062163e-01
2.608205736990716339e-01
2.613908216796198003e-01
2.618593214860748808e-01
2.622331104217565656e-01
2.623409760914655053e-01
2.625946355000307597e-01
2.631657678113697441e-01
2.634745530995843410e-01
2.638952485355670619e-01
2.640713353518434614e-01
2.642878545488115960e-01
2.643611574982203116e-01
2.646675510772522610e-01
2.650421543852749529e-01
2.655091098569837271e-01
2.659469817101662303e-01
2.659902924325528994e-01
2.658639707170963318e-01
2.668484014124969939e-01
2.673051935120664968e-01
2.673982049949881201e-01
2.674571229939080030e-01
2.673956004779206586e-01
2.680278489844458156e-01
2.685829124567213344e-01
2.687837358762772966e-01
2.690952333677793518e-01
2.694544631835194548e-01
2.698066452551270422e-01
2.697877211541210851e-01
2.702658788005778967e-01
2.706952548498273159e-01
2.709023329892438769e-01
2.711462595207506099e-01
2.715427884740505005e-01
2.719321253425109886e-01
2.720567057833436775e-01
2.722295556382968718e-01
2.729772270614895247e-01
2.731770080520883881e-01
2.731223663233559029e-01
2.734807178586818321e-01
2.737766276615697381e-01
2.742041871039730960e-01
2.744937925695034586e-01
2.748143282096993656e-01
2.750653152774741872e-01
2.754591757735757596e-01
2.758686463640768749e-01
2.760073724770287229e-01
2.762544126667935140e-01
2.764386600239390757e-01
2.766252317659430027e-01
2.770923721552015495e-01
2.773972368249552067e-01
2.778483232538556669e-01
2.781369219184695596e-01
2.781499014220593091e-01
2.784575657716503172e-01
2.788136134706599711e-01
2.792072233035274298e-01
2.793744485849383175e-01
2.796438940451174693e-01
2.799339877143960376e-01
2.801329498204034874e-01
2.805202767589163870e-01
2.808373836849444305e-01
2.810748364640304198e-01
2.813707022211240361e-01
2.816411688368626320e-01
2.820735760505481693e-01
2.824415695315379282e-01
2.828355919847528321e-01
2.829914024590771682e-01
2.832369620083283746e-01
2.835865018487337408e-01
2.837555189345543072e-01
2.840465212075555246e-01
2.843273689585254504e-01
2.844865351255010388e-01
2.848285271669223073e-01
2.851169933001526102e-01
2.855544010723716220e-01
2.858382150699077529e-01
2.861891215178428149e-01
2.863609500552045106e-01
2.867222919203144538e-01
2.868857161802652045e-01
2.871246376099956255e-01
2.874316427074059543e-01
2.876574515521039821e-01
2.879861947439710801e-01
2.882564788782227549e-01
2.885500866358871597e-01
2.888021946359700665e-01
2.890624137917610081e-01
2.891053460169171752e-01
2.894720842102343483e-01
2.899251696817953805e-01
2.902642212965820256e-01
2.905474246696334584e-01
2.908665085754525426e-01
2.911847145417180149e-01
2.913731641037505815e-01
2.916079319362834266e-01
2.919951125956411486e-01
2.921988853333191694e-01
2.924623092052047735e-01
2.928119538527406140e-01
2.932503953866650304e-01
2.934406505618347150e-01
2.935122840521568466e-01
2.936248012317551059e-01
2.940456183156930359e-01
2.943742231381177854e-01
2.946039465299514770e-01
2.948110593884246677e-01
2.951276324481906799e-01
2.952557365752126461e-01
2.956910443835149005e-01
2.961822413551310484e-01
2.967521360696916410e-01
2.967695263310377585e-01
2.969532917752460977e-01
2.973833677269615006e-01
2.975910304142126983e-01
2.979661694812420492e-01
2.982144516845741666e-01
2.984632717213489550e-01
2.988241323123956295e-01
2.990044722340656769e-01
2.992882884051865644e-01
2.993729195378123098e-01
2.996331337681140683e-01
2.999987329142873582e-01
3.001609906289296470e-01
3.005834462067952240e-01
3.008514796159509341e-01
3.011730816308920700e-01
3.013888987996878877e-01
3.015159197268966751e-01
3.017285018021261811e-01
3.020123399739325087e-01
3.022654297055760164e-01
3.025108251966985851e-01
3.028807615015174926e-01
3.030937604810796659e-01
3.035164197575352940e-01
3.039230934165862430e-01
3.041678713929257261e-01
3.043021843072039601e-01
3.045572836086792856e-01
3.048709535730427245e-01
3.053122481450133985e-01
3.055798943454021699e-01
3.058577718499682629e-01
3.060034263694523804e-01
3.062112961761335739e-01
3.065656154615096218e-01
3.069019198408255433e-01
3.071928983901693888e-01
3.074508256921839600e-01
3.077393053430754200e-01
3.079441438321406377e-01
3.080583402507050539e-01
3.082990405656061417e-01
3.083950813541468938e-01
3.088422214823783873e-01
3.092033872138856276e-01
3.095861457730106348e-01
3.096075485034627817e-01
3.098264044064597544e-01
3.099988225982173717e-01
3.103734651489335472e-01
3.106532473146714768e-01
3.109368895567192759e-01
3.113029014872673028e-01
3.116917522882227121e-01
3.117215036594535027e-01
3.121255230063408881e-01
3.125097356550011196e-01
3.126590050634510676e-01
3.127449051791192369e-01
3.129876715929827413e-01
3.132648683030435643e-01
3.134456202291173721e-01
3.139207662563874290e-01
3.143566308028173384e-01
3.145330359119148378e-01
3.147443829426604944e-01
3.150362163116231518e-01
3.151954372504329749e-01
3.155631207527506144e-01
3.159362306786914210e-01
3.163594155707103450e-01
3.165609990777688565e-01
3.167579629779763706e-01
3.171022711252321491e-01
3.173599226797255701e-01
3.176441974136702262e-01
3.178558806275537107e-01
3.181002380678891184e-01
3.182880497086165161e-01
3.188188786645342332e-01
3.189722724441736990e-01
3.193838469306048977e-01
3.196539302929951587e-01
3.199026148821184079e-01
3.201389410353934206e-01
3.204224011656341409e-01
3.206981107566298506e-01
3.209820730831354774e-01
3.211514884208224174e-01
3.214247805563147931e-01
3.218043359814336535e-01
3.220284516427411869e-01
3.221991337636848085e-01
3.226248925551719604e-01
3.228570366425528859e-01
3.233383680733223353e-01
3.234949717944824998e-01
3.237464570207159720e-01
3.241309506184057998e-01
3.244827582114404585e-01
3.247422995856604211e-01
3.250362895607426528e-01
3.254103723521235003e-01
3.256355109222978106e-01
3.258359559598659194e-01
3.260581952287144869e-01
3.263145972321288002e-01
3.266157634346018579e-01
3.268397240480343524e-01
3.271029381210894815e-01
3.275181286181891305e-01
3.279350733305739229e-01
3.282094155030433336e-01
3.284672452503885620e-01
3.287166493881087392e-01
3.290592791448350707e-01
3.292561835989583074e-01
3.295941370684463689e-01
3.297854492415773220e-01
3.300067899803386107e-01
3.302650992537931596e-01
3.305897210197726310e-01
3.307279803754695768e-01
3.310642577862836222e-01
3.314483204997490939e-01
3.317224334170262301e-01
3.318681958640367080e-01
3.326609406505313671e-01
3.327197435365987221e-01
3.330270499807705398e-01
3.332927471264370278e-01
3.333900861857793663e-01
3.336237462368947804e-01
3.338198681660711209e-01
3.341291467865065146e-01
3.345828222305474720e-01
3.350319788987983771e-01
3.353254994191802729e-01
3.356576442372277702e-01
3.358870501313571677e-01
3.361767641401685047e-01
3.364098952788253105e-01
3.369031682361094404e-01
3.372201913809406704e-01
3.373245119003898118e-01
3.377789878325821449e-01
3.380672838500851651e-01
3.383032593458898396e-01
3.385825288366822172e-01
3.388156688643729764e-01
3.390858993885458306e-01
3.394218313107931762e-01
3.397038552576112647e-01
3.398862207047597672e-01
3.403756703206481937e-01
3.406915789970412778e-01
3.410325976740493092e-01
3.412041564602027455e-01
3.415166734627350098e-01
3.417899550422084931e-01
3.420244232630589298e-01
3.422655667122215806e-01
3.426037256111743590e-01
3.428495135017698425e-01
3.431899677890053457e-01
3.433908358768887337e-01
3.438528473658257201e-01
3.440901749972929968e-01
3.443388950293383988e-01
3.445069221233998946e-01
3.449480489528952143e-01
3.450943868238854351e-01
3.453482843621102361e-01
3.454965476355404963e-01
3.461547517307806965e-01
3.462460780376357405e-01
3.465526367479611625e-01
3.468543228743955487e-01
3.470742816762787397e-01
3.473143195935559646e-01
3.478363964113232454e-01
3.478797942883146144e-01
3.481463841440154972e-01
3.484585134031932818e-01
3.489362932298092357e-01
3.491488613719571643e-01
3.493586882405627092e-01
3.496427163628904600e-01
3.496877899631145592e-01
3.501845824106094573e-01
3.504293269921531229e-01
3.507682557459148587e-01
3.510027053089875282e-01
3.512071903843825282e-01
3.516557863857794342e-01
3.518905529810655297e-01
3.521892547992299671e-01
3.525353979413640149e-01
3.525691830698529650e-01
3.531424887603709650e-01
3.533731267204608395e-01
3.537242597241009312e-01
3.539447366253904437e-01
3.541264015889368233e-01
3.540770334877078596e-01
3.544535166935516290e-01
3.547248697259641204e-01
3.551155611475620422e-01
3.554794913908417286e-01
3.555157544483070198e-01
3.558397792202535603e-01
3.561586961061591894e-01
3.563692671189351291e-01
3.564429009391392178e-01
3.570235344449022019e-01
3.573421922588636557e-01
3.574436409095019807e-01
3.574475587596716575e-01
3.579156769320024911e-01
3.579845715444020526e-01
3.582035627242700082e-01
3.585005742863746070e-01
3.589644239892160749e-01
3.590336935277066988e-01
3.593448921012122321e-01
3.596561872310488073e-01
3.599065544543198492e-01
3.601117132448172220e-01
3.605220789076902799e-01
3.605061024932362801e-01
3.607914442293191915e-01
3.608098800168331732e-01
3.612203242683970084e-01
3.615332553118744685e-01
3.619100029015276943e-01
3.621395765459583527e-01
3.621695457577855382e-01
3.626090963165636283e-01
3.628550507937710057e-01
3.631214988675658395e-01
3.632289280335587178e-01
3.633124361060172669e-01
3.639145698722233147e-01
3.640131823889001805e-01
3.642632475733670883e-01
3.644445032700034393e-01
3.644282426077496417e-01
3.648514504355069299e-01
3.650417445307849729e-01
3.652299231384840694e-01
3.656654461806436163e-01
3.659891076010810540e-01
3.660176214220861590e-01
3.665151324756504292e-01
3.666009417766412648e-01
3.664834971431379373e-01
3.669393941179292518e-01
3.671715348411294655e-01
3.673219462917646227e-01
3.674853972037758765e-01
3.676606752965982938e-01
3.678950562029198457e-01
3.682857725414777628e-01
3.687520950525730035e-01
3.688368797914737263e-01
3.686996805213370587e-01
3.691024525076547214e-01
3.691685428074752418e-01
3.693345892725799495e-01
3.696899572719223870e-01
3.698042079718762420e-01
3.700992840101718362e-01
3.702050238532787474e-01
3.705319491838289792e-01
3.708554427439702539e-01
3.707959667935872838e-01
3.714598882660179457e-01
3.714981882934417223e-01
3.715410428247072350e-01
3.717247430042103229e-01
3.718728557337044327e-01
3.721520437441897533e-01
3.723254630605176141e-01
3.726525024711000444e-01
3.728934842622425028e-01
3.729911460570500270e-01
3.732146045406777302e-01
3.736029352455067509e-01
3.735605210198892911e-01
3.737671538296130080e-01
3.742305022851166729e-01
3.743788372907194684e-01
3.743967601686346569e-01
3.746110791938018214e-01
3.747515804705204290e-01
3.750790924540159388e-01
3.755044066952695769e-01
3.753704391489630088e-01
3.757546529868904805e-01
3.757220172943443459e-01
3.761833633626281426e-01
3.763972932278627503e-01
3.762964835369051464e-01
3.767594526351285000e-01
3.772970805651421067e-01
3.773281695106415201e-01
3.773953957539148973e-01
3.773802708734960154e-01
3.778359910313626169e-01
3.781393401338558613e-01
3.782162948660882651e-01
3.781530182781620009e-01
3.781590282017163185e-01
3.786849551684710602e-01
3.790602193218313154e-01
3.794216124698701065e-01
3.793940353543187038e-01
3.797059015666255921e-01
3.797925340041286568e-01
3.800814926767123736e-01
3.803899726254792446e-01
3.806060913513525934e-01
3.805489558224492419e-01
3.806834010471286112e-01
3.810485171823724815e-01
3.812267252885285229e-01
3.814668376963854524e-01
3.815708955006749670e-01
3.818291827114873027e-01
3.820085251046921870e-01
3.824622679119740742e-01
3.825503600434203566e-01
3.828841129402726917e-01
3.826976977123603407e-01
3.832461290165272705e-01
3.835282973658747374e-01
3.833915946389777063e-01
3.840073244680519138e-01
3.841498292652352209e-01
3.842013545624313742e-01
3.846729774060336227e-01
3.848270741574809639e-01
3.847773730212754595e-01
3.854527356259448978e-01
3.857663128770129624e-01
3.857451668379150989e-01
3.861860988321494381e-01
3.862575850923417597e-01
3.865676896260257234e-01
3.863080384765451014e-01
3.866509331471874034e-01
3.869600293535196966e-01
3.872986552003850336e-01
3.875214633675138631e-01
3.875472451687023145e-01
3.878462319220601362e-01
3.881899927633242764e-01
3.883199566464299313e-01
3.889075086372541512e-01
3.889265422238394887e-01
3.892242643890852505e-01
3.896461801261667524e-01
3.899032956013014362e-01
3.902756351276862046e-01
3.903580972594849485e-01
3.905449434869159853e-01
3.909311341752709223e-01
3.912546523150743361e-01
3.911875302697835344e-01
3.916267548320319647e-01
3.920697314267147515e-01
3.922356428775397585e-01
3.921896503472959150e-01
3.928258312570669930e-01
3.928530324367533466e-01
3.932077459234520900e-01
3.934150363651980342e-01
3.937866669354212479e-01
3.939402236675594859e-01
3.943224880838513968e-01
3.946855191830251908e-01
3.950594871400118779e-01
3.951495871879276978e-01
3.956194292899752885e-01
3.958370609090884895e-01
3.962970400661918746e-01
3.960663872293902488e-01
3.966691786400804998e-01
3.970745168935226888e-01
3.972634332649754851e-01
3.975157560695757319e-01
3.978435882569801296e-01
3.985104316934050539e-01
3.987156647700361711e-01
3.992974654517954525e-01
3.993466304219016605e-01
3.998006660335695073e-01
4.002692007914160355e-01
4.002860078315210735e-01
4.007215895675101947e-01
4.010327423193585372e-01
4.013084392838813796e-01
4.016374895023593905e-01
4.020429689882749624e-01
4.021692493395969681e-01
4.027955922179456971e-01
4.029275480787085084e-01
4.030725904057267384e-01
4.035879203715705410e-01
4.041585848223240851e-01
4.043592710390999101e-01
4.048041809988621731e-01
4.051971375814850673e-01
4.056106372596357534e-01
4.056384637514443003e-01
4.062405546508054410e-01
4.064961873408137749e-01
4.071622238315839581e-01
4.070763368544863536e-01
4.076142144377752907e-01
4.083107473118873787e-01
4.083631938171519149e-01
4.088835682902652868e-01
4.089387290702688471e-01
4.093831780058440617e-01
4.098739167166822184e-01
4.105496673154436782e-01
4.107290906617663273e-01
4.106087510766755488e-01
4.118571536276447453e-01
4.120118858490818825e-01
4.121490722025615283e-01
4.128389400409562260e-01
4.133018066550931957e-01
4.137477632332811073e-01
4.138969116192982578e-01
4.140153844599180344e-01
4.147282619998246544e-01
4.153594856595705931e-01
4.151183477746160366e-01
4.160757919975424102e-01
4.164611272565984512e-01
4.172933496187460900e-01
4.169744014964678613e-01
4.174591244504307630e-01
4.180544792247471442e-01
4.185114556751655113e-01
4.190874545672159668e-01
4.191452617652068890e-01
4.196984210597022869e-01
4.203248935146221554e-01
4.203506038591751648e-01
4.213444557530783841e-01
4.214961839830783652e-01
4.219767988982799367e-01
4.226539947258056706e-01
4.229390018640733495e-01
4.231395870617095101e-01
4.231766027584443202e-01
4.240863039191761219e-01
4.242197643130182771e-01
4.252565606992146918e-01
4.255822334592209710e-01
4.262947962493114362e-01
4.266040075741217574e-01
4.269545523759248340e-01
4.273621535475805033e-01
4.276295220777561745e-01
4.284006398298410012e-01
4.286410244671069458e-01
4.291250346948106698e-01
4.292709093765660344e-01
4.301343526413081708e-01
4.302568235201281732e-01
4.308149847442920843e-01
4.312192346319883018e-01
4.317956172522440239e-01
4.320416025278532857e-01
4.324960777084222996e-01
4.327389250414524491e-01
4.334704933903759660e-01
4.337830535034621904e-01
4.345473213553391889e-01
4.347394031076328158e-01
4.348658904421301430e-01
4.356077908233736973e-01
4.359334107882000819e-01
4.366048393659998639e-01
4.373317485565867968e-01
4.371430803120405773e-01
4.376510099566839340e-01
4.382453509246782564e-01
4.382921356326539009e-01
4.386651864821606295e-01
4.390744804896786757e-01
4.396561318978745581e-01
4.403092930433596397e-01
4.401956020956276361e-01
4.408989593594148659e-01
4.410779696739103306e-01
4.418523526642346710e-01
4.418484399303082011e-01
4.425552059359758039e-01
4.423503100325253956e-01
4.429164527520241257e-01
4.432361787480181836e-01
4.438584182943393630e-01
4.444456198065412367e-01
4.444127114757479569e-01
4.450797266213186165e-01
4.456531417386993543e-01
4.454064482423546467e-01
4.457563791934587849e-01
4.462286904872769799e-01
4.467111941066251313e-01
4.469764974491993725e-01
4.471006391229965793e-01
4.475863498263846219e-01
4.478543356058342639e-01
4.485673749506661756e-01
4.487282521493625720e-01
4.490658892730393648e-01
4.495286744367932297e-01
4.498627825681312808e-01
4.501078552242759878e-01
4.500521003487603089e-01
4.505931386387015403e-01
4.512046444300103487e-01
4.509931793479920459e-01
4.518942016239017589e-01
4.517612553796574448e-01
4.521097393528313302e-01
4.526478288061629440e-01
4.528807215278969345e-01
4.530469162012100703e-01
4.528982965547012074e-01
4.534812105333375643e-01
4.534900442954355460e-01
4.541237823128468909e-01
4.539554402738689154e-01
4.540042679677129822e-01
4.545448450485435887e-01
4.545138662472886226e-01
4.545429357802320269e-01
4.554039020729242493e-01
4.552577480764995466e-01
4.556612665765074621e-01
4.557267955626173039e-01
4.560727412788019297e-01
4.559556941330834001e-01
4.559312577036377934e-01
4.561511050861312144e-01
4.564791961797968201e-01
4.565713148102554242e-01
4.568532037699942205e-01
4.569942976294405490e-01
4.540945325065443572e-01
