9.104167169541390074e-04
8.993426240747960957e-04
8.812583415002821522e-04
1.403104755855225051e-03
2.057072849983989510e-03
2.324067419306452380e-03
2.473853176241871173e-03
2.488586281098990969e-03
2.269344529407149157e-03
2.118796005918712182e-03
1.933316494277243728e-03
1.748517818445374621e-03
1.915819774302285079e-03
2.412361339216061509e-03
2.757976518264045485e-03
3.336824337325737175e-03
3.817327575260782719e-03
3.477752744578192692e-03
3.197564273786780969e-03
3.171387589245721998e-03
3.056231869910030693e-03
3.259684882465581617e-03
3.795548106142969131e-03
4.772283177043213850e-03
4.623042599744900394e-03
5.497353801988624777e-03
6.619366927924022134e-03
6.449910911106792114e-03
7.182500155882704830e-03
7.111484516647463908e-03
7.030708461540100505e-03
6.618357967616378575e-03
7.180960831942311169e-03
7.809138139536103349e-03
9.476550509638602404e-03
1.026252084510069496e-02
1.089568279199995895e-02
1.192311219031397078e-02
1.236314335263782697e-02
1.204594954274013953e-02
1.274117465997486390e-02
1.290368191413872323e-02
1.311856554699663939e-02
1.344595070838762105e-02
1.383284224843927580e-02
1.497405127818642913e-02
1.579659425250622487e-02
1.662495181829724486e-02
1.756561556287863923e-02
1.819691190416670643e-02
1.834361267687235203e-02
1.926203821555101323e-02
2.012215863396298737e-02
2.019001739965049433e-02
2.039748056360752432e-02
2.122844991161836059e-02
2.248527844954371219e-02
2.437704657355843976e-02
2.455031793483446537e-02
2.388062022668903037e-02
2.523191641799733820e-02
2.534972687282245618e-02
2.636558677187115368e-02
2.719636970935571454e-02
2.759906732354939010e-02
2.755594437000365854e-02
2.984641098311123161e-02
2.971499586457469061e-02
3.085063310651285987e-02
3.098828875686004611e-02
3.230412769017680652e-02
3.382325402534594461e-02
3.379475773726018512e-02
3.442113357921253169e-02
3.572061062374602691e-02
3.579310351081148311e-02
3.680428853901748093e-02
3.717033343010603397e-02
3.794651970169242439e-02
4.001052383927241468e-02
4.101325926906536357e-02
4.062254538911628382e-02
4.196575912662477148e-02
4.351859253965686958e-02
4.289915522640230100e-02
4.291490556056390404e-02
4.379347402383693827e-02
4.458743865587390387e-02
4.574786293039812685e-02
4.549169515871396424e-02
4.634023243812332438e-02
4.846044155521368052e-02
4.917512592244852737e-02
4.985850704838716563e-02
5.087529087917305737e-02
5.247033130247557436e-02
5.145395289533721828e-02
5.368271511281842712e-02
5.397095651632637797e-02
5.444095213904952962e-02
5.601959095510385123e-02
5.646002143567638298e-02
5.662249664755499706e-02
5.739613008733848026e-02
5.773299386672196831e-02
5.984623055003347042e-02
6.029853202954248842e-02
6.059930886583678872e-02
6.256401578436347755e-02
6.221350180293593740e-02
6.290827182834492215e-02
6.276565573442773049e-02
6.333692656079507877e-02
6.469062915475029540e-02
6.686322827065609153e-02
6.671204773716771230e-02
6.708575964158056126e-02
6.827343070376015732e-02
6.835495615177429596e-02
6.922924762803855936e-02
7.131082334527916178e-02
7.161018907155897173e-02
7.196120729320022724e-02
7.303754919628538400e-02
7.432849420376079486e-02
7.537264784370779902e-02
7.614301960973807182e-02
7.654137225457541271e-02
7.728656683473840439e-02
7.761097955021931116e-02
7.834669382427542073e-02
8.010286026692570172e-02
8.026441418278063011e-02
8.075809476655530783e-02
8.163992769588071519e-02
8.250255369714372400e-02
8.314930132333203661e-02
8.453219819969919058e-02
8.586246413405235200e-02
8.659710790562100136e-02
8.701836763532926067e-02
8.823835302595557650e-02
8.854580369131719031e-02
8.953305803815864161e-02
9.047777993381328487e-02
9.067299916871222887e-02
9.199329327268991607e-02
9.253938497202650326e-02
9.416373439673421386e-02
9.360551415990416013e-02
9.515382317151326041e-02
9.392161112941127543e-02
9.647695145479186218e-02
9.673287815056604011e-02
9.703764152223913475e-02
9.899064852900865685e-02
9.922889040082390200e-02
1.002261087252992733e-01
9.994789888868206573e-02
1.009955180647172102e-01
1.022721340329582757e-01
1.033540000740174603e-01
1.046872615577067317e-01
1.050041760226831239e-01
1.062043679603478508e-01
1.061477423408877796e-01
1.061286578819239795e-01
1.071682378389617052e-01
1.083943087119472876e-01
1.090041750792719866e-01
1.100044698536476739e-01
1.111753178132946079e-01
1.118290937611595981e-01
1.128369034091259993e-01
1.135117366383081305e-01
1.139493432783907634e-01
1.146069785681861908e-01
1.150953506788610498e-01
1.155667747470610768e-01
1.166915660377791930e-01
1.172552149679703115e-01
1.182441541629087045e-01
1.194173438128486170e-01
1.205533872519161803e-01
1.211367004003813252e-01
1.212103614370545479e-01
1.213361703806717651e-01
1.230239370242864477e-01
1.235318081868977402e-01
1.249831716527774195e-01
1.252910561651262022e-01
1.256939782492322299e-01
1.262899476907856089e-01
1.270555248158224959e-01
1.284327241441532708e-01
1.281758987543795691e-01
1.295991399071791950e-01
1.306567892065951253e-01
1.312591444561654330e-01
1.312565561169525552e-01
1.326690091368725732e-01
1.340420263821334446e-01
1.344707112228364088e-01
1.346227395314671393e-01
1.351157655038541239e-01
1.355473480487280891e-01
1.369917575335257987e-01
1.380187573995740324e-01
1.384742264974043457e-01
1.389411827923032472e-01
1.398486574232196133e-01
1.409985936490913694e-01
1.413070969843175373e-01
1.422310425057418115e-01
1.434580488088853800e-01
1.442238856332155872e-01
1.447479618068317209e-01
1.453841272704211873e-01
1.463705997694967342e-01
1.468063935367210637e-01
1.470437549712186875e-01
1.478831034094084118e-01
1.495883806937393090e-01
1.500918411191400348e-01
1.504686900294639196e-01
1.508155280058639802e-01
1.521830232938692629e-01
1.529342455250818356e-01
1.536566640963658581e-01
1.543888028897783538e-01
1.552961304433485290e-01
1.551425068696166698e-01
1.568605796321737023e-01
1.579951593560282030e-01
1.575862540995761896e-01
1.590791760715175862e-01
1.591617891198132406e-01
1.602302722867678941e-01
1.611155383990882928e-01
1.617914010445672124e-01
1.622239940925864210e-01
1.632608941661804203e-01
1.634786489797058207e-01
1.645429413510063610e-01
1.652621080362979555e-01
1.660527351541404850e-01
1.667816293375480596e-01
1.676978900406219108e-01
1.675960918466381233e-01
1.684764125391950973e-01
1.692179586781543954e-01
1.699334223686088385e-01
1.706558271446388664e-01
1.710183971638387368e-01
1.720985177409246614e-01
1.728000376512818514e-01
1.734655290108778891e-01
1.744955830612754943e-01
1.752437706475898360e-01
1.759604758446552397e-01
1.765051792539627518e-01
1.773303787755634853e-01
1.783356051687769728e-01
1.788867986471515403e-01
1.795571589943299462e-01
1.803526340625697666e-01
1.811514445500996828e-01
1.815681780118056088e-01
1.822416807916623915e-01
1.828522536816673538e-01
1.835906771508898638e-01
1.842747946016261851e-01
1.851249159975631720e-01
1.860845089027078070e-01
1.871291111309096311e-01
1.875079628109444230e-01
1.878143612250124106e-01
1.886295656591882031e-01
1.899899700381779966e-01
1.900396265679311358e-01
1.905739882245708894e-01
1.912746007079046129e-01
1.921363804210534099e-01
1.927549045228967861e-01
1.936372268951596087e-01
1.943857810484835025e-01
1.944884556559730304e-01
1.951518647109667659e-01
1.959157860904655324e-01
1.968210668818595466e-01
1.972752474590579175e-01
1.979448060516365293e-01
1.987480976857602388e-01
1.994465920445054885e-01
2.000292464707414952e-01
2.007467651877362091e-01
2.016048050053015628e-01
2.028320617926580305e-01
2.035230050553983594e-01
2.040481471946232750e-01
2.043221249163891806e-01
2.048294857105695532e-01
2.055719077942498307e-01
2.066664460865968445e-01
2.072512561527574126e-01
2.080266336237032165e-01
2.087529742245780584e-01
2.092472306851744512e-01
2.098023699055049929e-01
2.106016493207161500e-01
2.114767715321303199e-01
2.122263123937968010e-01
2.125727146646012033e-01
2.131431892136619877e-01
2.138612099065295424e-01
2.141263467861643788e-01
2.149564888272568475e-01
2.158908676553250305e-01
2.164818087899190724e-01
2.169005599544964746e-01
2.172274016773544092e-01
2.181673446688752460e-01
2.190771928358901111e-01
2.199113069568066625e-01
2.204057391161359236e-01
2.209317128853433010e-01
2.219057254846480698e-01
2.225956946453799268e-01
2.233918967369887820e-01
2.241671277325457956e-01
2.249081389992772240e-01
2.252598567615168024e-01
2.257736926494639806e-01
2.262371693106104420e-01
2.267117448540790225e-01
2.274416747006663964e-01
2.282516029301844274e-01
2.290653435034910590e-01
2.298497524221111976e-01
2.306387207356846158e-01
2.313044813196355187e-01
2.319636250320952775e-01
2.322580989494358872e-01
2.329725990802763991e-01
2.337585083005687958e-01
2.344551303538945919e-01
2.352260855454306465e-01
2.354779258448729262e-01
2.360556927863912691e-01
2.369048778233941999e-01
2.378043975610880101e-01
2.384995464047942326e-01
2.386292733919155029e-01
2.391839765358882985e-01
2.401423152824364027e-01
2.408482197487016307e-01
2.416580111611477122e-01
2.422444610539391530e-01
2.428311841381318448e-01
2.435214467738487099e-01
2.440449242557154452e-01
2.447571258463351052e-01
2.454311114832021801e-01
2.460093284066639518e-01
2.465902395678188364e-01
2.469880613658327340e-01
2.477389307702543286e-01
2.481603061738295313e-01
2.488747602944466342e-01
2.496526014757956824e-01
2.503827584681047602e-01
2.511214659381129088e-01
2.516837003135890538e-01
2.522846169120306348e-01
2.528903029678768455e-01
2.536924457058015170e-01
2.542143335229514189e-01
2.550002541060944483e-01
2.554845022079864636e-01
2.563020890405414698e-01
2.568979442242200206e-01
2.573986506825439724e-01
2.580762804401932620e-01
2.585789580840993640e-01
2.593068756002865904e-01
2.598935757001494817e-01
2.604345757291427477e-01
2.612226879635695109e-01
2.616455921252913153e-01
2.623692404344789009e-01
2.630144109076094083e-01
2.636076117654306272e-01
2.642636347467215430e-01
2.647243848183577497e-01
2.653700712524622030e-01
2.662661682955961839e-01
2.668201715315036693e-01
2.674990018730671326e-01
2.681137996005651392e-01
2.686415494294778772e-01
2.693193197998287602e-01
2.698756571349706923e-01
2.705071289721259764e-01
2.709983997183404436e-01
2.716591906096549880e-01
2.721854255742806039e-01
2.727274795988384182e-01
2.733693788171864814e-01
2.738546490893742913e-01
2.743460722245109062e-01
2.752062034258018208e-01
2.756505341195344405e-01
2.763083012234021640e-01
2.770539440323727676e-01
2.775447822471376891e-01
2.782395544864934012e-01
2.791406769907179286e-01
2.795859321170895417e-01
2.800851050098145389e-01
2.805852652285170112e-01
2.813609417866897444e-01
2.820042982796173159e-01
2.824952702558941042e-01
2.831079562109663494e-01
2.835882361396158124e-01
2.843577344211657421e-01
2.849012378887147423e-01
2.855382340287315746e-01
2.861448782990105855e-01
2.868050503273066321e-01
2.871897553187694463e-01
2.878167399348374178e-01
2.882425526747274813e-01
2.887383806845071899e-01
2.894692371604919989e-01
2.902360390856196792e-01
2.908345022306558780e-01
2.915784940131970759e-01
2.921260269998003367e-01
2.926906706956134419e-01
2.932678740153669694e-01
2.939013129984303641e-01
2.945193618381253264e-01
2.951032286026414875e-01
2.956429108191274691e-01
2.964781201448645209e-01
2.972385521597857849e-01
2.976544379967467902e-01
2.980543410005192517e-01
2.985282080708334673e-01
2.993568133791663644e-01
2.997816183098414577e-01
3.003489274946525844e-01
3.009426070713683843e-01
3.013373103880215842e-01
3.020888564790154551e-01
3.026763557940277405e-01
3.034910535192914538e-01
3.038815585767170036e-01
3.042994094567024188e-01
3.048032371531722018e-01
3.055409472372692115e-01
3.060764878432374325e-01
3.064947069506361310e-01
3.070962616441354487e-01
3.078165143711654728e-01
3.085342279397780829e-01
3.090187801829245573e-01
3.098286521104772206e-01
3.102585965413510172e-01
3.107179545599625947e-01
3.115124988446151266e-01
3.121257313290148883e-01
3.127235138300846762e-01
3.131998869289626675e-01
3.136310053948456744e-01
3.142604303062236926e-01
3.147003720022493178e-01
3.154377832149023453e-01
3.159240898192012814e-01
3.166187376807137466e-01
3.172959160191797245e-01
3.176390696847358197e-01
3.182182705777595322e-01
3.188642412119089831e-01
3.192466780949822502e-01
3.197551444973600332e-01
3.204802471837242539e-01
3.210385495640820097e-01
3.217034698699992590e-01
3.224398508912457162e-01
3.228387809699093669e-01
3.235105627451069221e-01
3.239792996780338497e-01
3.244956705226983984e-01
3.250283549060437593e-01
3.257829870664544769e-01
3.264265601679182671e-01
3.270007615397155232e-01
3.273669521049660802e-01
3.278722305655421554e-01
3.284038373519407861e-01
3.289621849721999780e-01
3.293852607655108344e-01
3.299762865023537772e-01
3.306563854690277582e-01
3.312905665431458146e-01
3.318590329874829825e-01
3.325183103499531057e-01
3.331513892877015492e-01
3.335300578817864126e-01
3.340962211231476298e-01
3.345492192268488263e-01
3.352629377433566926e-01
3.359098955910824191e-01
3.364060397789052637e-01
3.368884867541178108e-01
3.374532460990628535e-01
3.379891423270160455e-01
3.385198577798643749e-01
3.390970247776504687e-01
3.394230453417602655e-01
3.400293627808874675e-01
3.406124679635763597e-01
3.411270549080275827e-01
3.417817091474892321e-01
3.421721855522802391e-01
3.428431105946817548e-01
3.432746575652185217e-01
3.437298741064240271e-01
3.443863032066674101e-01
3.450908267907532023e-01
3.455091522993491981e-01
3.458147245134838843e-01
3.463911316889209946e-01
3.470104804704716717e-01
3.475831081745787698e-01
3.481177837716431522e-01
3.486237314887316585e-01
3.493996517159789206e-01
3.497553782157855062e-01
3.502878129968944876e-01
3.509523611679752353e-01
3.515701910530742436e-01
3.518959796331009859e-01
3.524954641914534448e-01
3.530943282269832784e-01
3.538439255539010952e-01
3.543175438531169785e-01
3.547093554528201742e-01
3.551859114229352077e-01
3.558514794099456591e-01
3.562785064738405172e-01
3.567976540484684711e-01
3.573516145443746961e-01
3.579157692078552278e-01
3.583903179595772093e-01
3.590864563044636748e-01
3.595387065341199007e-01
3.600536250574169483e-01
3.606304539157762501e-01
3.613457035492195768e-01
3.618673189915221911e-01
3.622363240994935785e-01
3.627163514347004902e-01
3.632879503121492215e-01
3.637309756316333686e-01
3.643955605671993503e-01
3.648683124652640219e-01
3.654024829101355509e-01
3.658759258527217173e-01
3.665452152667170171e-01
3.669697111389741417e-01
3.674529705945007163e-01
3.682519800672357513e-01
3.689589420117314056e-01
3.694497927339593923e-01
3.697792275377900229e-01
3.703872958871057830e-01
3.708284931358004632e-01
3.712508446162045561e-01
3.717000646306201639e-01
3.725061459502815309e-01
3.730217418920924732e-01
3.735031221607340579e-01
3.740607568019190254e-01
3.744368100326697646e-01
3.749240038445387779e-01
3.754030578054463052e-01
3.759766432516697399e-01
3.764525306406181770e-01
3.769097396172921277e-01
3.774417062001177992e-01
3.780680598343895693e-01
3.785490639539302316e-01
3.793656912930148395e-01
3.796836298657927378e-01
3.802486925435020204e-01
3.807836726392441196e-01
3.814187915124134798e-01
3.818609128250218254e-01
3.822220115495260639e-01
3.828778088441475713e-01
3.833515554018145921e-01
3.841469615538675164e-01
3.844339745662498364e-01
3.849665478489333048e-01
3.855305866017786909e-01
3.860775415357181606e-01
3.867575996039077646e-01
3.871421750315477972e-01
3.876007347553688254e-01
3.882100766407331482e-01
3.888570892358682585e-01
3.892161773665163138e-01
3.898406048017809544e-01
3.902284714342166283e-01
3.908291325943565875e-01
3.913474788831629581e-01
3.918655098931849712e-01
3.922861493473144834e-01
3.928445413774142581e-01
3.932240718219208175e-01
3.937446075021028280e-01
3.942963092618727017e-01
3.946867222731346159e-01
3.955013489909472990e-01
3.963541113862341092e-01
3.965802485280672807e-01
3.967128773373009842e-01
3.973798017196175647e-01
3.977834398588342424e-01
3.985452729075610323e-01
3.990679703921912180e-01
3.996347182047913504e-01
4.001189037060532416e-01
4.006395410774763466e-01
4.010809879110557308e-01
4.016137458723724740e-01
4.021057481165877245e-01
4.027837831656310152e-01
4.031360803894913913e-01
4.037126168952978600e-01
4.042331750715862926e-01
4.045588727285072128e-01
4.054798474573113043e-01
4.057284863149456799e-01
4.063876815166598266e-01
4.067891777676820309e-01
4.074190443530242844e-01
4.078742836086686752e-01
4.085127017263600613e-01
4.090981857723846593e-01
4.094724979273136056e-01
4.100370955207219281e-01
4.104947555003563009e-01
4.109193516969814053e-01
4.114977374610794825e-01
4.118867321462094111e-01
4.123732060376007480e-01
4.129257045172295415e-01
4.134751142069174601e-01
4.140644163084289953e-01
4.146545264714815437e-01
4.151798944123180624e-01
4.156375181303196831e-01
4.164176348037555431e-01
4.168352644170152943e-01
4.171762284435099888e-01
4.177804707947683216e-01
4.182612039255482195e-01
4.187836930650398193e-01
4.191818412115801418e-01
4.201068708510653504e-01
4.203489421762026113e-01
4.210147462268815644e-01
4.215905087903540349e-01
4.219897078403076485e-01
4.223993153146558543e-01
4.228903104603833341e-01
4.235849457956504249e-01
4.242682211106268420e-01
4.245299554030537159e-01
4.254596600837238785e-01
4.259097436571029349e-01
4.260191056406035237e-01
4.267175372237854147e-01
4.273931724518620912e-01
4.278632354601314969e-01
4.280580991807926838e-01
4.289416215066127469e-01
4.292717969232504593e-01
4.296689814998122525e-01
4.304008196240771689e-01
4.308511637341589928e-01
4.314112295544583198e-01
4.322751259662021006e-01
4.324082617006912432e-01
4.329318834437567709e-01
4.336223703955477959e-01
4.340163745343382229e-01
4.348057635629430928e-01
4.350844216840147882e-01
4.357331674766936058e-01
4.361747209423600946e-01
4.369477333283867670e-01
4.372159137352968905e-01
4.378339250494407420e-01
4.382672743300488616e-01
4.389882598982186579e-01
4.394354996213023501e-01
4.400621011570181040e-01
4.402612098261572959e-01
4.412066512776247618e-01
4.414727968798382030e-01
4.422796674681943596e-01
4.425046694621947996e-01
4.432019175929597932e-01
4.438606209424949545e-01
4.442779497359065077e-01
4.449179053932868499e-01
4.454800800120717330e-01
4.458590070936109262e-01
4.466344235779561855e-01
4.471708361283479038e-01
4.475945558625990528e-01
4.483267307149425007e-01
4.488170436928344276e-01
4.493717981341082690e-01
4.499018765887891069e-01
4.504446876752550288e-01
4.507829177584894431e-01
4.516097332484702576e-01
4.521688825982572713e-01
4.527797559251899306e-01
4.533977172596705407e-01
4.540453462322598943e-01
4.543477864567674884e-01
4.550445823515575916e-01
4.557368658990270660e-01
4.560787378938555015e-01
4.565729224221684035e-01
4.571823106773078571e-01
4.581143333729656986e-01
4.583965268511772662e-01
4.587107112683831422e-01
4.592965733390153571e-01
4.601327749760152352e-01
4.605134532537148440e-01
4.612381395346439872e-01
4.619593741815137822e-01
4.625490393289340418e-01
4.628650267079358893e-01
4.636544774055612606e-01
4.642285362676494831e-01
4.649013930941782724e-01
4.655175233927920653e-01
4.660387427538620897e-01
4.664215995235232448e-01
4.669774666837400723e-01
4.675847250457870752e-01
4.680467574128705510e-01
4.688458589215055428e-01
4.693360697297455641e-01
4.701324476333688107e-01
4.705814978825265116e-01
4.711251113930366996e-01
4.719322243922532412e-01
4.723050311798917544e-01
4.730663887983359017e-01
4.735480361663815807e-01
4.741543999691508748e-01
4.748886866424348874e-01
4.753834801003168908e-01
4.759069651012574065e-01
4.764652100161190229e-01
4.774469768670451808e-01
4.777824492177317195e-01
4.784061519124860884e-01
4.786600326946710005e-01
4.793659638165448933e-01
4.801606219491462713e-01
4.807508634540703651e-01
4.812229315656349482e-01
4.821120713039890870e-01
4.824733560889674644e-01
4.830735650625248012e-01
4.836034573387222868e-01
4.843787712284198244e-01
4.850851037398736798e-01
4.854180705158818165e-01
4.862804017877798146e-01
4.868898783462787261e-01
4.874428232824156160e-01
4.880147924543102311e-01
4.886286796487575579e-01
4.894275261735084870e-01
4.899972025226396188e-01
4.907406129911192627e-01
4.910044645876907587e-01
4.918894101512394923e-01
4.923990012576168751e-01
4.924328113573719357e-01
4.934630328321311654e-01
4.940895793930296653e-01
4.946699369822030179e-01
4.956280468332513456e-01
4.958835534038610882e-01
4.968048484373870366e-01
4.974285181498694919e-01
4.978041556342110985e-01
4.985625424869696287e-01
4.989479760083488924e-01
4.998099435968187398e-01
5.000473868508162889e-01
5.010090417675766572e-01
5.016338439329081078e-01
5.025037806418288788e-01
5.029234914005573653e-01
5.035834603064243131e-01
5.038643602241449360e-01
5.043850274472970741e-01
5.054368963815698557e-01
5.058415818552859378e-01
5.064406091202645621e-01
5.071913425153354860e-01
5.077503985956299815e-01
5.085368659434008620e-01
5.089857380813636034e-01
5.098596197731352087e-01
5.102188020177814698e-01
5.107298375951259128e-01
5.115915155497819944e-01
5.119720965739468221e-01
5.127187611122819844e-01
5.131844983721429720e-01
5.140513375599012891e-01
5.146408660157120174e-01
5.152679773359171156e-01
5.160423962743101445e-01
5.166331095445789723e-01
5.171036329863754055e-01
5.177122739862434209e-01
5.184455875538667158e-01
5.190754238399112319e-01
5.196623845775566464e-01
5.202968480354911440e-01
5.206598661673574879e-01
5.218750275350781953e-01
5.220521730913642022e-01
5.226052958989525488e-01
5.233248361438647134e-01
5.240289825304995652e-01
5.243655551138308724e-01
5.247842484003569785e-01
5.256409936272053995e-01
5.263026888445314633e-01
5.268373767516033590e-01
5.272445057812319424e-01
5.279379579896746888e-01
5.287078324558838194e-01
5.291458295618184371e-01
5.298514875409421343e-01
5.303196376378567223e-01
5.310473522910355015e-01
5.314304949974614223e-01
5.323795550259843301e-01
5.328911660437668507e-01
5.336352228615039994e-01
5.342031010836921778e-01
5.346386270184033673e-01
5.352035321301528148e-01
5.359700993337799257e-01
5.360122454456225372e-01
5.366895856637355910e-01
5.374337612778713469e-01
5.380979773388602228e-01
5.382730723868343059e-01
5.393566657449165858e-01
5.396780989449242449e-01
5.404607938499804698e-01
5.410565839451888515e-01
5.415429180104314177e-01
5.421937623746676538e-01
5.428147521506329065e-01
5.434550863337244131e-01
5.437484326691456316e-01
5.444569996879230489e-01
5.453072602860217222e-01
5.456383975493916960e-01
5.458981350067122484e-01
5.463722124336596320e-01
5.472017603706393896e-01
5.474532889133190139e-01
5.483219804963913591e-01
5.488822840116603929e-01
5.494172485974302411e-01
5.498723700416729976e-01
5.503492195820677280e-01
5.513270180401748100e-01
5.515936400566060493e-01
5.516499002903418880e-01
5.522831102244531998e-01
5.533163384176730260e-01
5.537531091452499998e-01
5.542721029367843055e-01
5.544795589022920579e-01
5.553229918934444731e-01
5.558246444787431351e-01
5.563278746906908934e-01
5.568257901815792943e-01
5.574801055278924000e-01
5.575889169429139036e-01
5.586266297438973183e-01
5.585290792729739051e-01
5.591803217041413365e-01
5.596960927627566695e-01
5.604345823492513645e-01
5.610909475536738356e-01
5.610264344680269133e-01
5.616473243568624873e-01
5.622496778276208085e-01
5.628086000867054128e-01
5.630715967227639673e-01
5.638771833663031030e-01
5.640489997009009437e-01
5.648100175822599045e-01
5.652014870137203051e-01
5.658069857125337387e-01
5.660014054745375889e-01
5.667139520037866030e-01
5.673265985892316232e-01
5.674695796798221448e-01
5.680489456790819291e-01
5.684735263565233732e-01
5.690914686330706962e-01
5.693540554325319247e-01
5.699472926911027804e-01
5.702714121903708078e-01
5.708094375667736031e-01
5.708681467668711429e-01
5.714850436944011181e-01
5.722761072368950375e-01
5.727878875849951035e-01
5.729737361159102926e-01
5.735134999303367342e-01
5.739991340772444550e-01
5.743316532518419892e-01
5.746644573716891413e-01
5.752188175585638552e-01
5.756596248871421739e-01
5.761199598007756828e-01
5.762681197952003176e-01
5.768108705564469751e-01
5.771292699059209497e-01
5.777738571375574672e-01
5.780883612426738205e-01
5.785282270578556707e-01
5.791673890052081441e-01
5.793607363136397126e-01
5.797703907069224893e-01
5.801588504627965825e-01
5.808442018209328817e-01
5.810468471590247708e-01
5.812210340300122402e-01
5.817358481546108795e-01
5.821047843161892832e-01
5.825007118645993964e-01
5.829081839034909729e-01
5.831163962403066447e-01
5.834043235854928788e-01
5.839371571280860262e-01
5.842819566039324508e-01
5.846577242784412043e-01
5.850109244612395898e-01
5.854192457532920724e-01
5.856542472828202284e-01
5.862602816074514722e-01
5.865717962730085944e-01
5.868984411511199983e-01
5.871996279082477566e-01
5.875011442854052301e-01
5.877064830760160286e-01
5.881702720919056437e-01
5.886457682053601870e-01
5.890562002946567732e-01
5.895346766464037991e-01
5.895527784952063755e-01
5.899841166499846246e-01
5.904927716735117738e-01
5.906955799645533522e-01
5.912520262120725123e-01
5.912513536140422410e-01
5.916201022485242378e-01
5.919578234180405962e-01
5.922376075281414742e-01
5.926938582041896275e-01
5.928720118779647885e-01
5.930405730699359612e-01
5.936039084909617847e-01
5.938326908747041388e-01
5.940556404704884219e-01
5.944915674293337338e-01
5.950648398432781816e-01
5.952702541443489759e-01
5.955134398059548362e-01
5.956876499963267291e-01
5.960027600868404996e-01
5.964342523892960379e-01
5.966906991657131565e-01
5.969744763628532791e-01
5.970992838176600870e-01
5.974677927205815919e-01
5.982607676103056660e-01
5.982286063370971796e-01
5.984365285394885881e-01
5.987747426083885882e-01
5.992539095763698143e-01
5.992842310312807008e-01
5.995261389817109210e-01
6.000053343709690346e-01
6.002934614557902115e-01
6.004530836988668518e-01
6.001183030746574110e-01
