1.158031775042782201e-02
1.116247056420065047e-02
1.085519258466462536e-02
1.080045738148290198e-02
1.073829705348421787e-02
1.063758789609178974e-02
1.033011003318900015e-02
1.006844482513924270e-02
9.990317953267140866e-03
9.745829147383165691e-03
9.618607148387126743e-03
8.477791169110375155e-03
8.860154166617121435e-03
1.110460840348822739e-02
1.225573392799675018e-02
1.518999436847411413e-02
1.789041332520786495e-02
1.629431681617084932e-02
1.539283936048166032e-02
1.578609451234491007e-02
1.578751206887333766e-02
1.657044310828265088e-02
1.970699554221187061e-02
2.391358312070086117e-02
2.312149739584837271e-02
2.755325842016970520e-02
3.312337074359168743e-02
3.361130823911347154e-02
3.732018984907131687e-02
3.646131588698651310e-02
3.668124656939356076e-02
3.632569200398617915e-02
3.905981614428550436e-02
4.053352236755271981e-02
4.742232929964208116e-02
5.197924337311945336e-02
5.608082538163484260e-02
6.021887205059891363e-02
6.160625791195642464e-02
6.154728667316639035e-02
6.436138296675507353e-02
6.565182150828158258e-02
6.742568447163643786e-02
6.987391555088499906e-02
7.245552743912359039e-02
7.662777100589657220e-02
7.994191596658459242e-02
8.364422984817183881e-02
8.677698698412188161e-02
9.078644264657580176e-02
9.220554741536822474e-02
9.397478134749284728e-02
9.745500266940812506e-02
9.780764397524258080e-02
1.006939838033881762e-01
1.062062720753286504e-01
1.103531738068825735e-01
1.139401086071497038e-01
1.167009037249754910e-01
1.178941097420000278e-01
1.211649035788113365e-01
1.232029868159926489e-01
1.280380814075659512e-01
1.287630949973037064e-01
1.324875997720947884e-01
1.365901330138170611e-01
1.375546499319896532e-01
1.401109183724851548e-01
1.434888761507494281e-01
1.458487688833339513e-01
1.479984585942145658e-01
1.529918668220828226e-01
1.555993586580386445e-01
1.565483024622695563e-01
1.616308134613100023e-01
1.638094177685991693e-01
1.669210019463303052e-01
1.685639282237880454e-01
1.708304158183031607e-01
1.736533813740853138e-01
1.771756637918522614e-01
1.799506013090909629e-01
1.831117707440971243e-01
1.866592253863309514e-01
1.892158570805188844e-01
1.924068650839966255e-01
1.950563742679862766e-01
1.974596679322801474e-01
2.001510908857636328e-01
2.026514246113420292e-01
2.055147786645341035e-01
2.090137396884964582e-01
2.121003481363390730e-01
2.137973369942871849e-01
2.163452577296267887e-01
2.189770174217267884e-01
2.207872241170903138e-01
2.241638747901423256e-01
2.266889630429687608e-01
2.301897726305489056e-01
2.338471717828164709e-01
2.353682842331294989e-01
2.377022675228855075e-01
2.410805637172008797e-01
2.436243186481162615e-01
2.445238001525692206e-01
2.473954117545054676e-01
2.507678273634451060e-01
2.535172768907421048e-01
2.560150234917886736e-01
2.575330815256580141e-01
2.598966315358109402e-01
2.624576216963815378e-01
2.653330716714455417e-01
2.682844127207426044e-01
2.703019752649252205e-01
2.733719836043944085e-01
2.759477066011629121e-01
2.780279854705041132e-01
2.802306259510001230e-01
2.823556124490255725e-01
2.846037613886660544e-01
2.877425684713846854e-01
2.894540251845909573e-01
2.919065031613762295e-01
2.946038003217048562e-01
2.967706260985007449e-01
2.987610520555649685e-01
3.015846530572335316e-01
3.039542504716640225e-01
3.063969912887574143e-01
3.085473788439305198e-01
3.103113789269400513e-01
3.128034203817683934e-01
3.148284723005034258e-01
3.170384991852324696e-01
3.193415981492643274e-01
3.217616665496388362e-01
3.235703301319952652e-01
3.260538415354413688e-01
3.282668479480537194e-01
3.302922357055634861e-01
3.327211195272299360e-01
3.351801391905057659e-01
3.369683929003569056e-01
3.397057611029781210e-01
3.412788046650280238e-01
3.427737594355561024e-01
3.452891717654787973e-01
3.472976653522683588e-01
3.487276039540592731e-01
3.510325512706198303e-01
3.534234937537352739e-01
3.559350326895581174e-01
3.573726556803613619e-01
3.592732915624370360e-01
3.609564296714502518e-01
3.631617291031375427e-01
3.662973727734381568e-01
3.677794968664582775e-01
3.699040030771651999e-01
3.716664345751489185e-01
3.730464878544737517e-01
3.747099201761900367e-01
3.763572168265079676e-01
3.787204583593010709e-01
3.813472660637727829e-01
3.833845488727279371e-01
3.853198331666893295e-01
3.870375667176448320e-01
3.889334126929767654e-01
3.903858968677481056e-01
3.926418490831184993e-01
3.943543246569027882e-01
3.963721487579435765e-01
3.982616810667290452e-01
3.999777694904746439e-01
4.019700622625599351e-01
4.038209298505588407e-01
4.058623223162913796e-01
4.074108988394310460e-01
4.086892413056504303e-01
4.106832655029030166e-01
4.124110348265135895e-01
4.142472164377775101e-01
4.159190430956822837e-01
4.176952516860721887e-01
4.191564967621265181e-01
4.211544191197462150e-01
4.223100366535421091e-01
4.246846803521181490e-01
4.264153533103883786e-01
4.273988743679437707e-01
4.295485982333758779e-01
4.312929321111969583e-01
4.325135683024139421e-01
4.347639042164994638e-01
4.356812561715262544e-01
4.379569235911787151e-01
4.389339812986060019e-01
4.410564570344828739e-01
4.425673040479963238e-01
4.437971345445085314e-01
4.458135026849535665e-01
4.473113095767262681e-01
4.488955981597174127e-01
4.511952960335133267e-01
4.530011526530703936e-01
4.537739253262986772e-01
4.549730631325708541e-01
4.569771796733425040e-01
4.581179963163167224e-01
4.598591570355075042e-01
4.608280191137930082e-01
4.628598446638440556e-01
4.646855534935446230e-01
4.660452439069405761e-01
4.672803160868994055e-01
4.689930328593250319e-01
4.698572521915043709e-01
4.713578232368514365e-01
4.731410275600532733e-01
4.744055352998804431e-01
4.757797583860595148e-01
4.768238810912655556e-01
4.782883647231914170e-01
4.792854280832209990e-01
4.812931808303936299e-01
4.830325011899251342e-01
4.846731293163710208e-01
4.861065572470306684e-01
4.871727638577391661e-01
4.886188026086541458e-01
4.898545899816146298e-01
4.911193300233384074e-01
4.927548815908236457e-01
4.938364963686944220e-01
4.951643191989963944e-01
4.968484446359244799e-01
4.982194517202603312e-01
4.987744994512195440e-01
5.009526910522695831e-01
5.022348942224362789e-01
5.029211157570739887e-01
5.040949778078434029e-01
5.053935904637746335e-01
5.070770590011457468e-01
5.083455262801228614e-01
5.095583623404388307e-01
5.110513896106791965e-01
5.120776117758277790e-01
5.134416147695841648e-01
5.147316400980808115e-01
5.158686490088434384e-01
5.165909255610412476e-01
5.185306054978222612e-01
5.192767346844164855e-01
5.208737439571646810e-01
5.215114640066844665e-01
5.230702912313190955e-01
5.240918319529642710e-01
5.253786313742642156e-01
5.262705353039371925e-01
5.281648950518229579e-01
5.284536741517609215e-01
5.297806365588162425e-01
5.315797902802209540e-01
5.322178007181278536e-01
5.333880688497975031e-01
5.349912228076327825e-01
5.359129752409719227e-01
5.371907317535309367e-01
5.381508618251552578e-01
5.391420157915771671e-01
5.401769813473698001e-01
5.418434309326753961e-01
5.426919382188039043e-01
5.437274390401466428e-01
5.446360665083603836e-01
5.458360111779571033e-01
5.473695837915806273e-01
5.481589277001998051e-01
5.490894263415790899e-01
5.503906851640264497e-01
5.512805714472139851e-01
5.526031387295027297e-01
5.534363075785995179e-01
5.546315697645216591e-01
5.555399741284494652e-01
5.567803032414149200e-01
5.572675827180414432e-01
5.588797539711507500e-01
5.597869687318965948e-01
5.609115841918623779e-01
5.614487420067699741e-01
5.625057572504192915e-01
5.635975937714504669e-01
5.645218708635020288e-01
5.657154126424719376e-01
5.661683063146625283e-01
5.678574126523655563e-01
5.689654147685961894e-01
5.693613857872951156e-01
5.705346174657716096e-01
5.713858858023573850e-01
5.722951517367131924e-01
5.734729563761279403e-01
5.744402765817916423e-01
5.753099541016569729e-01
5.762096367950344522e-01
5.773811661585054322e-01
5.782680029999721638e-01
5.794897319906173738e-01
5.801419307092845479e-01
5.811189855225799006e-01
5.820375377547251095e-01
5.828522802927416091e-01
5.841129730010431453e-01
5.846956629133746031e-01
5.857876789827982655e-01
5.864462305366415773e-01
5.874280921081428408e-01
5.884330959318393450e-01
5.892515430398720389e-01
5.903027400448876971e-01
5.908891059842803495e-01
5.918267893051951667e-01
5.927445821421897243e-01
5.940416599031221878e-01
5.948402291307701706e-01
5.952338702242575552e-01
5.963035285986250100e-01
5.970342895228712976e-01
5.979304309673364459e-01
5.983232532755213828e-01
5.997645656701983130e-01
6.006984365084241384e-01
6.014815646668995042e-01
6.021853706019342223e-01
6.026899269630131561e-01
6.038045143440291529e-01
6.044595182998699912e-01
6.053191974550776733e-01
6.062384325304680521e-01
6.072314100886487820e-01
6.077608180015103834e-01
6.083749150613344536e-01
6.096221314981911110e-01
6.101528527919929390e-01
6.109145127853147228e-01
6.116623946828384506e-01
6.127499513359615513e-01
6.135125109619360417e-01
6.142638717514262714e-01
6.150741588330346232e-01
6.158374055501377731e-01
6.165057708086046917e-01
6.172822519365671612e-01
6.174824315565790034e-01
6.184836387491715604e-01
6.195817004887504975e-01
6.200570548471572296e-01
6.207531881148816710e-01
6.219696073011743431e-01
6.226962901202109935e-01
6.233636716551133050e-01
6.240972537226864292e-01
6.245600936463883146e-01
6.256762408168716760e-01
6.262363283289161808e-01
6.265481303148697778e-01
6.275300424829916013e-01
6.282707757657547409e-01
6.291026765599039283e-01
6.299402015777395558e-01
6.303818293798171268e-01
6.313263486291252891e-01
6.321357108492321464e-01
6.327959798326036056e-01
6.335799712319876154e-01
6.340182121458888265e-01
6.349885804167207937e-01
6.356379446638189545e-01
6.361139165581802812e-01
6.366945978231781655e-01
6.376937235804784887e-01
6.383057012595723112e-01
6.389782116010330748e-01
6.397610757475797882e-01
6.403753574782464764e-01
6.406510064393140524e-01
6.413092128996394914e-01
6.420095378182182344e-01
6.429743068948270412e-01
6.435000854794827863e-01
6.444308238300781033e-01
6.450132353870913215e-01
6.453500888467097463e-01
6.463274913802566912e-01
6.468191203369987319e-01
6.473905756018265567e-01
6.480440648921407254e-01
6.487160747233069458e-01
6.492414799820686033e-01
6.499928031856151422e-01
6.504537096928622031e-01
6.513944707436170045e-01
6.521110317475005136e-01
6.526205436048099218e-01
6.534681897264040806e-01
6.539616399969230276e-01
6.544448083939283789e-01
6.548273641491384467e-01
6.555359640562238299e-01
6.563897897054024044e-01
6.565879590668142196e-01
6.574238728689159039e-01
6.582357284760379512e-01
6.590053193044491664e-01
6.597402818388223844e-01
6.601341075165352290e-01
6.607825488642141698e-01
6.611676755926693128e-01
6.618268607096920997e-01
6.624319842696677618e-01
6.628427417312660053e-01
6.634954180040371075e-01
6.640758633282527468e-01
6.646772361752631975e-01
6.654464255287994012e-01
6.659007836463611829e-01
6.661417748075436629e-01
6.671378579851363622e-01
6.676262601917379857e-01
6.679981323593328080e-01
6.686796088611489663e-01
6.694675498412333559e-01
6.695747379846885838e-01
6.706903449717123156e-01
6.709808454427268476e-01
6.714949235492969626e-01
6.717905665613929100e-01
6.727037021466659716e-01
6.734210242130805879e-01
6.735869004127722492e-01
6.743889675334160394e-01
6.749219824802504819e-01
6.752343552118215131e-01
6.759481937419324904e-01
6.763841049731718069e-01
6.770612505397926029e-01
6.777035994577508271e-01
6.780898948784698232e-01
6.787919931750553415e-01
6.790550586674712896e-01
6.795039924831060008e-01
6.800924697517534145e-01
6.807100164058802472e-01
6.808634833310206469e-01
6.815755754967763869e-01
6.822818404557499106e-01
6.829210614708628446e-01
6.835357583379233493e-01
6.840025663619628826e-01
6.843060236189448808e-01
6.850805027163154870e-01
6.855929344497175837e-01
6.859528852524242604e-01
6.866584137477347305e-01
6.868973284198793827e-01
6.876151519542574864e-01
6.878655730838660887e-01
6.883278485933824742e-01
6.890415958395115226e-01
6.895860038430453587e-01
6.898463535911244504e-01
6.904526709953415775e-01
6.912835910233261494e-01
6.912990429917068580e-01
6.916653890935134941e-01
6.925227367482917895e-01
6.931173316126094663e-01
6.935419616501736773e-01
6.944432191527134535e-01
6.945562139429755089e-01
6.949957763760594709e-01
6.952971784342976136e-01
6.959432331037298525e-01
6.962482892476903329e-01
6.972668700412554266e-01
6.974286315858035934e-01
6.977301233826247451e-01
6.981623201643014642e-01
6.988299186938552454e-01
6.991558305046862154e-01
6.997540114611191520e-01
7.002630285665455423e-01
7.006898022312124663e-01
7.011479080982752077e-01
7.018538415537678432e-01
7.020771983992603049e-01
7.025019725989849473e-01
7.029213675905581216e-01
7.035305773174128641e-01
7.043512098876292260e-01
7.045345865791393658e-01
7.048403753353247314e-01
7.052256054140317865e-01
7.055643915132432387e-01
7.063350443660663114e-01
7.070087166145779811e-01
7.075827779027313857e-01
7.077034371456477624e-01
7.079959618321584047e-01
7.083688062340633973e-01
7.087298928553784627e-01
7.094819068857850519e-01
7.097785681690322868e-01
7.101735885860698261e-01
7.106596951459204226e-01
7.112538084345638723e-01
7.116170315840548710e-01
7.120944515898024463e-01
7.124695103824408848e-01
7.127820337283676810e-01
7.133256430809002957e-01
7.135056498377925216e-01
7.142171887950845566e-01
7.144601310906500968e-01
7.151878500326105392e-01
7.153649888799491485e-01
7.161943724321089277e-01
7.161619059820383271e-01
7.168666228370570437e-01
7.173585036335236031e-01
7.174001054233712926e-01
7.179570109606930872e-01
7.185135692027582177e-01
7.185562992801629578e-01
7.194486696168347351e-01
7.196624700711327094e-01
7.196666717437959493e-01
7.205632104659094317e-01
7.205919827041165071e-01
7.212765859647590760e-01
7.216005010181061330e-01
7.221281757763650111e-01
7.226604406623694521e-01
7.230346709898894941e-01
7.232480700724426281e-01
7.238510990311460835e-01
7.241917216164422966e-01
7.245462603493468823e-01
7.248398060967928824e-01
7.256372413813727551e-01
7.255796535979751605e-01
7.262679528491969849e-01
7.264353659384581441e-01
7.269983694793773488e-01
7.275547134298279150e-01
7.278064485838374731e-01
7.279074384807739939e-01
7.283025774464195745e-01
7.287404694857109178e-01
7.293294527341720457e-01
7.293897328698762950e-01
7.300354685512666642e-01
7.305087826931375705e-01
7.307272088603291582e-01
7.311388614233854666e-01
7.314404365673559116e-01
7.321484934561219848e-01
7.325440923846489039e-01
7.327265958788252709e-01
7.333389050486165406e-01
7.336354017282620266e-01
7.336760630124252724e-01
7.340390984209987923e-01
7.348246909422977424e-01
7.350487987788738575e-01
7.356432405916555339e-01
7.356591886920226253e-01
7.359118895496291612e-01
7.363581597707919979e-01
7.366719035641219326e-01
7.369785043300355332e-01
7.373656946224308451e-01
7.377817786966049951e-01
7.383562625071020680e-01
7.386842498512131705e-01
7.388973041207259618e-01
7.394901766624366601e-01
7.397654686271315505e-01
7.401308229030799657e-01
7.405172300763770421e-01
7.406798742242505229e-01
7.412397393829652792e-01
7.412974304511066315e-01
7.417618957419632730e-01
7.421824905625364899e-01
7.423729337553232055e-01
7.429764659889217526e-01
7.431497683714093361e-01
7.437390622061046397e-01
7.441777933816396962e-01
7.445324880415685742e-01
7.445414828676228947e-01
7.449144343726185058e-01
7.454127060865398668e-01
7.456298342770363297e-01
7.461142706239509703e-01
7.462590825316053333e-01
7.466209768130671609e-01
7.472381912649008751e-01
7.471953217917278733e-01
7.477388899750897489e-01
7.480770964220514463e-01
7.483295325261011266e-01
7.490072931442351978e-01
7.490039398136590920e-01
7.492660569977088736e-01
7.497530094862565608e-01
7.501272611835152482e-01
7.506696305937695657e-01
7.508709137489263385e-01
7.509423078875906432e-01
7.514176267614152138e-01
7.519149664267972266e-01
7.520471597760721716e-01
7.524843784243513412e-01
7.528487399208152464e-01
7.527413158217036715e-01
7.534973073949694511e-01
7.538757335993077069e-01
7.539142092468381628e-01
7.544551683598966774e-01
7.547194252485310839e-01
7.549987968940918837e-01
7.555267404942133114e-01
7.555821435110408046e-01
7.559609666170575837e-01
7.561181182798409894e-01
7.568921928679166466e-01
7.569569454867938196e-01
7.570376039002837398e-01
7.573989275796985110e-01
7.578898718178364025e-01
7.583199478131015248e-01
7.585168769562499191e-01
7.588784209791415991e-01
7.593135142378002467e-01
7.593171444003887771e-01
7.597973063112185566e-01
7.603144693785405250e-01
7.605493993550763721e-01
7.607512092680325244e-01
7.610836486958479918e-01
7.613538160532806742e-01
7.616724636066959375e-01
7.618221989396670724e-01
7.620872420740860687e-01
7.625902486616047415e-01
7.628958643027630160e-01
7.632371995587797775e-01
7.636219334470030207e-01
7.639342142597724816e-01
7.641118514801583661e-01
7.644140745146945637e-01
7.647176776134116949e-01
7.651419620421593404e-01
7.653812977484656388e-01
7.654454401146942866e-01
7.659641932942164999e-01
7.663807373408824120e-01
7.665949639594827891e-01
7.667476835402736723e-01
7.670960863038497335e-01
7.674429434001107664e-01
7.677832825004011763e-01
7.682497623786950225e-01
7.683487146933810630e-01
7.686640089302487766e-01
7.688253164249616578e-01
7.691835383266911741e-01
7.693834490900489653e-01
7.699431505436632461e-01
7.700588270194299589e-01
7.701648805060173908e-01
7.707807285972936295e-01
7.709465967689184129e-01
7.713866211279206686e-01
7.715983475525187707e-01
7.717853546783524088e-01
7.722003131263431852e-01
7.722450975032174592e-01
7.726112290315323428e-01
7.731438473145980650e-01
7.733386051910068337e-01
7.736491839487976696e-01
7.739352168806373777e-01
7.740431355414888470e-01
7.744211338237128039e-01
7.745560816848705565e-01
7.749577240314287074e-01
7.752810517446840910e-01
7.756296386696451828e-01
7.758946621885703943e-01
7.759817110064750612e-01
7.765736854048842508e-01
7.765499212474348267e-01
7.769636689133229135e-01
7.771353449701678962e-01
7.776002997189006560e-01
7.777950899025666276e-01
7.782096729529708323e-01
7.782112775595964038e-01
7.785118050015966684e-01
7.787855076927425735e-01
7.792010711202574935e-01
7.794231332390684219e-01
7.796558860422951875e-01
7.800839497890150742e-01
7.803130131962189298e-01
7.802850015064521916e-01
7.805957645793276667e-01
7.809975423066757294e-01
7.812064608356871220e-01
7.815807276937190018e-01
7.818423578579870581e-01
7.823257796126302788e-01
7.821698938881337382e-01
7.826863141218616260e-01
7.830735276543436818e-01
7.830506105012733364e-01
7.832460796767344302e-01
7.835666480079501728e-01
7.837921355016476133e-01
7.841786758568983773e-01
7.844653731115690531e-01
7.846574616473611652e-01
7.847033918970026667e-01
7.848786241688253673e-01
7.855602118788929111e-01
7.855760434988193763e-01
7.860749870794636607e-01
7.863491198570952134e-01
7.863480917128091718e-01
7.868741029799126707e-01
7.869196541412428747e-01
7.874539936079071323e-01
7.874656183941445287e-01
7.878161282452427194e-01
7.879379493987983540e-01
7.883039570741006141e-01
7.885366455564677413e-01
7.888176103481669976e-01
7.892048337441167627e-01
7.892994035916389706e-01
7.894426160639017587e-01
7.897446649089749915e-01
7.901933566182630653e-01
7.903858776811528708e-01
7.907490625648522231e-01
7.910234015800087226e-01
7.913850859531926796e-01
7.913808063849501195e-01
7.915157538781092406e-01
7.917120249499864926e-01
7.921869365280325148e-01
7.924380713369701956e-01
7.926957753682777330e-01
7.927383365545509486e-01
7.933109254699611812e-01
7.934772762185738904e-01
7.936607126542609691e-01
7.937858904407717464e-01
7.939846790917092223e-01
7.943231889716489968e-01
7.944087426086825499e-01
7.947392910504669228e-01
7.948716450091127816e-01
7.952984532193090317e-01
7.956991164145734707e-01
7.958840136963841738e-01
7.959952999970701937e-01
7.962875005107443727e-01
7.964742272654710131e-01
7.966043165841175666e-01
7.971019091432393067e-01
7.970605693903050071e-01
7.973808848896508650e-01
7.978603073495051934e-01
7.979350196482225543e-01
7.981263304964268945e-01
7.985510190711855305e-01
7.985655120151063935e-01
7.987940628346664740e-01
7.990259699884245670e-01
7.992758215446573722e-01
7.996624671571206378e-01
7.998878098465336262e-01
7.997538336131452263e-01
8.002673022171602479e-01
8.002634200957834398e-01
8.004889139457728175e-01
8.009309889040447938e-01
8.012990181879040552e-01
8.015038520581984072e-01
8.016917504876499567e-01
8.018147665778654343e-01
8.020659743283503618e-01
8.021472994565945758e-01
8.026549942928116188e-01
8.026860434517639753e-01
8.029341973678808531e-01
8.033325998285134606e-01
8.034184269891091468e-01
8.037457676795767281e-01
8.039147874638337132e-01
8.041076077661053478e-01
8.041560393210199775e-01
8.046096129845481393e-01
8.047791377544167846e-01
8.052016200133441659e-01
8.052713947099493508e-01
8.053426603023077224e-01
8.055587523387767179e-01
8.058098610179736943e-01
8.059077146609469056e-01
8.063813951413224546e-01
8.063990036549778528e-01
8.067663803305578085e-01
8.070078587736424502e-01
8.073497779518754580e-01
8.073861647019640042e-01
8.078594706316636342e-01
8.078580719249685016e-01
8.080047584062234334e-01
8.082771097228905743e-01
8.085260010811363696e-01
8.090430740266097986e-01
8.089634149532166640e-01
8.091505549231112759e-01
8.093256309913731128e-01
8.094451121200296750e-01
8.098095712264506973e-01
8.099901524142002485e-01
8.100292456060492752e-01
8.102447298004193943e-01
8.105959339321755497e-01
8.107644578691163284e-01
8.112251567131322227e-01
8.113018524926941533e-01
8.115249504628342381e-01
8.116395883707917536e-01
8.118037646996626444e-01
8.120305625190989973e-01
8.122877712599989586e-01
8.124132011194582503e-01
8.126097220883262695e-01
8.128569947934551898e-01
8.132351496246705835e-01
8.133486350110676888e-01
8.135517173948549896e-01
8.140110355256858776e-01
8.140705128940856072e-01
8.141873295654531439e-01
8.141939696434090656e-01
8.146313605026109794e-01
8.148003036381672448e-01
8.151083135472021457e-01
8.152772977304859614e-01
8.151951029347886957e-01
8.155592937445809154e-01
8.157945858306266951e-01
8.159676496949215263e-01
8.162459903317713650e-01
8.162362122193660419e-01
8.167641750723965144e-01
8.167750450015364150e-01
8.171630370704326962e-01
8.172945763842609512e-01
8.173885795246730313e-01
8.176271230948867208e-01
8.178110793218585917e-01
8.180349458898089621e-01
8.181316926422783631e-01
8.186094609118039767e-01
8.183523323027536156e-01
8.189892648686871723e-01
8.189805576716839841e-01
8.192627049116384397e-01
8.195500644936744017e-01
8.196573218944833705e-01
8.198829363465043318e-01
8.200671215907402445e-01
8.203595770637928108e-01
8.203459291708504741e-01
8.206566238409243041e-01
8.208860339582083609e-01
8.209789204953379382e-01
8.211768866269754108e-01
8.215099318279152074e-01
8.215049995581138464e-01
8.217132371290085668e-01
8.221520667954710371e-01
8.219795845042618954e-01
8.223732594952369857e-01
8.225946051815258286e-01
8.228111224651313282e-01
8.229491442101225518e-01
8.231368325118747498e-01
8.232507298369380333e-01
8.236939785011361259e-01
8.239048429799881168e-01
8.238607326611244730e-01
8.242472084091855278e-01
8.244295696974264231e-01
8.245332243075726986e-01
8.246132765454425861e-01
8.249638786536912516e-01
8.250524111933194016e-01
8.254095724913385057e-01
8.254463240749824182e-01
8.257414540318933627e-01
8.257691135554142692e-01
8.261313198888590170e-01
8.262353980057988156e-01
8.264891219731600458e-01
8.267789718733977722e-01
8.267819259677616772e-01
8.269443809319746430e-01
8.271297819377235738e-01
8.273724009322412920e-01
8.275805397850574119e-01
8.278511148659484231e-01
8.278168423402266773e-01
8.281770295373850344e-01
8.282120373385253309e-01
8.284498504725711365e-01
8.285597820381179757e-01
8.289323887081750941e-01
8.290187402657536175e-01
8.292833736211916440e-01
8.293266497589538710e-01
8.296325378130202655e-01
8.296414193443065743e-01
8.301235882609440120e-01
8.300459377884122913e-01
8.303280868027783646e-01
8.303880123597211504e-01
8.306899160329345166e-01
8.310227025317747929e-01
8.311976094239673651e-01
8.312297824420638026e-01
8.312883179228363062e-01
8.315557989114010784e-01
8.316169110984981128e-01
8.319651292673202470e-01
8.319830383951515307e-01
8.322713783553158384e-01
8.326193926882176077e-01
8.325262580539798396e-01
8.329521277122907685e-01
8.330540688896830304e-01
8.332384370544240193e-01
8.333706156924249875e-01
8.336803189641633915e-01
8.337996128327220813e-01
8.338776160451297770e-01
8.342007749534043892e-01
8.343734572856837950e-01
8.345617365451576397e-01
8.346025538482321204e-01
8.345519381204244969e-01
8.348363657050105191e-01
8.350962826341578049e-01
8.354162416388511980e-01
8.354667554518385719e-01
8.355860877023958411e-01
8.357052238433996250e-01
8.360938008669402954e-01
8.363384124349159121e-01
8.363266939192189886e-01
8.365574618708935262e-01
8.366899225643613658e-01
8.369322478514114039e-01
8.368884427856361219e-01
8.372676701749027783e-01
8.373497428738155834e-01
8.374555176304473436e-01
8.377472029105496043e-01
8.379220085801408757e-01
8.380566203742148002e-01
8.380759553608898571e-01
8.383610603231391734e-01
8.384923566422917141e-01
8.389302633163715495e-01
8.387589547724845218e-01
8.389622232192950335e-01
8.393216564798632318e-01
8.392910888981590656e-01
8.396746146706542957e-01
8.397754952139918627e-01
8.399899614134508363e-01
8.402386624318680663e-01
8.401826133467834579e-01
8.403934100739800517e-01
8.404735763793739212e-01
8.407568634705241406e-01
8.410076514591942054e-01
8.409637680871112630e-01
8.413830021028946282e-01
8.414327942587571663e-01
8.415668901369977029e-01
8.419420608375814963e-01
8.421051719391320356e-01
8.422520101094463918e-01
8.421701084426854722e-01
8.425445574137339078e-01
8.424428692539490671e-01
8.427529527724852976e-01
8.428923271889352531e-01
8.432361051541772401e-01
