1.020620647605167790e-02
9.832388570015846221e-03
9.562871935543594548e-03
9.570359256339974058e-03
9.588359190076762781e-03
9.529941674625751202e-03
9.280445565395777086e-03
9.057411593616298065e-03
8.967437685835102229e-03
8.741042421119327860e-03
8.614585544811004594e-03
7.606010505445733733e-03
7.961430414670197728e-03
9.990003254639627864e-03
1.104399961450990876e-02
1.370284429572095689e-02
1.614717059948502301e-02
1.466457723832156196e-02
1.384756194721946214e-02
1.421504517172404031e-02
1.418929384743156802e-02
1.495488854105831746e-02
1.777347568782260134e-02
2.171508187038081669e-02
2.090652803865311604e-02
2.496297882888529746e-02
3.013906174209820404e-02
3.045924985962491366e-02
3.391325151552318506e-02
3.318928905202172402e-02
3.332797781170772355e-02
3.280422058894637977e-02
3.534184394833762843e-02
3.680235918738133938e-02
4.338254864291744839e-02
4.753411599177952140e-02
5.119972558869496232e-02
5.514494218937736336e-02
5.646301990461063958e-02
5.629562614414279631e-02
5.896879109131156205e-02
6.011166838081760666e-02
6.169217275675619588e-02
6.393815213318145008e-02
6.624766683699676029e-02
7.003630870876557946e-02
7.305713710901531877e-02
7.665851786842366178e-02
7.976994359741505780e-02
8.342266368643734553e-02
8.464084840970766133e-02
8.643937496366134454e-02
8.972882788320206415e-02
9.001521043137696021e-02
9.254462135818770918e-02
9.787299540172442192e-02
1.018040417635623224e-01
1.052824391600847009e-01
1.078002008815121260e-01
1.087222354668485602e-01
1.117822085400320131e-01
1.137044473761924662e-01
1.181831568315889619e-01
1.190025517290797946e-01
1.223122093227477919e-01
1.265185420910528713e-01
1.273393439983813158e-01
1.293563883681335402e-01
1.326310110483178706e-01
1.350068972224553188e-01
1.371014918755212308e-01
1.418928602161633745e-01
1.442556972416347283e-01
1.452318147107569402e-01
1.500535040255646935e-01
1.521218489463103951e-01
1.550922611071392510e-01
1.566534871372116111e-01
1.585051781571622520e-01
1.614881437406307796e-01
1.648774900641535035e-01
1.676292928459275078e-01
1.707583856554828472e-01
1.742317749392482407e-01
1.763522849129351977e-01
1.792251286410022348e-01
1.819191801096011196e-01
1.842594774254778800e-01
1.869764557726504572e-01
1.892351642558752212e-01
1.918419763376226772e-01
1.952645865901748989e-01
1.983307994691058396e-01
1.997740245567642681e-01
2.022425638964510108e-01
2.050870287346792942e-01
2.066274520303395812e-01
2.100799658633526745e-01
2.124502228912107660e-01
2.157038871525354395e-01
2.187855840874006197e-01
2.206959466360345068e-01
2.226619378080557654e-01
2.262519456573266752e-01
2.286158200998988088e-01
2.293888661049864608e-01
2.322913854770089492e-01
2.352434269521440080e-01
2.378862567232692959e-01
2.402488658206989591e-01
2.420350766006674481e-01
2.442628963720686053e-01
2.466764799013632659e-01
2.494373634202505519e-01
2.526215385514176681e-01
2.542908199616936704e-01
2.569940216784490361e-01
2.598288985688579911e-01
2.620242992712713548e-01
2.640605931100607484e-01
2.661273545604658786e-01
2.681504943673027608e-01
2.708536693450075972e-01
2.726162725764759709e-01
2.752647760013987588e-01
2.779192058380025032e-01
2.800896207359950818e-01
2.818592805371701870e-01
2.845941084746286820e-01
2.871755682792492270e-01
2.892193679613842550e-01
2.913223273022432225e-01
2.933616602351574731e-01
2.956105815775715850e-01
2.974898050118393034e-01
2.995265153399054858e-01
3.022298847048341952e-01
3.044605741792956177e-01
3.061732195055670291e-01
3.085762621610502188e-01
3.108058750954086902e-01
3.127106534313828234e-01
3.149934997208925225e-01
3.175154031094504226e-01
3.193013278897521290e-01
3.220608871222501168e-01
3.235113494114223998e-01
3.250736373811297097e-01
3.274702925670882059e-01
3.296652900189244173e-01
3.308169599270234795e-01
3.331541174620233914e-01
3.355324034072492134e-01
3.380009333978843400e-01
3.394351164293016865e-01
3.414548653901874897e-01
3.429081523984731095e-01
3.450535405911382969e-01
3.482454408810575219e-01
3.497739454540790272e-01
3.518976994226916122e-01
3.535230327156749786e-01
3.549552786203372667e-01
3.567177973871004104e-01
3.582539026918910574e-01
3.608512421223434297e-01
3.634813159917190672e-01
3.651938585161945139e-01
3.667634169436266300e-01
3.688275361150610832e-01
3.708895703928392629e-01
3.726765045085389527e-01
3.748473344498969295e-01
3.764130790026058437e-01
3.784319587110710481e-01
3.802633432470813313e-01
3.821068007774291453e-01
3.839365701320883728e-01
3.856183388816023516e-01
3.875712148572323934e-01
3.887761361403608840e-01
3.903360507271561586e-01
3.926456700188093452e-01
3.941592287602964095e-01
3.958636566961374892e-01
3.975559792681411797e-01
3.994365527974349517e-01
4.010206140031105093e-01
4.030408441785373053e-01
4.041301579926713794e-01
4.063946818483610279e-01
4.082728668635804414e-01
4.093382198700313279e-01
4.113467386469313869e-01
4.130581301543135297e-01
4.144383511125239727e-01
4.165002671567815118e-01
4.176571216202404346e-01
4.199783921532405651e-01
4.210194869475472057e-01
4.231062035995508674e-01
4.246157933386144889e-01
4.257837039713694982e-01
4.277103763904916978e-01
4.292363742134643889e-01
4.308357251462373028e-01
4.330337937077377575e-01
4.347903097934368577e-01
4.356438287152386568e-01
4.367384438006702285e-01
4.388650659577466029e-01
4.399834141145076427e-01
4.417425817907810193e-01
4.430300941547372640e-01
4.449961236002523135e-01
4.466366839787919707e-01
4.479706014632000022e-01
4.495655989436060374e-01
4.511335533489784222e-01
4.520958895043195036e-01
4.537557891908397534e-01
4.555044652763129975e-01
4.563546118587210043e-01
4.579393631045862723e-01
4.593828625519261744e-01
4.607164061280416001e-01
4.622062137042027286e-01
4.639519738424086603e-01
4.656642847493663862e-01
4.672581266067025729e-01
4.682405160043201509e-01
4.694327803283020462e-01
4.710030287420247097e-01
4.722798773906138892e-01
4.738502358250063495e-01
4.751570287963247652e-01
4.764610574553176381e-01
4.777362258621347668e-01
4.794344944576953149e-01
4.809055147844674138e-01
4.811985478896048662e-01
4.836095186179394378e-01
4.847358594921603037e-01
4.853306268005263546e-01
4.868879330133144556e-01
4.882294385444343465e-01
4.897495814341731313e-01
4.912182032453753511e-01
4.923007605490811178e-01
4.938603345653618248e-01
4.950012576295486078e-01
4.962669437155351471e-01
4.973486398173919687e-01
4.983890523960666785e-01
4.996669984076552162e-01
5.013989205674477256e-01
5.022655576808507938e-01
5.041305429237891156e-01
5.048109556204419812e-01
5.059709697037504395e-01
5.072619642521466465e-01
5.085357120906022210e-01
5.099787338931145442e-01
5.113712568010555515e-01
5.118048120548028823e-01
5.132572325811521896e-01
5.150657110229919233e-01
5.159381280098279676e-01
5.169584597494217837e-01
5.182000365772162498e-01
5.196015086045764342e-01
5.208200758425971522e-01
5.219206742542253918e-01
5.227454951589871612e-01
5.235137459744724220e-01
5.252258542017306242e-01
5.267868017826087268e-01
5.274820111637026354e-01
5.283309230936337197e-01
5.298891016414115640e-01
5.310766523866281563e-01
5.319913741232870086e-01
5.327739342458894800e-01
5.340338932385063631e-01
5.351901308186808315e-01
5.364335405623709141e-01
5.372408556164018911e-01
5.383224279876617224e-01
5.393973466855430665e-01
5.407890754041030368e-01
5.412088472178165910e-01
5.425662051617439197e-01
5.436505576893769787e-01
5.447710002736055879e-01
5.453727166474663379e-01
5.467429284769331765e-01
5.479269265162218794e-01
5.490355789099661266e-01
5.498377957539097860e-01
5.505854283035102048e-01
5.524937711911444005e-01
5.532499727426610781e-01
5.541696287362491979e-01
5.550785686137948982e-01
5.560199407657188120e-01
5.569739611673819590e-01
5.581523648606300236e-01
5.588151245358742303e-01
5.598480994268757449e-01
5.610190045437231099e-01
5.618794440458310113e-01
5.631430976547128209e-01
5.642484344792288997e-01
5.647865778888848665e-01
5.657508460733020605e-01
5.670778819373214485e-01
5.679992169100545052e-01
5.690610493772593204e-01
5.695521450839803324e-01
5.708158628283080960e-01
5.713509052028930002e-01
5.724630014876306294e-01
5.735851858540546022e-01
5.738482343274082798e-01
5.751725991224421186e-01
5.761201166109235494e-01
5.769178475590314159e-01
5.782021063383904202e-01
5.790295530986747652e-01
5.797669003114090946e-01
5.806102315115551082e-01
5.813942453689717738e-01
5.821270449261178870e-01
5.832885932482930746e-01
5.841230554600878033e-01
5.850808689161035581e-01
5.856007239138928400e-01
5.869019223535353325e-01
5.875533185094355959e-01
5.881990467559226055e-01
5.894487422032750334e-01
5.901647411385522179e-01
5.910778378011686263e-01
5.920244492787964941e-01
5.927966842104183121e-01
5.933418373521722744e-01
5.942721513196744798e-01
5.954034201376876556e-01
5.961878783626791689e-01
5.967413930770153474e-01
5.976630342843091137e-01
5.986858277941116135e-01
5.997524864516254883e-01
6.005706540567847806e-01
6.009957728745616290e-01
6.018107966553568611e-01
6.028941543059178620e-01
6.034682494013025034e-01
6.039890510772027987e-01
6.046666678466919853e-01
6.055992644526384527e-01
6.064257757316555697e-01
6.070669460096653758e-01
6.079378726311752690e-01
6.091350441262123327e-01
6.097356829570499404e-01
6.108028913700398466e-01
6.109347289061147768e-01
6.118604017110250703e-01
6.125538967231238807e-01
6.133281369415070072e-01
6.142577897093135508e-01
6.153086306446113873e-01
6.158344134948680049e-01
6.163015175286884473e-01
6.173055461775841524e-01
6.182532744078799158e-01
6.191691853415107749e-01
6.197338497988055250e-01
6.201038917484601454e-01
6.209830533683130538e-01
6.218377455328872871e-01
6.227895732533192952e-01
6.232585420563649947e-01
6.235909241239082634e-01
6.247198600563002024e-01
6.253581240482726233e-01
6.263667339495216924e-01
6.267691749675060597e-01
6.275489364732976805e-01
6.281404166671005207e-01
6.286667388521922639e-01
6.293271773650591649e-01
6.302927785607502775e-01
6.306477385895006282e-01
6.313334425996474097e-01
6.323618046713754826e-01
6.328975463650400313e-01
6.338177127449712289e-01
6.340667169291552829e-01
6.351221157787271254e-01
6.357595590499830474e-01
6.361589852570344039e-01
6.370393659375240825e-01
6.376249113175492811e-01
6.383020584623557703e-01
6.392916049721953931e-01
6.398048998253100805e-01
6.404430152820209665e-01
6.410497334611707787e-01
6.418661295871207484e-01
6.424097679201949962e-01
6.427615661301868677e-01
6.435075830260575946e-01
6.442631451671765319e-01
6.450123154286719895e-01
6.455292810658357361e-01
6.462852125582715379e-01
6.470994332997013210e-01
6.475041822443798889e-01
6.479399631516211677e-01
6.489135801192925657e-01
6.493768522901323115e-01
6.498015102594901782e-01
6.505081563734540495e-01
6.514884528246838169e-01
6.520865444455751225e-01
6.525576164987036965e-01
6.533899615213060175e-01
6.536691341033652458e-01
6.542493342161083136e-01
6.548030353479888932e-01
6.559359757491719511e-01
6.562304824206834919e-01
6.566149572466263296e-01
6.573577587474026540e-01
6.580259394564729192e-01
6.583101824064759855e-01
6.593079286004212003e-01
6.595302040935868693e-01
6.605109048613648781e-01
6.610787841507692608e-01
6.615445449321950555e-01
6.621513420851279363e-01
6.623717726172421161e-01
6.633088532011034433e-01
6.639194253527044287e-01
6.643110204112797623e-01
6.648920958053190500e-01
6.655725403217077618e-01
6.659901360739215459e-01
6.664748673282575586e-01
6.676329911810470197e-01
6.677239697207122404e-01
6.685226126524043133e-01
6.687005024135104225e-01
6.694165162004019898e-01
6.699850853381940086e-01
6.707084810489567506e-01
6.714231826331961139e-01
6.718892771453823798e-01
6.718280807900021134e-01
6.731110180014134858e-01
6.731938901446159473e-01
6.738680692864040811e-01
6.745344680857831010e-01
6.750968062407552983e-01
6.752455561795502881e-01
6.759641117234376217e-01
6.765277575967733048e-01
6.768441848933965943e-01
6.775167400891451974e-01
6.780930779837958111e-01
6.786283109772773825e-01
6.791528014853638329e-01
6.800039977920010470e-01
6.800605950335377736e-01
6.807093106341883804e-01
6.813239335414124076e-01
6.817066433181463436e-01
6.823371652867935566e-01
6.830242597250371084e-01
6.832723940074795221e-01
6.839205066685936085e-01
6.843118869473144850e-01
6.850667904614645698e-01
6.855021905288054551e-01
6.858522404749420875e-01
6.865874228198457496e-01
6.867075706147112157e-01
6.873620874421546567e-01
6.879011131739366514e-01
6.883299597634701117e-01
6.886741856307136977e-01
6.893755206584208928e-01
6.897608360541610528e-01
6.905203242410702380e-01
6.904085752713495783e-01
6.912119396429200480e-01
6.917080080671547115e-01
6.920172960145168917e-01
6.928255605184747701e-01
6.931798527831201095e-01
6.936090835649575403e-01
6.941058147955807556e-01
6.949111191689056888e-01
6.948580888396956867e-01
6.959751077032061417e-01
6.960286509407503930e-01
6.967569003103171177e-01
6.969825794828277132e-01
6.974315827563156711e-01
6.976142243563885348e-01
6.981848041660083659e-01
6.987256447468438436e-01
6.991520151557122364e-01
6.996657224038124179e-01
7.002334031272762216e-01
7.008930555953257757e-01
7.010823284130988098e-01
7.014676024344287386e-01
7.018716791287262780e-01
7.026497497748006582e-01
7.029123185539829510e-01
7.033766259261556852e-01
7.038662130028450203e-01
7.042340115881997598e-01
7.048070567670025044e-01
7.051785808665532729e-01
7.056805343371006511e-01
7.059648447774741209e-01
7.067558073334629931e-01
7.069753125921762749e-01
7.075280832896916339e-01
7.079171860180791809e-01
7.083996141357754572e-01
7.086685528053635608e-01
7.090678968239704227e-01
7.094545304056737445e-01
7.097490057682880327e-01
7.103394169918310075e-01
7.107278465343447316e-01
7.113718932663037897e-01
7.117828704158088993e-01
7.122073441616099121e-01
7.125092399089987261e-01
7.132865668283785432e-01
7.138012034280803997e-01
7.141696486197969262e-01
7.143052837060348548e-01
7.147854970669084151e-01
7.151799092124029311e-01
7.154620518143667285e-01
7.160338992240024014e-01
7.164253435601993791e-01
7.169144076884714778e-01
7.174089861724933792e-01
7.174739325456006567e-01
7.179458982713284865e-01
7.186561683078764862e-01
7.188719007421575657e-01
7.190201842072752036e-01
7.195646072752439615e-01
7.199737599927108489e-01
7.203072302362850676e-01
7.209460883329742442e-01
7.212188430794396199e-01
7.216672798055978610e-01
7.221140576372256925e-01
7.226115721459726027e-01
7.229984615019763305e-01
7.234118332732255574e-01
7.239103259458440354e-01
7.243843582168897344e-01
7.245601211513730266e-01
7.248932589638843460e-01
7.252592404206039678e-01
7.255401119146724920e-01
7.263558066518814860e-01
7.263867356938260578e-01
7.267825063743933445e-01
7.272752464891328872e-01
7.277238117292347264e-01
7.278422316430278594e-01
7.282886502892407243e-01
7.286542369022722676e-01
7.289280766509554921e-01
7.295061797105109047e-01
7.296577647839572744e-01
7.303197225217598065e-01
7.303047487683517192e-01
7.310469787578594003e-01
7.316425262676388153e-01
7.318435476386231375e-01
7.322031207089213511e-01
7.327110502035710793e-01
7.330529449596501212e-01
7.333178698971758447e-01
7.336011631345698003e-01
7.339165580342051909e-01
7.347312992697072609e-01
7.347036574427094902e-01
7.353116934339375410e-01
7.354213575008785586e-01
7.359951592423216171e-01
7.364276186050594530e-01
7.366013981432143476e-01
7.369330370147949560e-01
7.372009138011433871e-01
7.375516725621708014e-01
7.381379006437721602e-01
7.381278105022359703e-01
7.388905866237116538e-01
7.393566742645307777e-01
7.395455769462513373e-01
7.395693520687411926e-01
7.400752624994398898e-01
7.406106129124593318e-01
7.412328051191697798e-01
7.410844035361934257e-01
7.416244475077911069e-01
7.420922916860712704e-01
7.425333430351962472e-01
7.428655635211310893e-01
7.429074848167991352e-01
7.435989887338153581e-01
7.435972184566295162e-01
7.439007868394097445e-01
7.443690331303624008e-01
7.448552457234332014e-01
7.449889003130546472e-01
7.455761637597930758e-01
7.459289669180313442e-01
7.462502451741443998e-01
7.466157626977537598e-01
7.466368096575298763e-01
7.470271979241348559e-01
7.474483435240570905e-01
7.476835724523376303e-01
7.481647278999559170e-01
7.485369958829137804e-01
7.487736344610047556e-01
7.490916673915991586e-01
7.497582210014234194e-01
7.498344096552658211e-01
7.501921994966963547e-01
7.506969444846892658e-01
7.511027080688847946e-01
7.513612174998288706e-01
7.516236610952701236e-01
7.519321161631339345e-01
7.521523455413019477e-01
7.525935723971726166e-01
7.528416132507900205e-01
7.532801238345201433e-01
7.537373248238116163e-01
7.538827593660797355e-01
7.539730917082262396e-01
7.544707666279033553e-01
7.549290461273224784e-01
7.551304287701499085e-01
7.554978347766210245e-01
7.560101996796646517e-01
7.562606424168137886e-01
7.562989443585709237e-01
7.567873684146829705e-01
7.571131140247246982e-01
7.574070317833423438e-01
7.577981871469703368e-01
7.582468557649777452e-01
7.582223200664748308e-01
7.585313169356218133e-01
7.589683296173072025e-01
7.593859957143958006e-01
7.597027417932658011e-01
7.601041509461812229e-01
7.601373997238757285e-01
7.607449021586374371e-01
7.609715148731648338e-01
7.612644112643941474e-01
7.614673182925920658e-01
7.618281434000331309e-01
7.624143657186818190e-01
7.625724333255929910e-01
7.627441036294136945e-01
7.627860022563731635e-01
7.632063658280398011e-01
7.637070143785716914e-01
7.638778147292336618e-01
7.641188897928750112e-01
7.645741392566940409e-01
7.651964365198727913e-01
7.648845932072686482e-01
7.654533696189598224e-01
7.657704638283016063e-01
7.661598030886099808e-01
7.662149357241360148e-01
7.666900202970122757e-01
7.670826944313524631e-01
7.673414738011892222e-01
7.674520705879009919e-01
7.677955836566541237e-01
7.682694568095719267e-01
7.683936028032941623e-01
7.685073044447652268e-01
7.690293010239984683e-01
7.692874324744921610e-01
7.695106537928785295e-01
7.697644226136578505e-01
7.700967867152228585e-01
7.704088272327922482e-01
7.707411706118203476e-01
7.708171403931717292e-01
7.712201244531549094e-01
7.715341857311218687e-01
7.720640138823733345e-01
7.722540682588447947e-01
7.723340623015321205e-01
7.728208454323493015e-01
7.731228479814329368e-01
7.733331880262435121e-01
7.735041897569524538e-01
7.741203498437880803e-01
7.742137280785327258e-01
7.746667573400359830e-01
7.748542362015885532e-01
7.750128231592019468e-01
7.751823749782758011e-01
7.757469033240583789e-01
7.757763664006707138e-01
7.762556515521145117e-01
7.763012174026556744e-01
7.765765097944894446e-01
7.769909500767882005e-01
7.773249656997571755e-01
7.776551433649356859e-01
7.777915219755648923e-01
7.778982541105036175e-01
7.780862554482300686e-01
7.785427402504933037e-01
7.785789802147091709e-01
7.792085772766513818e-01
7.791344216980768955e-01
7.795644671605311826e-01
7.799679594826187667e-01
7.800978240312368417e-01
7.805583659871149216e-01
7.809388119897623382e-01
7.810745521393033242e-01
7.813109643493185708e-01
7.814348223395102266e-01
7.817655979178731451e-01
7.818899580131615235e-01
7.821479255323195989e-01
7.825212065733201383e-01
7.829479912577177458e-01
7.830554337396126163e-01
7.833618849908180470e-01
7.835537390092015553e-01
7.838592871232130666e-01
7.842655255242693135e-01
7.842792499218096403e-01
7.846656727382798069e-01
7.849627076437191153e-01
7.849399109279532327e-01
7.856470279940046542e-01
7.855398966492392887e-01
7.857645673384476837e-01
7.862050667803086590e-01
7.864686886412894928e-01
7.865341083068578820e-01
7.869185995002445644e-01
7.872991412684643420e-01
7.873932980637803336e-01
7.878031620112696531e-01
7.879202807346991078e-01
7.880489985666774277e-01
7.882422103876527419e-01
7.887693119464544989e-01
7.889455924824801958e-01
7.890558356275463314e-01
7.894066431432255060e-01
7.897182327551416359e-01
7.900189007216793513e-01
7.900544334501014010e-01
7.903719672128626250e-01
7.906888489532651887e-01
7.908187278641193307e-01
7.910613094406298007e-01
7.913175749613856613e-01
7.917161594649334555e-01
7.919979415133304723e-01
7.919654845383655717e-01
7.923774261319400658e-01
7.926811012384533672e-01
7.927388889888600243e-01
7.931271060709742526e-01
7.933294138801170181e-01
7.935664832605852093e-01
7.936221335360754692e-01
7.940632645574329240e-01
7.943641741059525030e-01
7.945657687463255625e-01
7.947526804431132019e-01
7.949392703551007022e-01
7.951227691471458581e-01
7.954454301582523090e-01
7.958067266257224937e-01
7.960085904390727940e-01
7.959731712125207581e-01
7.965048592319454723e-01
7.964884609115380210e-01
7.969110990832020125e-01
7.970747317965839462e-01
7.974483443945356020e-01
7.976261786418793465e-01
7.978358095277547912e-01
7.981451108059737232e-01
7.981737854104464791e-01
7.986075822777978228e-01
7.986097418264941350e-01
7.990177069899216944e-01
7.992403134139067777e-01
7.992507422005055151e-01
7.996484763307494248e-01
8.000446253005683017e-01
8.002239523491190276e-01
8.003007281912065674e-01
8.006295961947837991e-01
8.008315454845778003e-01
8.010904160016534270e-01
8.013720533836103943e-01
8.015052878970382322e-01
8.017992043189475782e-01
8.019582035708217038e-01
8.021973157742304794e-01
8.023382574201443074e-01
8.025927698016404044e-01
8.027291339811176707e-01
8.029162918418997208e-01
8.032743764686870458e-01
8.035378690855877748e-01
8.037203133540999911e-01
8.038664679308058503e-01
8.042073022563104301e-01
8.043458462421426702e-01
8.043987115280849531e-01
8.047507505263087335e-01
8.048736256125996746e-01
8.053069122088563070e-01
8.053422684632026707e-01
8.054972060865870365e-01
8.059270376663838498e-01
8.064029437323124716e-01
8.062669684616615706e-01
8.064852602132215331e-01
8.067162032868744337e-01
8.069458771132381747e-01
8.069482492660476902e-01
8.073956889181872487e-01
8.077622095297364302e-01
8.078701769040467218e-01
8.079769018562187322e-01
8.083909839225017491e-01
8.084482162837729469e-01
8.087317709530907894e-01
8.090325534481759284e-01
8.090918776544401281e-01
8.093340221708469340e-01
8.092627251210505746e-01
8.096557736997337384e-01
8.096642318759872392e-01
8.100228599641657867e-01
8.103015099956176748e-01
8.106848776731061523e-01
8.108366663517740935e-01
8.110919819276797282e-01
8.114112449659666160e-01
8.115257793785464191e-01
8.115394411034746458e-01
8.118382539737446502e-01
8.121353227753627113e-01
8.123989487326674919e-01
8.124054254541861475e-01
8.127868707822537564e-01
8.127579228165038305e-01
8.131267913426099003e-01
8.132319351926932116e-01
8.134537278183867626e-01
8.138669039435650898e-01
8.140188531463951049e-01
8.141246624633404760e-01
8.141804860633063967e-01
8.144463341841174930e-01
8.148279247317870011e-01
8.148009250216106114e-01
8.153032008908590589e-01
8.151629653750327442e-01
8.156137514731885974e-01
8.156255458504751976e-01
8.161560710669109042e-01
8.159583083373926904e-01
8.163702375436975300e-01
8.164446412038884882e-01
8.167107359114850196e-01
8.167560829690921897e-01
8.170284721513891846e-01
8.172147637041012880e-01
8.174579632243199612e-01
8.175978581643184029e-01
8.178804525313754237e-01
8.179527706839828660e-01
8.184082298098445118e-01
8.184983536245732383e-01
8.186672872938050016e-01
8.188374910061994028e-01
8.191186851004121916e-01
8.194133582647060710e-01
8.193160695286253459e-01
8.195360776265018243e-01
8.197039716963412381e-01
8.201073439556685329e-01
8.200420888242192508e-01
8.203455405377857446e-01
8.207305273439581272e-01
8.207299365040063854e-01
8.210408042513912541e-01
8.210832819822274642e-01
8.213249197252249223e-01
8.215015925475600556e-01
8.216561845324167335e-01
8.220844159999920464e-01
8.221626981071474827e-01
8.224088805365261656e-01
8.224790296532751288e-01
8.228500170241062062e-01
8.227142171839046947e-01
8.231295799837360372e-01
8.230995087682988487e-01
8.234250155563661577e-01
8.237149975508393229e-01
8.239329129714496602e-01
8.237524064140415714e-01
8.242417848290733984e-01
8.242563735716817996e-01
8.245676732455942126e-01
8.247419152825083977e-01
8.248206299905749272e-01
8.250466392605082522e-01
8.252840587666802064e-01
8.254290765855677448e-01
8.255671937718088715e-01
8.257514769467659832e-01
8.260554606496702812e-01
8.261470301786220105e-01
8.265007709657329338e-01
8.265086021869213484e-01
8.268706552480922234e-01
8.269880316002619081e-01
8.270771742718108221e-01
8.272682104381788859e-01
8.275195404419974921e-01
8.276528675814074365e-01
8.278702770939235789e-01
8.280217089096888472e-01
8.281046198799637548e-01
8.284281793112941994e-01
8.286383906441426861e-01
8.286949463378617819e-01
8.289062822214863235e-01
8.291190214941793757e-01
8.292851287687255102e-01
8.293096145205089975e-01
8.295635918458327263e-01
8.297521907033216237e-01
8.300104881335864659e-01
8.301116879380713298e-01
8.303536836592320114e-01
8.304987790999541764e-01
8.307099652905466369e-01
8.309386409166755749e-01
8.310354296442108435e-01
8.312313568034465083e-01
8.315428627247314353e-01
8.315509049454504753e-01
8.318882009301843405e-01
8.319490389843611222e-01
8.322332565923720171e-01
8.322964554585228214e-01
8.327333209157506966e-01
8.324365938538090814e-01
8.327560437096745982e-01
8.329768916906212795e-01
8.330681614502358778e-01
8.333245828960269552e-01
8.335070328501926751e-01
8.337998772601218356e-01
8.339884863834119422e-01
8.339803593400633153e-01
8.339204104556502406e-01
8.342840447347250610e-01
8.346676894198635788e-01
8.345550754678808802e-01
8.348364033167282594e-01
8.351392390375127484e-01
8.350800039706576250e-01
8.353856687085621235e-01
8.353229101751808994e-01
8.357370595495927645e-01
8.358865678436554481e-01
8.358421356968007698e-01
8.364028817945584615e-01
8.363944376560219496e-01
8.366768042686513196e-01
8.367480700044483966e-01
8.369924687034980826e-01
8.370477022561132463e-01
8.373305579563961043e-01
8.374468000201013007e-01
8.375732854347300860e-01
8.377849722994237247e-01
8.379229597384665329e-01
8.381059700203518092e-01
8.382368756440894408e-01
