1.111273624406158497e-02
1.070888672004814343e-02
1.041596096385791030e-02
1.038114591983980116e-02
1.034848331068652198e-02
1.026080453115196800e-02
9.973215011095026492e-03
9.724777805304469364e-03
9.642513828071517731e-03
9.404477923224465255e-03
9.277588426258882165e-03
8.181101781169240056e-03
8.554946439049413917e-03
1.072619235587621983e-02
1.184386183347830614e-02
1.468471818182022146e-02
1.729857100028745279e-02
1.573999146474578878e-02
1.486636301946449301e-02
1.525053528298427746e-02
1.524327181532800397e-02
1.602115475860937943e-02
1.905018291989739668e-02
2.317029560946288688e-02
2.236876325687921566e-02
2.667397924505307202e-02
3.211593566175886122e-02
3.254682804109423205e-02
3.616990575585396495e-02
3.535682778331658560e-02
3.554827282620046103e-02
3.513262370004819474e-02
3.780196839600189623e-02
3.927024803968999500e-02
4.606374286667999640e-02
5.048352371504001568e-02
5.443828903009106240e-02
5.851594099826221140e-02
5.988118397889099359e-02
5.978299835284268948e-02
6.255220266977404298e-02
6.379309496524764034e-02
6.549960269350854625e-02
6.788161371268859601e-02
7.037289038732102986e-02
7.441202206086847126e-02
7.762435897922947969e-02
8.130065725928792286e-02
8.443027944179558320e-02
8.832095149494408048e-02
8.967249013145442427e-02
9.145225478457133517e-02
9.486683482654535704e-02
9.519728969981094968e-02
9.796338598960777078e-02
1.034284860213469243e-01
1.075038695652779791e-01
1.110540950162117180e-01
1.137344129066800991e-01
1.148303974195460792e-01
1.180362214682259409e-01
1.200330899500838960e-01
1.247632539506616928e-01
1.254999068184012301e-01
1.291039565885691853e-01
1.332535716753722732e-01
1.341495135483372070e-01
1.365255737305560990e-01
1.398790879126962095e-01
1.422391416357094707e-01
1.443647012512600802e-01
1.492937595153436270e-01
1.518237358171529439e-01
1.527870952650443315e-01
1.577791425755268873e-01
1.599303671939092120e-01
1.629989368325235610e-01
1.646064244997791359e-01
1.667292980958674509e-01
1.696153324384044314e-01
1.730936109246625498e-01
1.758667570550224712e-01
1.790214883234738930e-01
1.825440446786038839e-01
1.849546069327262232e-01
1.880471752502998195e-01
1.907093191714950842e-01
1.930874287796478239e-01
1.957907031146390864e-01
1.982247411974306095e-01
2.009997390821583740e-01
2.044780326273305804e-01
2.075754498579555907e-01
2.091684818393614587e-01
2.116951454474633454e-01
2.144030125469617021e-01
2.161179718559046725e-01
2.195192659277161451e-01
2.220059096188088665e-01
2.254246971317113712e-01
2.288951796527130544e-01
2.305319857973333331e-01
2.327426847670259480e-01
2.362111102855339595e-01
2.386946248153112293e-01
2.395625512930751044e-01
2.424257024005260497e-01
2.456787435890025184e-01
2.483828050707670432e-01
2.508496378065507293e-01
2.524472103956463820e-01
2.547621194832189184e-01
2.572810806043207554e-01
2.601241030063894955e-01
2.631762693383696838e-01
2.650686603105437134e-01
2.680162833114389520e-01
2.706757108838524495e-01
2.727904546103894767e-01
2.749485459602571402e-01
2.770575534914436200e-01
2.792235917030637671e-01
2.822152033935217963e-01
2.839540309878564872e-01
2.864710010787737127e-01
2.891468326636854047e-01
2.913312540080348345e-01
2.932422949993573336e-01
2.960389177336507083e-01
2.984960500210935841e-01
3.008021524956466797e-01
3.029487203900159131e-01
3.048025661609377046e-01
3.072092377934014240e-01
3.091934860577764121e-01
3.113200714176751482e-01
3.137706503752614728e-01
3.161419495903066146e-01
3.178970029130442354e-01
3.203636614760488888e-01
3.225851501856775161e-01
3.245796896832958689e-01
3.269671374670201636e-01
3.294349421768341668e-01
3.312268923385448538e-01
3.339931699029707324e-01
3.355126206624851060e-01
3.370174696974971296e-01
3.395015808237127897e-01
3.415656245132332458e-01
3.428991631885318081e-01
3.452414912448851791e-01
3.476023839064451559e-01
3.501322928536817480e-01
3.515599726416215320e-01
3.535033924432057773e-01
3.551139879753371642e-01
3.572996144143044117e-01
3.604532321361974545e-01
3.619440099666201283e-01
3.640800591224619409e-01
3.657949722797530501e-01
3.671898488821634943e-01
3.688710164407302261e-01
3.704774991537609918e-01
3.729236461907251554e-01
3.755802633192045770e-01
3.775171575074720010e-01
3.793219687814309293e-01
3.811590962220632872e-01
3.831277185502235949e-01
3.846874811552744577e-01
3.868826658110778860e-01
3.885500204904910326e-01
3.905973673410002567e-01
3.924573137761529495e-01
3.942493903322213944e-01
3.962001453433547371e-01
3.979891160112654647e-01
4.000101126603251567e-01
4.014417925525416431e-01
4.027987784376901303e-01
4.048842369498057980e-01
4.065291831731006611e-01
4.083297862467935024e-01
4.100153164832122665e-01
4.118587095205309412e-01
4.133403687031063090e-01
4.153402449154677822e-01
4.164876240466749424e-01
4.188468247078702689e-01
4.206058421188532126e-01
4.215804851929996766e-01
4.236923737222677011e-01
4.254429977506232752e-01
4.267070952495103375e-01
4.289203269935482621e-01
4.298973279447351192e-01
4.321860884648308088e-01
4.331945041569840726e-01
4.353407957299479936e-01
4.368287822524938857e-01
4.380419450799981074e-01
4.400361338330441852e-01
4.415222908639119259e-01
4.431317048440938100e-01
4.453884051344831341e-01
4.472317613059323960e-01
4.479904228010705980e-01
4.490989098606527619e-01
4.512084520007069721e-01
4.523281915769531980e-01
4.540851608757979774e-01
4.551055933144669829e-01
4.571923823678349930e-01
4.589563165790659927e-01
4.603114454724593907e-01
4.616165774862864835e-01
4.633047153414415753e-01
4.641708277586003573e-01
4.657969330193338919e-01
4.675202987098034391e-01
4.686677026192079265e-01
4.701123678723002630e-01
4.712433973582154101e-01
4.727075725825133912e-01
4.738333585419449712e-01
4.758392612411105338e-01
4.775294000589713206e-01
4.791484115088862628e-01
4.804769887968822761e-01
4.815507388326190075e-01
4.830736002479036895e-01
4.842745735177383382e-01
4.856356299842636282e-01
4.872488087710881710e-01
4.883721268087584111e-01
4.896292176583971201e-01
4.913188409250393018e-01
4.927547774543779013e-01
4.932064745684284213e-01
4.954906276821490763e-01
4.967204086973817101e-01
4.973538138311850987e-01
4.986466074345280441e-01
4.999852167726606678e-01
5.016395700512413791e-01
5.029699398726235060e-01
5.041332917382497225e-01
5.056700121319058772e-01
5.066745498765249378e-01
5.080356339483692585e-01
5.092305906582922370e-01
5.103149324319528057e-01
5.112482959601060140e-01
5.131319828861026222e-01
5.138348254777908020e-01
5.156035815261870159e-01
5.162236620563157574e-01
5.176862768889152200e-01
5.187792221900288103e-01
5.200968675010194664e-01
5.210887003952373586e-01
5.229053378241738104e-01
5.231938604440318219e-01
5.245877714908803169e-01
5.264478918854593736e-01
5.271380493939601397e-01
5.282465732953433024e-01
5.298000200031317553e-01
5.308175872978542209e-01
5.321586452313418203e-01
5.331036909990293227e-01
5.340256688425862874e-01
5.349369630390622410e-01
5.367076133697831208e-01
5.378327358355928789e-01
5.386507500308749252e-01
5.395912746546063232e-01
5.408985652667646082e-01
5.423266748001980275e-01
5.432063652971274026e-01
5.439984334693328538e-01
5.453754535263548586e-01
5.463275741264166374e-01
5.476589102256066433e-01
5.484101688686688902e-01
5.495511944098131485e-01
5.505584409731064666e-01
5.517983676926587755e-01
5.522460720878326068e-01
5.538043889456250035e-01
5.548303484565814125e-01
5.558852458676362129e-01
5.564172636804184391e-01
5.576015818750227337e-01
5.587270863897062512e-01
5.596585018974610248e-01
5.607274696856997531e-01
5.612961222866397204e-01
5.630884953852705044e-01
5.640677654521727424e-01
5.646516072250079565e-01
5.657359499441075856e-01
5.666471949165446942e-01
5.675180455585132622e-01
5.687416718665212478e-01
5.696059537404475348e-01
5.705433134418682606e-01
5.715209741550778544e-01
5.725718500033987191e-01
5.736048725471070142e-01
5.748163360121960608e-01
5.753835847914009483e-01
5.764284467546276769e-01
5.774892084034869422e-01
5.783025030698221158e-01
5.795612294988565782e-01
5.800213878982964921e-01
5.812320184356858377e-01
5.818496891014288686e-01
5.828128512454132659e-01
5.839065986993234869e-01
5.844497239187305127e-01
5.857175200287939587e-01
5.864408476711543416e-01
5.872126477659661559e-01
5.883407333780664716e-01
5.894804466206216009e-01
5.902147761938475456e-01
5.907116545833503984e-01
5.917163529614450912e-01
5.924431274377246481e-01
5.934207412250420699e-01
5.939321048662499214e-01
5.952880701305861555e-01
5.960405428870100275e-01
5.970272456868108701e-01
5.976749719761835777e-01
5.981682500651676060e-01
5.994109354397390010e-01
6.000837759742209121e-01
6.009767949842285129e-01
6.019285847308107895e-01
6.028785358104891134e-01
6.033202166860180959e-01
6.039846297536779485e-01
6.053114883584734818e-01
6.058201052808702691e-01
6.065205141399722111e-01
6.073155032930508401e-01
6.083681696567107000e-01
6.093326329823886001e-01
6.100681881620184654e-01
6.107701858181426857e-01
6.115600658183298899e-01
6.124097073120633450e-01
6.130683276814504756e-01
6.133432371715261677e-01
6.142059906780347189e-01
6.153545859794851136e-01
6.158641225810311814e-01
6.165313860919287015e-01
6.176908979231100494e-01
6.184713921185900354e-01
6.191845065872381149e-01
6.201319662376358899e-01
6.204112077095381705e-01
6.215007240228175300e-01
6.220189257267145777e-01
6.224400599292028158e-01
6.235168159224532269e-01
6.242979290146940530e-01
6.249036778173442386e-01
6.257180868852374456e-01
6.263860697522305454e-01
6.273703842074733750e-01
6.282016443899585134e-01
6.288899951902242602e-01
6.294666453813128060e-01
6.299265308652678419e-01
6.310094732556292829e-01
6.317524886457587252e-01
6.322010290971303847e-01
6.326430954438978516e-01
6.336823700118510150e-01
6.342845324543504582e-01
6.351110770362083935e-01
6.358426741596003851e-01
6.364164495527426801e-01
6.367763690664889342e-01
6.373255737142484723e-01
6.381048585899238290e-01
6.391162938028952523e-01
6.396116195257481873e-01
6.403775667037736596e-01
6.410864932254987103e-01
6.414610648449542429e-01
6.425165330317189616e-01
6.429156290962702025e-01
6.436496218615473941e-01
6.442929847411502653e-01
6.448286914449208318e-01
6.453953895294769483e-01
6.462513875009175957e-01
6.467357853591100270e-01
6.477845976675158379e-01
6.483621473036333960e-01
6.488224866137949354e-01
6.496011865839536048e-01
6.503029745172481668e-01
6.507537642681525680e-01
6.510697150836718405e-01
6.519236001855044371e-01
6.526971954802682774e-01
6.530014116966309512e-01
6.538010340715755264e-01
6.546001943140393742e-01
6.553641297159187307e-01
6.560172175935596872e-01
6.564106650746701632e-01
6.572287272422474569e-01
6.575875459677114065e-01
6.581546499638286640e-01
6.587472399408792478e-01
6.592609151136165080e-01
6.599914111550121421e-01
6.604871395335679685e-01
6.611996495684815400e-01
6.618774173422771190e-01
6.622428436256437845e-01
6.626177938270129131e-01
6.637775759319636260e-01
6.641979520465691733e-01
6.645116278167058077e-01
6.651591364837696752e-01
6.659191491684173236e-01
6.661063191227433178e-01
6.672639845223119481e-01
6.673970230764276756e-01
6.680757620207894432e-01
6.685099384905675013e-01
6.692818286273164441e-01
6.700824741208485369e-01
6.700891445506804711e-01
6.709371218752455679e-01
6.715685564612603464e-01
6.717779735231537153e-01
6.726748331914933487e-01
6.730615601758576094e-01
6.736526579749009258e-01
6.741991775874425219e-01
6.748692000031485394e-01
6.754173209450542448e-01
6.758435646144553832e-01
6.761909209751284511e-01
6.767767421150767682e-01
6.773895775529364949e-01
6.777593652119464629e-01
6.784868286625040934e-01
6.792263854329572137e-01
6.795394576086261074e-01
6.804373486715833419e-01
6.807475813053206481e-01
6.811714237793071725e-01
6.818883935694145526e-01
6.824782673537960198e-01
6.827796195123683187e-01
6.834728321508382054e-01
6.837593056965701743e-01
6.843377339986973507e-01
6.847281173211944294e-01
6.851630837119087047e-01
6.859865074423124875e-01
6.864003919361967299e-01
6.868173991177347615e-01
6.872853905584055401e-01
6.880578932278109683e-01
6.884021773268839128e-01
6.886466109303779337e-01
6.895023879752254503e-01
6.901837514646642635e-01
6.904257346227674619e-01
6.914186546423748414e-01
6.914445812222572707e-01
6.921076164953602339e-01
6.922998721937946298e-01
6.930310735737559291e-01
6.933555642031540289e-01
6.940417689500140153e-01
6.945502114393847792e-01
6.948412357719316867e-01
6.952457951427040150e-01
6.957854914385706024e-01
6.962219000734682917e-01
6.967792796078241535e-01
6.972805980479787058e-01
6.976819689501481125e-01
6.981371896644251729e-01
6.988815047123750901e-01
6.990674325301742265e-01
6.995263077890082615e-01
6.999394701131143037e-01
7.006420546541943795e-01
7.012835213842446569e-01
7.017223014668252379e-01
7.017261720561250860e-01
7.025226448808710167e-01
7.027842992962906044e-01
7.035218503593250183e-01
7.040695787894634128e-01
7.046083439575135943e-01
7.048145609784175480e-01
7.051410833856485150e-01
7.054702344380655576e-01
7.058537671897113785e-01
7.065237175343006548e-01
7.068398837486684627e-01
7.073905205409406483e-01
7.078143179867830703e-01
7.083934968408296395e-01
7.087806734684459764e-01
7.092387229131620341e-01
7.095637875861187105e-01
7.100126888561077987e-01
7.105012622480454398e-01
7.106590906697757282e-01
7.114732068004890886e-01
7.115999763122741184e-01
7.123232134353998379e-01
7.125505007629954202e-01
7.134818187521146937e-01
7.134605607981242548e-01
7.141317140294226595e-01
7.144888475487689572e-01
7.147305163660416794e-01
7.151100961838581238e-01
7.157201755054639625e-01
7.157511739397430794e-01
7.164845801898911404e-01
7.168279879759547057e-01
7.168663620973434458e-01
7.177332333524397701e-01
7.178235530097117900e-01
7.185577583991092920e-01
7.190237017530811681e-01
7.196424071270883793e-01
7.200471822383497367e-01
7.204278926442451159e-01
7.205172473393688382e-01
7.211134721338636755e-01
7.214698063605474720e-01
7.218879660959115485e-01
7.221741776653690659e-01
7.230670402575013478e-01
7.229690987380646972e-01
7.237116968100159031e-01
7.236424015753973871e-01
7.243154280488244279e-01
7.249081689374257120e-01
7.250569333784929738e-01
7.251121477627882062e-01
7.256214961793218121e-01
7.261400376468004625e-01
7.267541064286724417e-01
7.267473150004464255e-01
7.272885319373166846e-01
7.278615751482853113e-01
7.281503790222546568e-01
7.285901143820364689e-01
7.288364143469527878e-01
7.294790346128675607e-01
7.299832252157695267e-01
7.302604780066556112e-01
7.306713027019651197e-01
7.310373124722926441e-01
7.310671025644031040e-01
7.314219635441966405e-01
7.323113168583195165e-01
7.324274441349634124e-01
7.330034738719765075e-01
7.332094581274478662e-01
7.333982686107637372e-01
7.337730276890536141e-01
7.341799118798607582e-01
7.344257615768694514e-01
7.348734169337696187e-01
7.352651055870468300e-01
7.357391535841422137e-01
7.361135064659636296e-01
7.363375797088442809e-01
7.370317979802569752e-01
7.373533396084870351e-01
7.376483033978721293e-01
7.380975530925206751e-01
7.382950360786781907e-01
7.388124276371137444e-01
7.387903057341027591e-01
7.392843538157565231e-01
7.397555791383442214e-01
7.401545123222363909e-01
7.404067110218047754e-01
7.406990101479391519e-01
7.411812075644199638e-01
7.417407229439565430e-01
7.422745756549317120e-01
7.420513620725369686e-01
7.425812611085268466e-01
7.429375570101448556e-01
7.432137154821143454e-01
7.437338823195984716e-01
7.437803732988353955e-01
7.443296974541250277e-01
7.447741448460533098e-01
7.448257739536056077e-01
7.452485119663176949e-01
7.455948704628779788e-01
7.460897202521701299e-01
7.466204535479386006e-01
7.466430482940376034e-01
7.469498958917830667e-01
7.473613820593345558e-01
7.478380663691405195e-01
7.483458500319460915e-01
7.484607993142136095e-01
7.486661691191569545e-01
7.490129465366029970e-01
7.495938094962866227e-01
7.496538137278854208e-01
7.500556730297308627e-01
7.504854590884784127e-01
7.506565931588248253e-01
7.513262921402253935e-01
7.516149343047493492e-01
7.517717403714441193e-01
7.520802918151869854e-01
7.525106757751106601e-01
7.526987027902792837e-01
7.532856129151069835e-01
7.533560060472873632e-01
7.536356406685496001e-01
7.538433332191485370e-01
7.546467178653780694e-01
7.547829113752971830e-01
7.548837597257614940e-01
7.552702692337018853e-01
7.556629374726792081e-01
7.561526459766337860e-01
7.563754890720350010e-01
7.567253276622196712e-01
7.570836181255670150e-01
7.572887586620713485e-01
7.575914452334395754e-01
7.580795250417772246e-01
7.583308006323475903e-01
7.586559334798405052e-01
7.588755940274292122e-01
7.591654041827345933e-01
7.596262403876591351e-01
7.597584747355309309e-01
7.600308411993412783e-01
7.604055213283460457e-01
7.608479829860550492e-01
7.612711119251620584e-01
7.614115499648788088e-01
7.617651027835610211e-01
7.619683675778320397e-01
7.623461697968286765e-01
7.626696367329002246e-01
7.631496692415563610e-01
7.632150675513271754e-01
7.634342879444168117e-01
7.638807070298051505e-01
7.643510173705573285e-01
7.645574558748122751e-01
7.648362330223228422e-01
7.650771616430968036e-01
7.654233936423732176e-01
7.656798166069781475e-01
7.661571401906751566e-01
7.662886707367428940e-01
7.666751700221730026e-01
7.671043436603529608e-01
7.670929482919716103e-01
7.673671645824462484e-01
7.679110905949931842e-01
7.680148201184409107e-01
7.682620162524586016e-01
7.688396536595989428e-01
7.690555094573697792e-01
7.694445082310414907e-01
7.697453230366171351e-01
7.698910109271648317e-01
7.701925065515053959e-01
7.704451904680021945e-01
7.707325245120092427e-01
7.711270173921931370e-01
7.714328375011990646e-01
7.718210800251534831e-01
7.720108943614172325e-01
7.721465712456844210e-01
7.724739076621206513e-01
7.727437043567587649e-01
7.730285294117629213e-01
7.732195685405721663e-01
7.737831499251222045e-01
7.738521398268325413e-01
7.740843574983355957e-01
7.744826829525369716e-01
7.747955108259665380e-01
7.750394403767818519e-01
7.753014442089125602e-01
7.755119576694948780e-01
7.758352461898476715e-01
7.761227481233317071e-01
7.763017734164401329e-01
7.765930204294726469e-01
7.768720777027984248e-01
7.774216215942338915e-01
7.775053511586922372e-01
7.777756176345543837e-01
7.781226367397902077e-01
7.784691119473664545e-01
7.784851011288117517e-01
7.787978460696396432e-01
7.793303385732747168e-01
7.795457297306743749e-01
7.796272253958071996e-01
7.799749901314629863e-01
7.804220114370952199e-01
7.803146731075646381e-01
7.808794240775712714e-01
7.810988214986105405e-01
7.813571522605241571e-01
7.814798348849185672e-01
7.818224970752661873e-01
7.820488686366096065e-01
7.823629966430870608e-01
7.825939470018422606e-01
7.829447673708409550e-01
7.829083922049445698e-01
7.833244233308910287e-01
7.838552243190558544e-01
7.837866960020620777e-01
7.843280161633578995e-01
7.845775288231116029e-01
7.847065932232369923e-01
7.851950728426154713e-01
7.853494464809354092e-01
7.858610028119531465e-01
7.858849535234816441e-01
7.860989961029710704e-01
7.860546853669331258e-01
7.866360589477062737e-01
7.869296694213983034e-01
7.872547331801635906e-01
7.873556101403120788e-01
7.875807463547296328e-01
7.878673907662537834e-01
7.880985755331889608e-01
7.886533856771005269e-01
7.886235943363696377e-01
7.890199600851360850e-01
7.893342885135571363e-01
7.896060413256278387e-01
7.899570973132273854e-01
7.898147458221785877e-01
7.900824851009946581e-01
7.905768305074427627e-01
7.907977910620662687e-01
7.909514909389437909e-01
7.911902429277362092e-01
7.914530506153822920e-01
7.916250922131307100e-01
7.919759457810302550e-01
7.921929977521696697e-01
7.923555355524117827e-01
7.926189318611723822e-01
7.927455060281437538e-01
7.930015987624760010e-01
7.932065707063660209e-01
7.935259898710923521e-01
7.940465654303306975e-01
7.942450866892795114e-01
7.943966389655794380e-01
7.945991644975803903e-01
7.947716839215108742e-01
7.949279416799278630e-01
7.954260214963155828e-01
7.953394340903261472e-01
7.957781327668069782e-01
7.961246766289646892e-01
7.960930050816663606e-01
7.965537266564050034e-01
7.968208259260766146e-01
7.968658996333156663e-01
7.971322310051369708e-01
7.975049983931227215e-01
7.976474073741879334e-01
7.977965707863515776e-01
7.982195516200673024e-01
7.981918619980220564e-01
7.985523059298619275e-01
7.986897258311134173e-01
7.989257133228242491e-01
7.993722436007694165e-01
7.995687257342521947e-01
7.998431594323868188e-01
7.999179267045001263e-01
8.001857935561506041e-01
8.004678961850006935e-01
8.005510641411412998e-01
8.008518146817928951e-01
8.010794875037591245e-01
8.014379408297135354e-01
8.017191468318385361e-01
8.018932288703668476e-01
8.022475676876578143e-01
8.022534583682413567e-01
8.023681948822054544e-01
8.026459417288712705e-01
8.030255781121501402e-01
8.031687333557081532e-01
8.034971812990511220e-01
8.036018716022487185e-01
8.037069745972047485e-01
8.041738191408671632e-01
8.042809302073574695e-01
8.044434394285804313e-01
8.048038547611549021e-01
8.050441969369710460e-01
8.052785996357553211e-01
8.054643056459438455e-01
8.058240611002186471e-01
8.058944941010527385e-01
8.061725689144207951e-01
8.062643856309406054e-01
8.064977112081745947e-01
8.067760948040006985e-01
8.068627567559706337e-01
8.075001453127046425e-01
8.075687382513275780e-01
8.076108438922052768e-01
8.078503785870083664e-01
8.079562741160556394e-01
8.082496410887698435e-01
8.084551637086094811e-01
8.085224547037986875e-01
8.088057215049125892e-01
8.092012623339442934e-01
8.092393852718920977e-01
8.096974337762425922e-01
8.097863305514875210e-01
8.099909042236302925e-01
8.102173334304428876e-01
8.103571303405725512e-01
8.106177850173438282e-01
8.106558337260177938e-01
8.109365108688402213e-01
8.111845343042307643e-01
8.113803393860691271e-01
8.117358056048342707e-01
8.119308975174809317e-01
8.121676453696181630e-01
8.124146376787184654e-01
8.125393260761194503e-01
8.129510979656238145e-01
8.128187910168896968e-01
8.131974513065446386e-01
8.132784706801693408e-01
8.136351026587098634e-01
8.138131209844994274e-01
8.137928552582290864e-01
8.141525250187239271e-01
8.142848536965349160e-01
8.145271379595782069e-01
8.147851530322079983e-01
8.149922871080096387e-01
8.153375938833454795e-01
8.153534891972022969e-01
8.156860909198667686e-01
8.159579638617485697e-01
8.159669509187841285e-01
8.162091800369821737e-01
8.165174472149838714e-01
8.165257395908692706e-01
8.167738274961285905e-01
8.171422703697672763e-01
8.169971546086942649e-01
8.174538470279791857e-01
8.176172059187269969e-01
8.178204698293403130e-01
8.180837406128653733e-01
8.182112237432456192e-01
8.184839819660406635e-01
8.185973380507534092e-01
8.189512725631462597e-01
8.189761019339312220e-01
8.191792384109162217e-01
8.194370150753148563e-01
8.196190803011783599e-01
8.196790928764765560e-01
8.202128136243280743e-01
8.201501348544006920e-01
8.203264817222779559e-01
8.207256118311161419e-01
8.206178709734355259e-01
8.209822153417072332e-01
8.210750068305862071e-01
8.215469505078309975e-01
8.215208081925327033e-01
8.215780549776018349e-01
8.219599733670410746e-01
8.224255327371239321e-01
8.224539347949950674e-01
8.224872913296965571e-01
8.229528868541692299e-01
8.230647147815878251e-01
8.230737287427174476e-01
8.232799820097682630e-01
8.236197723610082511e-01
8.237186511705999470e-01
8.240729181693425831e-01
8.240206438029501479e-01
8.245176965073299780e-01
8.244455257649810909e-01
8.247374529081342720e-01
8.248016727549043470e-01
8.250144182275117588e-01
8.254119033990408028e-01
8.254100687074985565e-01
8.256057329278320145e-01
8.257537845741146354e-01
8.260712863322448030e-01
8.261952741643239229e-01
8.263272535691154053e-01
8.264569175342199037e-01
8.267652751275792467e-01
8.268670676543493636e-01
8.270942862485816116e-01
8.272545873185140897e-01
8.274733382975320017e-01
8.275461065533966654e-01
8.278483619284854322e-01
8.280169419395700947e-01
8.283339560801847856e-01
8.282651793929198814e-01
8.286947012528542711e-01
8.286524962722878751e-01
8.291262264597015763e-01
8.291832580442216605e-01
8.293982646987366758e-01
8.295735900876896052e-01
8.298211885563353540e-01
8.297529052966968743e-01
8.300822037769682860e-01
8.301769791392114017e-01
8.303966728449823087e-01
8.304923096401207738e-01
8.308112676299550525e-01
8.310866991359820988e-01
8.313869273949809902e-01
8.312960973850820334e-01
8.316011598038134389e-01
8.318052645745801499e-01
8.318106125049016253e-01
8.320679166893560907e-01
8.322931808103932738e-01
8.324500678274527887e-01
8.325319719657864326e-01
8.328547455631478691e-01
8.331098088127659729e-01
8.331602954394392579e-01
8.331705798739907909e-01
8.331996728652936168e-01
8.334371866932844819e-01
8.337814535423714313e-01
8.339665752226089745e-01
8.341903948673033975e-01
8.342289470710434474e-01
8.345055321333064713e-01
8.345647715079782536e-01
8.349388779626488732e-01
8.350571311670494934e-01
8.351314733775727639e-01
8.354538974025235154e-01
8.354363440374060756e-01
8.355029153400457265e-01
8.358919246113259982e-01
8.360079239938262852e-01
8.360787329119975242e-01
8.365168506350113553e-01
8.365705736134917414e-01
8.367479768394852080e-01
8.368479252224494402e-01
8.370869182728406521e-01
8.372287995656872983e-01
8.376330764945327800e-01
8.374988385598862717e-01
8.376920129255595038e-01
8.379082332702236791e-01
8.381170247278475482e-01
8.383629549928544034e-01
8.384270244825391405e-01
8.388084156150840132e-01
8.388620519484781823e-01
8.389537249483818293e-01
8.390464107667034988e-01
8.392307375967488214e-01
8.393975890118202665e-01
8.396857330489494453e-01
8.396711991924648011e-01
8.400607668552142471e-01
8.400323091349832794e-01
8.403833534502425096e-01
8.406370540467119623e-01
8.406833720119450959e-01
8.408454045288157319e-01
8.409166499291419461e-01
8.411971527229963330e-01
8.410629008333527779e-01
8.414292268369798489e-01
8.415150772908611687e-01
8.417575459853965381e-01
