8.984187465012983881e-04
8.703091764718570841e-04
8.428465350944264103e-04
1.340396003013672203e-03
1.963223128898343873e-03
2.213780496152691676e-03
2.349696883176943980e-03
2.361407452465193180e-03
2.151945760551720720e-03
2.005685322456571967e-03
1.827943346659402415e-03
1.625935400102473082e-03
1.797459346925961432e-03
2.332117525971665831e-03
2.697250530905288043e-03
3.334054838354357647e-03
3.871644180512292654e-03
3.497773222894977243e-03
3.212699167415303692e-03
3.204169377957451128e-03
3.094878489017897482e-03
3.329126718801327881e-03
3.927825158125253582e-03
5.010850007083455203e-03
4.823966542242541511e-03
5.799172428569131579e-03
7.065811555449678406e-03
6.889935963907177843e-03
7.721661784843871640e-03
7.656705855779212012e-03
7.570184919066636799e-03
7.117871722215741645e-03
7.751432247797338145e-03
8.442076967070112972e-03
1.031652757637748288e-02
1.119995794813665249e-02
1.191522667435745281e-02
1.307101090269616704e-02
1.356143840905537495e-02
1.322457465683857074e-02
1.400348711229303100e-02
1.419476643470116498e-02
1.444500767415856680e-02
1.482289657661162163e-02
1.526073424213516411e-02
1.651973466935379581e-02
1.743259655656534401e-02
1.837565136300886928e-02
1.944112308618332549e-02
2.015726155946189618e-02
2.032559657117919555e-02
2.133572296990107059e-02
2.231414210829503128e-02
2.238799417150611967e-02
2.263379195902526231e-02
2.360887191071891003e-02
2.500556128355184773e-02
2.704815767320623010e-02
2.728562013167699571e-02
2.660161347040180743e-02
2.805545612395477992e-02
2.822983335467277310e-02
2.933461415386795848e-02
3.030069188815797884e-02
3.070008917381347041e-02
3.080415411076593488e-02
3.323872366722777083e-02
3.307204676111411001e-02
3.434769390771492958e-02
3.455756208401351143e-02
3.598774745920505641e-02
3.766434369299195839e-02
3.766060108367164788e-02
3.833234891407522743e-02
3.979322811028082607e-02
3.993080657416702567e-02
4.108105930039702980e-02
4.152025825708674511e-02
4.231564363025928227e-02
4.451748409195206702e-02
4.565472017459612508e-02
4.535527092596040172e-02
4.684866880013179025e-02
4.854768059494798949e-02
4.792312356232507342e-02
4.791365619864251107e-02
4.890673709177015271e-02
4.984887057384290027e-02
5.114578946692167200e-02
5.095153295735480037e-02
5.183186005079336300e-02
5.405267807527442542e-02
5.488932660780016654e-02
5.569070153975404919e-02
5.678804569896123838e-02
5.848615903308539837e-02
5.762556725289278564e-02
5.990283817184936105e-02
6.017811859596654961e-02
6.078088236278636480e-02
6.241521267352324182e-02
6.310718362815997962e-02
6.330387009140640842e-02
6.415580523616076780e-02
6.457028633619686653e-02
6.673151760718087910e-02
6.732964000057344023e-02
6.766730941113384412e-02
6.976238901748674226e-02
6.941064940251222282e-02
7.025852236961034614e-02
7.027148769253399596e-02
7.096786525456783012e-02
7.246314444501736340e-02
7.456119433943932118e-02
7.442644142177283484e-02
7.503637147263245155e-02
7.632470345839435788e-02
7.653203747946046853e-02
7.750419353096227315e-02
7.961116938400290832e-02
7.990154044053697502e-02
8.045309500098170308e-02
8.164784459769275360e-02
8.300264520498304432e-02
8.407278379071024543e-02
8.499155743792810580e-02
8.549334275364842139e-02
8.636357259398909358e-02
8.684524217437643301e-02
8.757563152240621651e-02
8.935869762883559553e-02
8.966444120232205939e-02
9.022815698486716385e-02
9.119993915201350665e-02
9.228819374403685050e-02
9.292005608565150065e-02
9.430806594577584301e-02
9.594936602193245012e-02
9.653482105402839963e-02
9.708079211770627437e-02
9.847231765766052691e-02
9.891621965949688733e-02
9.991840581552598188e-02
1.009139695406863768e-01
1.011973060692981652e-01
1.026313864325417435e-01
1.033105341450383519e-01
1.051555927835065435e-01
1.045998766882699910e-01
1.060917082099890468e-01
1.050667315877978625e-01
1.075447682765307694e-01
1.080981672869573973e-01
1.083082268598571929e-01
1.104827150955798171e-01
1.107500106108060822e-01
1.118426409526369208e-01
1.117917553802369873e-01
1.129250581682580412e-01
1.140546723508539667e-01
1.152294742871716182e-01
1.166573575254420403e-01
1.171829991735753862e-01
1.186073965657278573e-01
1.185909002634391030e-01
1.185860130708965565e-01
1.197618723427772425e-01
1.211022656124529778e-01
1.217324916736582940e-01
1.228672636477484287e-01
1.241077380259184570e-01
1.247618955323015061e-01
1.258117936906728573e-01
1.266459528334989426e-01
1.272083053755030668e-01
1.279174184668783187e-01
1.285433730266831720e-01
1.290230768781953086e-01
1.301929330039567623e-01
1.309987751245475507e-01
1.319541100533139499e-01
1.331605676294172202e-01
1.345372954323430792e-01
1.351928692588876268e-01
1.353189695053499675e-01
1.355297520689522361e-01
1.371518161466477870e-01
1.377526756959965848e-01
1.395040170265600121e-01
1.398880830698246980e-01
1.401791046966218979e-01
1.410443972181941730e-01
1.418134446915756408e-01
1.431745744629401296e-01
1.431874288662258465e-01
1.447537021371282373e-01
1.456499236527491192e-01
1.464634010880028758e-01
1.465435111903521104e-01
1.480015889156180986e-01
1.493209722715699572e-01
1.498180547778971416e-01
1.502095253129305807e-01
1.508255533322272746e-01
1.512916866818085904e-01
1.526970999658342210e-01
1.538751250007726334e-01
1.545386523104555210e-01
1.550778826175796266e-01
1.560864231547305636e-01
1.572658091791938606e-01
1.575758465135393138e-01
1.586266694523177645e-01
1.599475306957859333e-01
1.608151162970668513e-01
1.613487786554889114e-01
1.619831478450731166e-01
1.630972142374582656e-01
1.636491213199627037e-01
1.639840488035629318e-01
1.648950038226303094e-01
1.666611569397773440e-01
1.672026719861782473e-01
1.675772020033891585e-01
1.682375911074237007e-01
1.695498678416191285e-01
1.703963703362058879e-01
1.711776000567944434e-01
1.719678455875200407e-01
1.728380171628008111e-01
1.731275242957930061e-01
1.745176535901717396e-01
1.757867865997965462e-01
1.755718726515407002e-01
1.770631304549878937e-01
1.774096258155606620e-01
1.784867210313556274e-01
1.794238263681693368e-01
1.801537435380008156e-01
1.806758709893058479e-01
1.817441130278053540e-01
1.821881000070679490e-01
1.832056279870795112e-01
1.840413357531816285e-01
1.849556358131161926e-01
1.857408780610963761e-01
1.866425276884580708e-01
1.865708634108282638e-01
1.876033430277135594e-01
1.884417393217147074e-01
1.893195758610001223e-01
1.901066009942514734e-01
1.904324038314893497e-01
1.916644371366049981e-01
1.925333203118099468e-01
1.931781220799091980e-01
1.942037550298556514e-01
1.951714123085517283e-01
1.958900257245416721e-01
1.965027175107497692e-01
1.973961183577521428e-01
1.984764840767356819e-01
1.990840733870244683e-01
1.998027464893728511e-01
2.006290807523689879e-01
2.015427090602356919e-01
2.020185979619215921e-01
2.029133756871802641e-01
2.034629133486200170e-01
2.043098453724161434e-01
2.051720087104963453e-01
2.060169702267172498e-01
2.070202495410973786e-01
2.080915232824281369e-01
2.085912855131395460e-01
2.088906421160799110e-01
2.098377110601201689e-01
2.111952835726822741e-01
2.114654389077658125e-01
2.120269914863696648e-01
2.127182955167942480e-01
2.136662821141585289e-01
2.144581724380461851e-01
2.153915212244177646e-01
2.160646186487379661e-01
2.162910162422059246e-01
2.170183641119377560e-01
2.178673247130759882e-01
2.189682285269462236e-01
2.193926029440181336e-01
2.201341577660569093e-01
2.208853202001440641e-01
2.217799255923698643e-01
2.225594591677385048e-01
2.233313992122787917e-01
2.241399189973616868e-01
2.253924222178962933e-01
2.261292424988631533e-01
2.267503756197896125e-01
2.270166738942221152e-01
2.275920472017291252e-01
2.285038047858203303e-01
2.296521051159519933e-01
2.303415952552095858e-01
2.311934477023519785e-01
2.318752125225363447e-01
2.326185184688114027e-01
2.332098497358129630e-01
2.339019368075150873e-01
2.349964490943538820e-01
2.358438884063772667e-01
2.362419081872275672e-01
2.367556871763248638e-01
2.375291525771536794e-01
2.378715322705451107e-01
2.388559736631325481e-01
2.398959848517078774e-01
2.406039310732550895e-01
2.410429604215344190e-01
2.414292867767307005e-01
2.425303828749785506e-01
2.434247722687873372e-01
2.441388722392579536e-01
2.447971071993682857e-01
2.454372233472996434e-01
2.465203265698690527e-01
2.473412421705698805e-01
2.481821858589708107e-01
2.488648977969958043e-01
2.496684578508349961e-01
2.500370331931315304e-01
2.506548754521566447e-01
2.512809252897282852e-01
2.517279888560924883e-01
2.524874415159800156e-01
2.535061662622073997e-01
2.542998799450906233e-01
2.550696988315625524e-01
2.560410903036576258e-01
2.567640372881072608e-01
2.573698328367000077e-01
2.577968110054678075e-01
2.585172693095959540e-01
2.593908633200564529e-01
2.602201289497418912e-01
2.610261867770154454e-01
2.613467331051514408e-01
2.619652054718484280e-01
2.628724590908357861e-01
2.638000563804953069e-01
2.645382573289188355e-01
2.647774774909721351e-01
2.653847756664429736e-01
2.663322396193052444e-01
2.671670726764940884e-01
2.680446026067638265e-01
2.687505987773521343e-01
2.693715544741783208e-01
2.701134878701304531e-01
2.708678730260307699e-01
2.714571258820088762e-01
2.721421332503803359e-01
2.728958889839484536e-01
2.734464199918213989e-01
2.739092383619882720e-01
2.747190400828999901e-01
2.752365927962229786e-01
2.759834820317486059e-01
2.769595357181322548e-01
2.776096209172138618e-01
2.784041668086552068e-01
2.790176096001459327e-01
2.797437623151841080e-01
2.804330160953028006e-01
2.812822083904349402e-01
2.818988862990177147e-01
2.826351487799342865e-01
2.832004008825182995e-01
2.839275960558061418e-01
2.846361792814464109e-01
2.852951056416779818e-01
2.860336305394963752e-01
2.866912615273465859e-01
2.873386706786646427e-01
2.879540554473475900e-01
2.885966680878350177e-01
2.894133129223834811e-01
2.898527937097655771e-01
2.905553888680446062e-01
2.912695319718242026e-01
2.920406904360057232e-01
2.928151924311278020e-01
2.933835700225475018e-01
2.941390252712757780e-01
2.950664836657840850e-01
2.955015541715786953e-01
2.963085521695103530e-01
2.968827572515466695e-01
2.975943187871140649e-01
2.983422198394855007e-01
2.989542444663207954e-01
2.995757443897741346e-01
3.000377536683704882e-01
3.008677308485801505e-01
3.015842369796128408e-01
3.020368043837227678e-01
3.027121316270910412e-01
3.031976140426208000e-01
3.038513046614020330e-01
3.046282473266371804e-01
3.051648037203393837e-01
3.058896966072220946e-01
3.066878985954133996e-01
3.071495096783634082e-01
3.078827352480913437e-01
3.088333653206029039e-01
3.094183764524157110e-01
3.099482691867820883e-01
3.106102707600962853e-01
3.113966938455998146e-01
3.120048991390985682e-01
3.125715655643517277e-01
3.133185536809053873e-01
3.138682527801981981e-01
3.146367008640488794e-01
3.151044579570136395e-01
3.158459387346295721e-01
3.165591973941560555e-01
3.171854252097510707e-01
3.176612336047402452e-01
3.183340180404726216e-01
3.188480116848415591e-01
3.194364482351293444e-01
3.202004038977807610e-01
3.209711201991309326e-01
3.215966341111576310e-01
3.224488857530271035e-01
3.230395162699338241e-01
3.236545951877454752e-01
3.243775175540447586e-01
3.248399245527915924e-01
3.255981855449370799e-01
3.262615533698445258e-01
3.268296043822230268e-01
3.276636606520490491e-01
3.285107699114419577e-01
3.289172419370938738e-01
3.295279932275436696e-01
3.298909588009205640e-01
3.306494461602687007e-01
3.313199153440533617e-01
3.319034612990588440e-01
3.325823531672801869e-01
3.331489989914496741e-01
3.338325376812061873e-01
3.343759982184302815e-01
3.351530101409669893e-01
3.358036764441525990e-01
3.361869574968593399e-01
3.367322203516503465e-01
3.374772916213967799e-01
3.380833916982177167e-01
3.386577269477707985e-01
3.392528052001096972e-01
3.400049006977997057e-01
3.406174756659599567e-01
3.412095830649022887e-01
3.422030937716623589e-01
3.426294381499229158e-01
3.431018888027076996e-01
3.439300866490494490e-01
3.445262622712920719e-01
3.451257897722854184e-01
3.456782183828631116e-01
3.462253785891225011e-01
3.468656866601659283e-01
3.474374644394335188e-01
3.480060275604581754e-01
3.486917984545134241e-01
3.494082494849458098e-01
3.501785659481652102e-01
3.504573104407716633e-01
3.512126692559918717e-01
3.518692141829547482e-01
3.523218099845888407e-01
3.529052457652393504e-01
3.536524559170377557e-01
3.541205488955834202e-01
3.548129823842412489e-01
3.555097038283770994e-01
3.562268259921335667e-01
3.568651920350386919e-01
3.574248464564730443e-01
3.579727424486774390e-01
3.584894670181190679e-01
3.593036566615868121e-01
3.599359147096881095e-01
3.605421488069487923e-01
3.610170439742318438e-01
3.616021627424626517e-01
3.622009427473045218e-01
3.628458611792069743e-01
3.632173241058381241e-01
3.638609053597340326e-01
3.646317753581239662e-01
3.653897403499240526e-01
3.657905494172338234e-01
3.664278161034384418e-01
3.669961035585760922e-01
3.676151570054051465e-01
3.681114471253053577e-01
3.686171345173466785e-01
3.693409304937878557e-01
3.700422522583581841e-01
3.707234200376957611e-01
3.711378094011690276e-01
3.718364440016457273e-01
3.723562213073506877e-01
3.729984795165176559e-01
3.735961735042897525e-01
3.737878293327883683e-01
3.743539678618885147e-01
3.752211283985741885e-01
3.758167310150327678e-01
3.763662186810083909e-01
3.769110318126152048e-01
3.776756037624576234e-01
3.781302494585203622e-01
3.785724712841477824e-01
3.792889255536980864e-01
3.798697309383975984e-01
3.805459205643437204e-01
3.808820776907592687e-01
3.814532244029832930e-01
3.819543776405436852e-01
3.826265394996002378e-01
3.832368432713208484e-01
3.837871058228670140e-01
3.844721317496867519e-01
3.849311635907578522e-01
3.857116384417565991e-01
3.863069682739260213e-01
3.869029186344714599e-01
3.873273153956182102e-01
3.879797500425836709e-01
3.884956646143478132e-01
3.892710905525410547e-01
3.896588014673089684e-01
3.902672126549669440e-01
3.908185254568299904e-01
3.914720967741945890e-01
3.920565642009132823e-01
3.925632323627435416e-01
3.930911712817538595e-01
3.935846865268724515e-01
3.941702062696700315e-01
3.947599853140699167e-01
3.953235158214748468e-01
3.959513761257791309e-01
3.963473345303218931e-01
3.971256398950642197e-01
3.976090925361663864e-01
3.981816130042079016e-01
3.987226757310197156e-01
3.994399413756925532e-01
3.999800963316789137e-01
4.004559267509477660e-01
4.010136452500281945e-01
4.014858400999655186e-01
4.020534354798286913e-01
4.027794502698290313e-01
4.033535054133616793e-01
4.037094642292842206e-01
4.046522976708462060e-01
4.051723659837984104e-01
4.057810840831969079e-01
4.062685930148289271e-01
4.068013775500712303e-01
4.072969949868086581e-01
4.079799296814881626e-01
4.082477265254250698e-01
4.090409507118662469e-01
4.095220516311220971e-01
4.100143499605282127e-01
4.106134558109854060e-01
4.111514995315713739e-01
4.115791307617965855e-01
4.122228299535797280e-01
4.128125398780017052e-01
4.132673861104320667e-01
4.138369250061812998e-01
4.144504636504871553e-01
4.148839818908722776e-01
4.154357323480454833e-01
4.163718704911954505e-01
4.167029894672625301e-01
4.171911651591593273e-01
4.178818091508836319e-01
4.184169643073459843e-01
4.189077808871548569e-01
4.194299727868194272e-01
4.200718085674259306e-01
4.204681053571910354e-01
4.212744700846169366e-01
4.216303899045383274e-01
4.222048349571613790e-01
4.228433014973219661e-01
4.232970007279248659e-01
4.242148538411109615e-01
4.244102407764661078e-01
4.249758071316630526e-01
4.255868937733266466e-01
4.262773187900709138e-01
4.267546435619963274e-01
4.273210293741852572e-01
4.277448341165744905e-01
4.284918427471968716e-01
4.290120977402232527e-01
4.295408975240255223e-01
4.301097463699676826e-01
4.304835222983684484e-01
4.310342206654703134e-01
4.315302853291421159e-01
4.320916668974972286e-01
4.327306359367743549e-01
4.332076936081220020e-01
4.341230534680529662e-01
4.343255117921745456e-01
4.346785711975076905e-01
4.352814896274424528e-01
4.357994871799130698e-01
4.364667140129318557e-01
4.369313642073726633e-01
4.375986324494409163e-01
4.382076484273257910e-01
4.388108843734171427e-01
4.393569505136720732e-01
4.396904034638303149e-01
4.403026763223810147e-01
4.410138721905836889e-01
4.415579139870828840e-01
4.419831864484962680e-01
4.427417612597860375e-01
4.430290866671279804e-01
4.439097062064045751e-01
4.440324079619532571e-01
4.447679651853780891e-01
4.454361519503456934e-01
4.456177526334814676e-01
4.461385451360851406e-01
4.469120006712027915e-01
4.476030784519799965e-01
4.480258830522507729e-01
4.486836179106314937e-01
4.492865521531990147e-01
4.498676434056372297e-01
4.501139150637086250e-01
4.506643761689149152e-01
4.513198327676131716e-01
4.516547450470729808e-01
4.522782679744635215e-01
4.530493986326696865e-01
4.533854705597623047e-01
4.541121056224536323e-01
4.546544030020490124e-01
4.555366187622583718e-01
4.558926447754344524e-01
4.564369508148782284e-01
4.570754718681591111e-01
4.574996606154519974e-01
4.580869034262480821e-01
4.583817507974280447e-01
4.593622658024144600e-01
4.595126187146460484e-01
4.603526469979126734e-01
4.608456133233728158e-01
4.614338176361009181e-01
4.618177720605586289e-01
4.625185913753730449e-01
4.629276276223521225e-01
4.639617712316244091e-01
4.641133733728499133e-01
4.649806691816607551e-01
4.654101330073080467e-01
4.657621416364549072e-01
4.665125946418466341e-01
4.672386742535871162e-01
4.675918145047304186e-01
4.677758413991723874e-01
4.687612375910080731e-01
4.692092596355607048e-01
4.696541407308467142e-01
4.704867951094232614e-01
4.708093034347761718e-01
4.715528660407246608e-01
4.723587612060362595e-01
4.726765267126086245e-01
4.729437915020296423e-01
4.738833701611217530e-01
4.746271124242808503e-01
4.750850231294081460e-01
4.754891499808511779e-01
4.761997035848441473e-01
4.766886992868166750e-01
4.775909994300615025e-01
4.778196580265358651e-01
4.783856997661758981e-01
4.790544117443572003e-01
4.796151853291932277e-01
4.801129114580105495e-01
4.806872037853245905e-01
4.812591651211023946e-01
4.818599502141613922e-01
4.823503401458506534e-01
4.830532566168174724e-01
4.833618364693817449e-01
4.841742321389526094e-01
4.847796688699063106e-01
4.852533024663728267e-01
4.860930178396638546e-01
4.865990472499083230e-01
4.872081621744945301e-01
4.879230180837396125e-01
4.884850335220045081e-01
4.890162792368675793e-01
4.897777096143102749e-01
4.902438807962783973e-01
4.907458561629263194e-01
4.911675353592941939e-01
4.920408805830783772e-01
4.924868072382104778e-01
4.933163849917213684e-01
4.936794981343743949e-01
4.944940905048975655e-01
4.950317761702726083e-01
4.957942573020766575e-01
4.963000236747108773e-01
4.969759580314137559e-01
4.976255798405025965e-01
4.980744881917711364e-01
4.985270405767261992e-01
4.990415977453864227e-01
4.999985527140093922e-01
5.004105171430680565e-01
5.008396152060234918e-01
5.016466631556947275e-01
5.024256332019940707e-01
5.028154200551827602e-01
5.034868358008894873e-01
5.041190134521706945e-01
5.047611642144937960e-01
5.054958403667429989e-01
5.057812369954741705e-01
5.066648048181817687e-01
5.074617117864295146e-01
5.078421534584522945e-01
5.084209677642280711e-01
5.090376748513251171e-01
5.094848851097655285e-01
5.103850235478415431e-01
5.108470784806670162e-01
5.118704152639867999e-01
5.121026989465141677e-01
5.127459802466511896e-01
5.134681595145700328e-01
5.143669093146078231e-01
5.148339752963360105e-01
5.151655250627175109e-01
5.159836130105552865e-01
5.166401521083197057e-01
5.174456481357986304e-01
5.180461546337002954e-01
5.185939662975349584e-01
5.191108715763298465e-01
5.194594228765667676e-01
5.204886456515592785e-01
5.210275600332427981e-01
5.216468313059894335e-01
5.220531764410021314e-01
5.225441583571712734e-01
5.234984886215668931e-01
5.240683054906086769e-01
5.246096191688033317e-01
5.255006860271310698e-01
5.257045738238567134e-01
5.266258663306028209e-01
5.273263197167054050e-01
5.280099591635792899e-01
5.287649095761431939e-01
5.289784529858598816e-01
5.300255822057209354e-01
5.306972248202247444e-01
5.312075171424491815e-01
5.318317167362665021e-01
5.323821021820719368e-01
5.331892174672454576e-01
5.335269625596232856e-01
5.342170158222450116e-01
5.347510144909385366e-01
5.354000895092047019e-01
5.363292295237250817e-01
5.366183793389004419e-01
5.374807051474997932e-01
5.381843101965824161e-01
5.385752579707014931e-01
5.395901129900552151e-01
5.397050247947928758e-01
5.408833504458635533e-01
5.411599009212504363e-01
5.419378114924454648e-01
5.424038681129680350e-01
5.430356517691264928e-01
5.435405618057721489e-01
5.441547348935545925e-01
5.449665102851717347e-01
5.454291355738659641e-01
5.463278553016729377e-01
5.467247514696823574e-01
5.474986338601685043e-01
5.478569800538685142e-01
5.485039202245325374e-01
5.494897431101068985e-01
5.498726600521516295e-01
5.503283677174334310e-01
5.513477829681407982e-01
5.519039271850225692e-01
5.523942282393230485e-01
5.531617180779782039e-01
5.539434223923326295e-01
5.545620875918998438e-01
5.549039923878436031e-01
5.556026952105291850e-01
5.562458025238020687e-01
5.570817583805885986e-01
5.571738510543048362e-01
5.579094861288913521e-01
5.586366913374070098e-01
5.591432885421709909e-01
5.600593590731242077e-01
5.606446964966568247e-01
5.611046721925303515e-01
5.615673090723450889e-01
5.625823076093174890e-01
5.630785368854039907e-01
5.636685322890436778e-01
5.640106082645273133e-01
5.649201499314000507e-01
5.652654700434577295e-01
5.659368601475646132e-01
5.666155963737173895e-01
5.674309189917376983e-01
5.675662344232070833e-01
5.681868706270235547e-01
5.687888604478109622e-01
5.695300001515748445e-01
5.702251051380001767e-01
5.705597619362645645e-01
5.711511769563941687e-01
5.718029484006240670e-01
5.724269812466655782e-01
5.729323655820260930e-01
5.735920001512725408e-01
5.739448706396279576e-01
5.749127451116902154e-01
5.755265369963378230e-01
5.760822395132236817e-01
5.765795327094138667e-01
5.768639966318103163e-01
5.776644943810289590e-01
5.783039205075184430e-01
5.789253535279965668e-01
5.794738282937506035e-01
5.798056739731695108e-01
5.802599771790309946e-01
5.811519764925348053e-01
5.815278895541237114e-01
5.820092329892649907e-01
5.827370967142683211e-01
5.832777840425331650e-01
5.840064118956015404e-01
5.843088165948515655e-01
5.847572215471893431e-01
5.852861218863472104e-01
5.859600626325819350e-01
5.864792666906197827e-01
5.869910648167273592e-01
5.876646429319604126e-01
5.885181979917560868e-01
5.885684186239427129e-01
5.891888126864031072e-01
5.897157697291663947e-01
5.904322978972911251e-01
5.908364651748913010e-01
5.913986431890018158e-01
5.917890543039134865e-01
5.924607298871277239e-01
5.927235779593441611e-01
5.931249359250599928e-01
5.939608807563100390e-01
5.944596607390697507e-01
5.949290902314767759e-01
5.953513041890322599e-01
5.960276588170638767e-01
5.963454090975871535e-01
5.970728541443266479e-01
5.973192095646409072e-01
5.979885304116856481e-01
5.985470012017973795e-01
5.992274681442484319e-01
5.997036161582611768e-01
6.000439919826328072e-01
6.002712115926827074e-01
6.007697898276741499e-01
6.016271917450363160e-01
6.016974860402207748e-01
6.022323090652098587e-01
6.028098966827376559e-01
6.035670377377124751e-01
6.038041703440808483e-01
6.042552685762880849e-01
6.046486492963915049e-01
6.050903962083306054e-01
6.055866576946697943e-01
6.061562543394564129e-01
6.066248038561710132e-01
6.071396173158124521e-01
6.075919668746644353e-01
6.078281971520954619e-01
6.084234404374967431e-01
6.087535153804910504e-01
6.093539480538281428e-01
6.099563732318915577e-01
6.101746692842584530e-01
6.107390517963594556e-01
6.110629509824169192e-01
6.115231120559350142e-01
6.120214973183746299e-01
6.122155985609381013e-01
6.129944381821136323e-01
6.129788016398799444e-01
6.135220466559240249e-01
6.142955916183610032e-01
6.146737038261593788e-01
6.148760315127287379e-01
6.152634110224242114e-01
6.160239264902174217e-01
6.162544115391768162e-01
6.166160393316366672e-01
6.168075463543347681e-01
6.176657634631380622e-01
6.178269205263038355e-01
6.181993710648986395e-01
6.187251249246119578e-01
6.190427801193244539e-01
6.195122375058388364e-01
6.199009445535423879e-01
6.204402035539741123e-01
6.206505955990999635e-01
6.209959269862467268e-01
6.214691196753479030e-01
6.218615110467637930e-01
6.222663536026801223e-01
6.227446851611961876e-01
6.231690874398304603e-01
6.233801206178221088e-01
6.238039939096136077e-01
6.240226502544395926e-01
6.244980009130128851e-01
6.247494664665567132e-01
6.251635176216892020e-01
6.255333705644684494e-01
6.258809944809141657e-01
6.264423055327063006e-01
6.268171210847829355e-01
6.268474042159618564e-01
6.272341858045346052e-01
6.277723677955000525e-01
6.280387767806423494e-01
6.284477781460191537e-01
6.290229256470272201e-01
6.291919497227970171e-01
6.294908524464764010e-01
6.296910098023148494e-01
6.303948398432098754e-01
6.306468179515212213e-01
6.310429052637254177e-01
6.312996928182419420e-01
6.315485521924967260e-01
6.322255375223815310e-01
6.322781611081684794e-01
6.326589590698692422e-01
6.329449930831450022e-01
6.333177680918874453e-01
6.335792038489324041e-01
6.341273167490915075e-01
6.346218342247319510e-01
6.346535007821302310e-01
6.349986631269317616e-01
6.354932845570467892e-01
6.358407553120646316e-01
6.361375186435268558e-01
6.363306076310972781e-01
6.367167743658440626e-01
6.370797629581158583e-01
6.373417129280699589e-01
6.378043214474895528e-01
6.379262551041942064e-01
6.382926360756403517e-01
6.387692891360312597e-01
6.389375194329133256e-01
6.391593744225706475e-01
6.397771259600560922e-01
6.401269493600060256e-01
6.404962261891268271e-01
6.407071998590566642e-01
6.407046820729082048e-01
6.414087451947726448e-01
6.416872542986490346e-01
6.419311371678301237e-01
6.425674845558307924e-01
6.426464315539522909e-01
6.428195261238837110e-01
6.427654032519796168e-01
