1.362147989795427011e-03
1.302717987412836936e-03
1.258787860615465321e-03
1.711862807057950827e-03
2.282021494554810695e-03
2.504826444823874277e-03
2.616876690593952868e-03
2.614908898362779989e-03
2.423686664233456849e-03
2.280199725976300024e-03
2.114149828383777435e-03
1.871896999239330232e-03
2.055373188725964206e-03
2.678848342663739997e-03
3.088767158904093084e-03
3.853240638839350741e-03
4.517783810103278772e-03
4.066199715559336986e-03
3.761952994915642758e-03
3.793970060185844397e-03
3.693802047241620708e-03
3.987591722614912751e-03
4.723090944766836045e-03
6.040039751448118659e-03
5.775574209412040992e-03
6.966818371403807504e-03
8.547729405777164044e-03
8.362529417214506489e-03
9.408310184429957007e-03
9.339849495291938433e-03
9.247643231808983302e-03
8.714072140955981052e-03
9.499522907789574241e-03
1.031891402441088151e-02
1.263059181089589908e-02
1.373765584099299539e-02
1.462844410581202320e-02
1.605312697423049231e-02
1.664716066334536934e-02
1.627258591806647267e-02
1.722627584485061231e-02
1.747964135008046177e-02
1.780769872998308120e-02
1.830249655133515951e-02
1.885017161142441347e-02
2.034679304987467921e-02
2.144591332138013132e-02
2.263996750213692274e-02
2.396918059891849431e-02
2.487103352019324684e-02
2.508711427598714697e-02
2.627480531371688757e-02
2.749905609949375787e-02
2.758865896180500571e-02
2.791950460809167547e-02
2.922773334148696944e-02
3.091145668619152409e-02
3.322434368440943531e-02
3.362141665972301352e-02
3.294416250032119325e-02
3.458059925957757824e-02
3.489639615363848008e-02
3.617543112127094562e-02
3.741866076764367721e-02
3.780525941940966750e-02
3.829578627376745842e-02
4.093643673000247479e-02
4.070461540189300453e-02
4.225372974710446539e-02
4.265883493995099862e-02
4.429842252683743181e-02
4.629453143679886779e-02
4.636769249336851473e-02
4.711776232073625753e-02
4.891209481339808818e-02
4.920603216584543832e-02
5.064177664637767307e-02
5.124153007703861895e-02
5.204783041365330931e-02
5.448608229959284871e-02
5.590874540348672594e-02
5.586174754578950019e-02
5.764529848438151860e-02
5.962359638597636291e-02
5.902625089590701757e-02
5.899317008715224131e-02
6.022605691070774536e-02
6.148702095747558133e-02
6.305396880477096011e-02
6.301137529364982115e-02
6.393153301164616886e-02
6.632883705516126605e-02
6.742133337038862251e-02
6.843880928981842249e-02
6.968662804067399241e-02
7.159866103759977840e-02
7.115397762609380894e-02
7.343913613544952868e-02
7.368552075677929636e-02
7.461043000881208143e-02
7.627266268004681549e-02
7.755057779115426264e-02
7.782505514439697070e-02
7.885060709310735827e-02
7.941495306605092508e-02
8.156855507899013480e-02
8.253770975876567606e-02
8.293105538191243575e-02
8.523132068791657023e-02
8.498090022202188509e-02
8.610034392092145994e-02
8.648316312301584929e-02
8.738131461526141286e-02
8.924391089161744228e-02
9.110234871947925361e-02
9.103512730758021865e-02
9.220010735611591790e-02
9.364603231948022410e-02
9.414408462072572370e-02
9.527102111687110741e-02
9.735832084237353024e-02
9.769417138254153643e-02
9.866929750848640879e-02
1.000893236244315976e-01
1.015628420478101590e-01
1.027011933228411944e-01
1.038824010966526989e-01
1.045965905327403550e-01
1.057037246879157927e-01
1.065663281233814180e-01
1.073026693125522929e-01
1.090524066814962251e-01
1.096834921212381658e-01
1.103565754113357417e-01
1.114544221206693192e-01
1.130277753772001570e-01
1.136824007272843606e-01
1.151148741138680737e-01
1.173091825117935361e-01
1.176419907186514319e-01
1.184396943839487043e-01
1.200941009848144475e-01
1.208559548897994301e-01
1.219627279657189145e-01
1.229612727825074026e-01
1.234519979970272324e-01
1.250686186151988843e-01
1.261233758282126471e-01
1.282499261517493772e-01
1.278490711411274516e-01
1.291360158247196188e-01
1.287318887371941001e-01
1.309469263081531609e-01
1.319515125480127116e-01
1.321083531322582438e-01
1.345807726438876251e-01
1.349505926986135640e-01
1.361859660921855841e-01
1.366563290118847085e-01
1.380113601177935800e-01
1.388823105123178636e-01
1.401918900854225158e-01
1.416788198749626970e-01
1.426730821926596449e-01
1.444125531041579868e-01
1.446441558388706639e-01
1.448113338639549774e-01
1.461410174180917676e-01
1.475848981642780555e-01
1.482927600571471716e-01
1.497484260798452316e-01
1.511433927549907241e-01
1.517447702604692028e-01
1.528032394176317421e-01
1.539654322561157529e-01
1.547891637024256528e-01
1.557025311110405985e-01
1.566411855956545696e-01
1.571974253660668730e-01
1.583900397194276111e-01
1.596021051308747218e-01
1.604667363590930318e-01
1.618037577179090580e-01
1.634867030138449084e-01
1.642450712743465380e-01
1.646492609251133665e-01
1.650824166145834493e-01
1.665556335685789979e-01
1.673571832466981268e-01
1.694413103070886439e-01
1.702773108212619624e-01
1.703001325130388544e-01
1.716506153457507122e-01
1.724607244965377650e-01
1.736637349146516185e-01
1.742955394785057621e-01
1.760924561545428035e-01
1.767657711351901528e-01
1.778921636037661957e-01
1.781987656376313733e-01
1.797662645924111291e-01
1.809111475197975605e-01
1.815762393596186963e-01
1.823927001774979795e-01
1.832286430239862818e-01
1.838392200994768966e-01
1.851551250964785789e-01
1.864807958364630980e-01
1.875858001121550045e-01
1.882061741537057742e-01
1.893845897036414150e-01
1.907883834640248799e-01
1.912159786647700255e-01
1.923486116171265192e-01
1.938637351025464528e-01
1.948748777460253823e-01
1.954932723545705353e-01
1.961178713906062410e-01
1.974569831849737889e-01
1.983209342099604977e-01
1.987846528266287716e-01
1.998176367874702208e-01
2.016716506760919680e-01
2.022977104722706865e-01
2.027445722605284995e-01
2.040620669844455393e-01
2.051206132989457365e-01
2.061250227152750802e-01
2.070041843013177563e-01
2.079302456863988402e-01
2.088782016668801200e-01
2.096819006519062001e-01
2.108279396610185652e-01
2.121881703951191966e-01
2.123013420306883170e-01
2.137991305895376448e-01
2.146086185262600921e-01
2.156352796724791687e-01
2.166743566831587364e-01
2.177163382531149827e-01
2.183521906754474218e-01
2.193582181525008945e-01
2.203365566953009169e-01
2.212301410674674118e-01
2.222582540761549874e-01
2.233074833241678603e-01
2.242297513826851663e-01
2.250341754242462522e-01
2.253156219038453811e-01
2.264849769777789179e-01
2.274441802921421674e-01
2.285421937204822340e-01
2.294890966632792961e-01
2.299465847969021093e-01
2.313433960480007490e-01
2.324478623982473013e-01
2.332010979059464251e-01
2.341785381175876535e-01
2.354810305884421362e-01
2.361449397668184680e-01
2.368827069968863774e-01
2.379323413563176615e-01
2.391259354113714208e-01
2.398968084891046071e-01
2.408701741322670786e-01
2.416834813862564491e-01
2.426955804569461139e-01
2.432863498575100203e-01
2.444909237902200827e-01
2.451255592235010161e-01
2.462302220396092589e-01
2.472414042648540533e-01
2.480707533977154766e-01
2.491253169023918412e-01
2.501083367575774319e-01
2.510174018674466989e-01
2.515001961165815314e-01
2.524804574508116572e-01
2.538731666754280303e-01
2.545269902169349230e-01
2.553031785621793226e-01
2.559722722123867755e-01
2.568910926182682020e-01
2.579542487063420930e-01
2.589693388334752822e-01
2.595758966240511167e-01
2.601317402407932744e-01
2.611312448212567139e-01
2.621501805807063268e-01
2.631883366142581115e-01
2.637007223946693513e-01
2.646426537109937138e-01
2.653879909304714402e-01
2.666096414611562881e-01
2.675891874962711969e-01
2.685121288453737320e-01
2.693195757749399788e-01
2.704461023101550898e-01
2.713893463597341627e-01
2.721386391458325282e-01
2.724470791752348631e-01
2.732556129670341005e-01
2.743160885457327502e-01
2.755414146575406176e-01
2.762452004843730102e-01
2.771410201475387192e-01
2.780004764681777152e-01
2.790887960265617251e-01
2.797743208242819413e-01
2.803993157002586667e-01
2.817097792328588368e-01
2.828262446936097851e-01
2.832216104010703006e-01
2.839551051416744354e-01
2.846947614727008413e-01
2.853273640818637102e-01
2.862288980657605730e-01
2.873987831451549346e-01
2.882703084982117248e-01
2.890297574758580734e-01
2.898025437123368242e-01
2.908880132113504935e-01
2.916243434498374532e-01
2.923611440441719611e-01
2.931388885100991715e-01
2.940145571594594553e-01
2.953073597356321023e-01
2.962367037755131993e-01
2.970979157138709525e-01
2.976614728846688762e-01
2.986718081288792792e-01
2.991813882677210601e-01
3.000252741417181457e-01
3.008771238929542347e-01
3.015003740898391515e-01
3.021781305330312195e-01
3.034446666763937484e-01
3.041466660576299108e-01
3.049799447959384846e-01
3.061784768279207092e-01
3.069493072145120238e-01
3.075524140304378706e-01
3.083855704994645230e-01
3.090797294641349779e-01
3.099150676785731862e-01
3.109190824523596630e-01
3.118909053115953567e-01
3.123983091411005053e-01
3.131791162877978763e-01
3.140397088524289337e-01
3.150023410769968724e-01
3.157578156109690504e-01
3.164323684154188299e-01
3.169534695312348216e-01
3.177913869601627361e-01
3.188322551943688632e-01
3.195941233872474641e-01
3.205407906150868902e-01
3.213471871811496294e-01
3.222453601473083684e-01
3.233196738827376904e-01
3.238248944680255925e-01
3.245247523328561590e-01
3.253301434624534250e-01
3.259407209149958184e-01
3.266244328822093257e-01
3.275164385256970068e-01
3.283725006699764193e-01
3.292428737122229387e-01
3.302408023019987593e-01
3.309863237490389132e-01
3.317035695493323888e-01
3.324908377762095246e-01
3.333797806077408166e-01
3.342697845185900740e-01
3.350967234931552796e-01
3.359201865762252437e-01
3.366290908278457561e-01
3.374401032954478796e-01
3.380243762387885043e-01
3.388971300489566629e-01
3.396183523459403442e-01
3.404734264785199138e-01
3.412399718147669514e-01
3.418192782262120533e-01
3.427198605312524737e-01
3.432792743273518909e-01
3.442082809664138709e-01
3.447020455178729237e-01
3.453689641314272030e-01
3.464081471679437141e-01
3.472698397781218693e-01
3.481530153489971746e-01
3.490390279194449663e-01
3.497216639182631481e-01
3.507749810401846191e-01
3.512271158704182716e-01
3.522370393599095206e-01
3.528518672142684220e-01
3.538487778353444080e-01
3.544656427369287655e-01
3.551380261663444338e-01
3.557601605241353382e-01
3.564137278534330600e-01
3.574880405336160472e-01
3.581546923768938462e-01
3.587661910408262989e-01
3.595383675485454011e-01
3.601323060242973551e-01
3.609626356534226255e-01
3.615831406931022118e-01
3.625490167116634521e-01
3.632139529440358006e-01
3.638159866744621329e-01
3.647229772492006639e-01
3.653933934407422868e-01
3.661502110664214826e-01
3.670406374417233830e-01
3.675390693424365751e-01
3.683615558246654542e-01
3.690950426590391409e-01
3.699272975839072997e-01
3.705888653355672857e-01
3.713526226360983618e-01
3.721969130270999515e-01
3.729597864301262278e-01
3.735280351814779243e-01
3.742855246918649348e-01
3.750464263097929019e-01
3.755823563818745936e-01
3.764721180002480461e-01
3.769947804416669546e-01
3.778967777733759359e-01
3.785763929260893002e-01
3.794332736273154372e-01
3.801234849813405758e-01
3.809127629610404298e-01
3.817122098629707194e-01
3.823075987594236613e-01
3.829310372526685269e-01
3.838453079460918960e-01
3.844112268926728193e-01
3.850095715256247608e-01
3.860188248372506403e-01
3.867196363468384801e-01
3.874187748739154058e-01
3.882399581961951673e-01
3.889940993478943065e-01
3.896077811832542870e-01
3.902996665921246167e-01
3.907532735613656327e-01
3.916583133090798530e-01
3.923606636969637629e-01
3.930217333926405154e-01
3.937513944682682343e-01
3.942306190200750571e-01
3.950373007068791464e-01
3.957896196157170143e-01
3.964732762044842485e-01
3.970895476665491919e-01
3.978216664870959374e-01
3.986507565868371294e-01
3.995008001078877991e-01
4.000898112215252045e-01
4.007130521377867405e-01
4.014295142814568451e-01
4.020461046390242377e-01
4.028654294653663537e-01
4.036919494373579775e-01
4.040620235112683534e-01
4.047826981590255668e-01
4.054970291208258582e-01
4.060541349492043928e-01
4.067787461496443768e-01
4.073904241713248164e-01
4.083137207294407212e-01
4.088761633739069756e-01
4.096187574190686687e-01
4.100798920780370782e-01
4.110753444268894219e-01
4.115513350485258681e-01
4.123657719379199560e-01
4.129038516779544032e-01
4.137138408507541887e-01
4.143959549957416111e-01
4.151016905138004143e-01
4.156385067795592136e-01
4.163713035887881553e-01
4.170709878037019425e-01
4.177628416693319746e-01
4.183372963266156486e-01
4.191790632588482390e-01
4.196880997243893074e-01
4.205046477832803387e-01
4.210888102690388268e-01
4.217554851185694731e-01
4.226072593884936390e-01
4.231433247894977878e-01
4.237759282162897323e-01
4.248100000275453203e-01
4.251719518001150777e-01
4.258854433019711450e-01
4.264458246212015080e-01
4.270504254291973556e-01
4.278780847563768974e-01
4.284893429670745268e-01
4.290665907681087687e-01
4.297844913524957455e-01
4.303374189391936944e-01
4.310385353295472233e-01
4.316015495189937656e-01
4.323240366221163811e-01
4.330273042014811113e-01
4.336739166378393295e-01
4.344428180021225328e-01
4.350298128074116533e-01
4.357582794161660722e-01
4.363419362262635492e-01
4.368865239649059595e-01
4.375937215204801500e-01
4.380622557644657800e-01
4.386508842155821819e-01
4.391420704470529457e-01
4.399935867327971484e-01
4.407439826601196042e-01
4.413979585330845556e-01
4.421420697254532239e-01
4.425806425152395418e-01
4.432475294802301069e-01
4.439668745912542236e-01
4.446358486588287695e-01
4.452176738798274136e-01
4.457779780745094178e-01
4.465973801837755386e-01
4.471949107632187115e-01
4.474768442810341806e-01
4.483274568231197521e-01
4.490739323598980093e-01
4.496192410323910371e-01
4.502848868619494516e-01
4.507407662369053991e-01
4.516094998974997110e-01
4.521030403974948819e-01
4.528132419689723243e-01
4.533167615292238994e-01
4.541367808011990692e-01
4.546884603601214492e-01
4.552623328256019675e-01
4.557927158649668908e-01
4.562774430433911843e-01
4.570795059004344463e-01
4.575537706245700886e-01
4.582450296158732117e-01
4.587133181893260914e-01
4.596381162646067664e-01
4.602202898562745004e-01
4.608821083615599612e-01
4.613638876272636025e-01
4.621215942884971395e-01
4.627945882247264109e-01
4.632249062135910256e-01
4.638348217950645780e-01
4.643857751850762883e-01
4.650176669116852235e-01
4.658875813893824658e-01
4.663490004798523381e-01
4.669948354312543626e-01
4.674895971692003549e-01
4.682334039930446945e-01
4.686525605205222877e-01
4.692917862658351202e-01
4.700207248725858933e-01
4.704659956116657438e-01
4.711284653982181214e-01
4.718779057664883592e-01
4.723007093033619874e-01
4.729843360337119273e-01
4.737695796720196584e-01
4.742443584585008254e-01
4.749670452467308346e-01
4.754320665225517106e-01
4.760469977480832338e-01
4.766153317172580062e-01
4.769913256396909884e-01
4.777949978349353422e-01
4.784295529110820233e-01
4.789327526554104097e-01
4.792948484544749532e-01
4.803773194006635827e-01
4.809293726225801757e-01
4.812592307376234446e-01
4.819708711227852493e-01
4.826433329585381737e-01
4.833301035514822597e-01
4.840513064617990024e-01
4.842376736871498166e-01
4.849221395020132386e-01
4.855174300686686539e-01
4.861554265008551368e-01
4.869949355717564377e-01
4.873195542186175011e-01
4.880885674079359915e-01
4.886887365312252984e-01
4.889677186947982146e-01
4.897449936057827191e-01
4.903692843100783127e-01
4.909092035656431041e-01
4.917979916639625970e-01
4.920446647266553675e-01
4.925748338103095314e-01
4.932915615669684062e-01
4.937404373077035058e-01
4.942484913597312013e-01
4.951112307519155431e-01
4.956125564916400994e-01
4.962733134849393046e-01
4.967733314843921777e-01
4.975885572797767997e-01
4.982015445698620426e-01
4.986437562722387251e-01
4.991010357288432897e-01
4.997856513234884002e-01
5.003185540426291489e-01
5.009878651057659837e-01
5.014823111883504048e-01
5.019061438175715928e-01
5.026816277839302183e-01
5.033182027561964311e-01
5.039726661157497567e-01
5.045954923137688786e-01
5.048392927764389082e-01
5.057436975472774376e-01
5.061713611450062711e-01
5.068252175733448661e-01
5.074699149750334648e-01
5.079331324704812189e-01
5.085469798770351213e-01
5.089723658455104216e-01
5.095800109995518579e-01
5.102480927329897664e-01
5.110552474319516314e-01
5.114503272816744994e-01
5.121605563832251073e-01
5.126559986854313244e-01
5.134800856311457773e-01
5.137454625877666547e-01
5.145621910248741049e-01
5.150894891005394216e-01
5.155476859990181238e-01
5.159934476261680558e-01
5.166417733482695507e-01
5.171964539051912002e-01
5.180364494307674317e-01
5.187544339479216449e-01
5.191749285536272351e-01
5.198591840753654658e-01
5.202836086700549645e-01
5.209044692695813383e-01
5.214077723172381162e-01
5.218943885978711839e-01
5.225934767625668442e-01
5.231451474245119027e-01
5.239221506052101907e-01
5.246617560022187599e-01
5.251331904984413157e-01
5.258356299700384096e-01
5.265403577563158022e-01
5.269697043428560601e-01
5.275648802893203593e-01
5.282977871120838609e-01
5.288635995082590080e-01
5.294253640190966781e-01
5.299418133843549761e-01
5.306369285269275649e-01
5.310467981560672568e-01
5.317827946257503990e-01
5.323457028283802295e-01
5.328762573016896376e-01
5.334569396898093396e-01
5.341386408178694367e-01
5.346931009127512402e-01
5.350633738959896801e-01
5.356154439155647040e-01
5.365166051935199576e-01
5.371633558007323783e-01
5.377883898665876128e-01
5.382971817527623104e-01
5.389849684527346918e-01
5.396072800664635238e-01
5.402699036929522469e-01
5.405853041692211258e-01
5.413298069667109580e-01
5.419020145851648484e-01
5.424848872200501715e-01
5.430663686579157989e-01
5.436979263821565267e-01
5.443582239013158297e-01
5.451069348898290867e-01
5.456243362248003326e-01
5.462339372905126167e-01
5.469298311240092803e-01
5.472830506791296346e-01
5.479421174805516603e-01
5.486686009547724341e-01
5.492902971981368232e-01
5.498709012289699771e-01
5.504105163675598877e-01
5.511471087216939235e-01
5.515661603126971180e-01
5.520413579630720768e-01
5.529202513434976485e-01
5.536759146006619003e-01
5.541144905106141216e-01
5.547265642407613884e-01
5.554120625454759264e-01
5.556778898384902021e-01
5.566689958216719525e-01
5.571636196486924320e-01
5.576698580516411541e-01
5.586365152448239391e-01
5.590023497349480008e-01
5.598647964516851872e-01
5.603371590055181706e-01
5.609232591361020814e-01
5.615007154986324522e-01
5.622807076612531541e-01
5.628179394851710038e-01
5.635567074259063558e-01
5.640687403499922148e-01
5.648397825146741491e-01
5.653912963822300686e-01
5.658957773521493539e-01
5.666270254056218203e-01
5.671363354080544150e-01
5.676411947188226836e-01
5.684161370238330901e-01
5.689980966360418391e-01
5.698154919630814552e-01
5.703886148610340934e-01
5.710811772677930609e-01
5.716195843431228774e-01
5.725032013567424860e-01
5.728751132666409784e-01
5.735053647925472120e-01
5.741414716743827862e-01
5.747935559561895280e-01
5.755521055206815895e-01
5.760541192298167523e-01
5.765960880628218099e-01
5.773814555537915005e-01
5.778133714912003782e-01
5.784246721282330084e-01
5.793511701621076870e-01
5.795381528020755457e-01
5.802251822985710072e-01
5.809076981025236286e-01
5.813402148338279174e-01
5.822316520432293530e-01
5.829847182110059478e-01
5.833421441677423269e-01
5.840158089406185526e-01
5.846354232760977432e-01
5.857823458829956031e-01
5.861173240140813423e-01
5.867885964008544564e-01
5.873636481456183667e-01
5.880150637264590641e-01
5.886492937002922865e-01
5.891771165208100625e-01
5.898361958325701870e-01
5.903824526586750610e-01
5.910604548277724746e-01
5.915656561689857096e-01
5.922309692768792377e-01
5.930110582410614839e-01
5.937528878953224343e-01
5.939281546286950819e-01
5.946302644892655920e-01
5.953865088026503161e-01
5.958526468837089807e-01
5.967655757180845288e-01
5.973055334507977321e-01
5.977978147170331935e-01
5.984720639396530206e-01
5.992041623063483202e-01
5.995931427544129999e-01
6.002274629365650371e-01
6.009300554615910617e-01
6.013175030193855797e-01
6.019035624432226284e-01
6.026812595610734347e-01
6.033214668053844543e-01
6.038737529462304687e-01
6.046563641035289649e-01
6.052422521066361805e-01
6.057598459805397795e-01
6.066117382849429696e-01
6.069698873856019805e-01
6.075616874244992305e-01
6.080458889196719285e-01
6.088019005656729599e-01
6.092128112751872271e-01
6.101120454906125978e-01
6.104791138085573499e-01
6.111907714700101080e-01
6.118048685798285202e-01
6.124193418771476383e-01
6.130663680837445950e-01
6.136264448092592083e-01
6.140221072228286836e-01
6.147213117700672802e-01
6.155213477910342901e-01
6.161074750678227074e-01
6.164569329736960812e-01
6.169845778845576278e-01
6.177525631439241272e-01
6.183192388435420073e-01
6.188792005048467937e-01
6.195049904422942344e-01
6.201314896174046076e-01
6.208754648955899791e-01
6.213091576618056111e-01
6.218986228153323692e-01
6.223966367229675223e-01
6.228842687870044248e-01
6.235476432025468529e-01
6.240052586050570671e-01
6.248366778342316907e-01
6.252699636902133706e-01
6.257553534512514393e-01
6.265690513445446586e-01
6.268892192254332807e-01
6.276492615641505735e-01
6.280154540117846018e-01
6.284522649056176746e-01
6.293867275306633813e-01
6.297957549321343551e-01
6.304756522569439081e-01
6.309381246366542184e-01
6.313927885618868530e-01
6.322384820619053603e-01
6.325240319429417113e-01
6.331618719692126973e-01
6.336187969429524225e-01
6.344292706888368105e-01
6.348048378289058435e-01
6.355109903080756739e-01
6.360461964273811386e-01
6.364001109966413994e-01
6.371993243183886602e-01
6.375803204146917036e-01
6.382141847230758946e-01
6.384637108728291599e-01
6.389789758685212595e-01
6.397504981664191570e-01
6.401584538129998503e-01
6.404951842218242763e-01
6.414622418487487820e-01
6.419843724555173159e-01
6.422741400417224522e-01
6.430312777768902865e-01
6.434506879649067868e-01
6.439252209631807222e-01
6.444966866020971352e-01
6.449967613552931578e-01
6.455318593113468228e-01
6.459265490781068708e-01
6.466899468047270227e-01
6.472250247914985710e-01
6.475456149698465280e-01
6.483894306746665892e-01
6.486487169189071311e-01
6.490212929093773786e-01
6.495705395352520117e-01
6.501525653347735023e-01
6.505642286804558250e-01
6.510955503892816854e-01
6.515221842910215999e-01
6.521072988502397694e-01
6.526487198280639390e-01
6.529555072393787851e-01
6.536631455270972557e-01
6.540428360489458637e-01
6.545324129071394825e-01
6.551469316185740688e-01
6.556353763148776714e-01
6.559085903289633146e-01
6.565005284638942840e-01
6.569939220100955435e-01
6.575660692274187813e-01
6.579045412464268328e-01
6.583610031974717058e-01
6.587586809284222689e-01
6.593921719188834407e-01
6.595821706002095164e-01
6.602908568652626764e-01
6.608988105224459231e-01
6.610015594957218132e-01
6.617130656844970593e-01
6.620535724406931832e-01
6.626345431390793239e-01
6.628768890997140950e-01
6.633542579675669737e-01
6.638827543297112221e-01
6.644299339809058846e-01
6.646987779518614969e-01
6.651120310676589265e-01
6.659345322289521585e-01
6.661186120971693825e-01
6.667600836768656780e-01
6.670727780939660345e-01
6.674262328885812723e-01
6.681427263559087670e-01
6.685306683994920451e-01
6.687335384377322001e-01
6.693762951118812365e-01
6.696372130569819836e-01
6.701309509317533442e-01
6.706309116859320296e-01
6.709781464096028492e-01
6.714038694725605882e-01
6.717857864667794443e-01
6.722321532796819987e-01
6.727665896856335204e-01
6.731885410136499992e-01
6.735700929163034312e-01
6.741058087225303419e-01
6.745893019815766278e-01
6.750087802861712838e-01
6.752586293049831490e-01
6.756678635984285641e-01
6.762396679592534987e-01
6.764779662422679696e-01
6.767057991721138199e-01
6.775430559253504681e-01
6.776524672047918862e-01
6.781162951215691237e-01
6.785198250583702739e-01
6.789039367383976620e-01
6.792973402308458697e-01
6.799818799295447302e-01
6.800875126041567853e-01
6.803685385983425649e-01
6.808959569601040762e-01
6.812596753754792678e-01
6.815985366908142717e-01
6.818759522424389097e-01
6.825975514879027983e-01
6.829721585352427349e-01
6.832107385860182180e-01
6.835978771621938899e-01
6.841819290356889738e-01
6.843153053753096016e-01
6.847069967236830701e-01
6.850955092788985068e-01
6.855017415569113481e-01
6.857565106549301515e-01
6.861190831564151216e-01
6.867101104415563873e-01
6.869236797191171640e-01
6.873471655867953167e-01
6.876915495623495689e-01
6.882031829775238085e-01
6.885811391044639462e-01
6.889622553658294457e-01
6.890254786431058154e-01
6.894894390102105364e-01
6.900587698132127912e-01
6.903646494111638221e-01
6.907127286815208933e-01
6.911392919450186634e-01
6.914214420640089065e-01
6.918430874301253475e-01
6.921745871469940914e-01
6.926602085830060318e-01
6.930887664890819089e-01
6.933763703483879492e-01
6.935804765259048210e-01
6.938936636980418404e-01
6.942587746451449604e-01
6.946877807852135378e-01
6.951849553335293086e-01
6.955077575227396336e-01
6.956653897886365678e-01
6.960709545075431937e-01
6.963943450990192074e-01
6.966163497792143833e-01
6.970781149932292475e-01
6.975478712229223888e-01
6.978148974522510040e-01
6.982237619213988999e-01
6.985112327804562371e-01
6.988431208257394056e-01
6.992551278370742196e-01
6.996918017246972488e-01
7.001156460231928724e-01
7.003197312056437251e-01
7.006739457000936699e-01
7.010799773863286566e-01
7.014665746018678982e-01
7.016943104030408662e-01
7.021624380004963806e-01
7.024984487727793381e-01
7.027630342335434710e-01
7.030612983965091045e-01
7.035761965060300938e-01
7.038711389455422074e-01
7.044368022840841181e-01
7.046309565577008049e-01
7.049684658297730167e-01
7.053416359671694780e-01
7.056362851962916238e-01
7.060802292333976382e-01
7.062393205619117431e-01
7.066238598728595832e-01
7.070140880587166832e-01
7.074939393594691373e-01
7.075701760657413519e-01
7.081902638213535273e-01
7.086524841640179373e-01
7.090011152895037139e-01
7.089977577408026477e-01
7.093907552565212882e-01
7.096852711922886359e-01
