9.470350158977909388e-04
9.745752903604145171e-04
9.725954024544727775e-04
1.556779263760593550e-03
2.288146460776454769e-03
2.591989525557945959e-03
2.773318314983829695e-03
2.797208222132936423e-03
2.551948109033443362e-03
2.388523443638097647e-03
2.184914396855787855e-03
2.027935196317252192e-03
2.188474754856602287e-03
2.620692285009430540e-03
2.937936420607933398e-03
3.418685302832649014e-03
3.792424540087634306e-03
3.514104518660284959e-03
3.236182585831265217e-03
3.168707038401176544e-03
3.036529712183935574e-03
3.185940844509894260e-03
3.612606726881206244e-03
4.395619727334783462e-03
4.319563092409655670e-03
5.015914550392210763e-03
5.870383152569096097e-03
5.710950573610801446e-03
6.258212425186017447e-03
6.174358958710247924e-03
6.095537439050400033e-03
5.760336410202928498e-03
6.194887790948861578e-03
6.699188457565592204e-03
7.990929854897473039e-03
8.588453785388156653e-03
9.082282324439123686e-03
9.870321859974716047e-03
1.020923009542715545e-02
9.933255950822571928e-03
1.047014144265605122e-02
1.057809638612477489e-02
1.073011505031016243e-02
1.097084196580421812e-02
1.126111966843237541e-02
1.217385270242142895e-02
1.282242211800767653e-02
1.344452555279745248e-02
1.415547848178537807e-02
1.463093279756666996e-02
1.473383721630209912e-02
1.547101762370934296e-02
1.610992490736426475e-02
1.616204242622558060e-02
1.630481063205267353e-02
1.689105676649307886e-02
1.787449852533152042e-02
1.944090912653869546e-02
1.951836558684867315e-02
1.890533715526596104e-02
2.003702872950285582e-02
2.005862789138167582e-02
2.090002668166008812e-02
2.148256640942853429e-02
2.186942266791397707e-02
2.162596166056542438e-02
2.356297290561372437e-02
2.349972167348648999e-02
2.435947616791239376e-02
2.439435649370755993e-02
2.547195799808711636e-02
2.668281969210747895e-02
2.662569872462723641e-02
2.714485972040856995e-02
2.814406513737335164e-02
2.811296274387985530e-02
2.885586814635619779e-02
2.909869593101949842e-02
2.980140864922458527e-02
3.155527434158160449e-02
3.231063141549608136e-02
3.180906441639826110e-02
3.284995382720060086e-02
3.410174516024500752e-02
3.353132604127125049e-02
3.359091707155419798e-02
3.426193402445569525e-02
3.480261526087224250e-02
3.568635694176644502e-02
3.533552756143483464e-02
3.611018740908893132e-02
3.798786368599094826e-02
3.846899784115765525e-02
3.892705614294048738e-02
3.976395227627978202e-02
4.114298219642600896e-02
3.994712447974847064e-02
4.197839980945286542e-02
4.227214933038297290e-02
4.252496968513648501e-02
4.393208182363351338e-02
4.398520379239220790e-02
4.406214410688791966e-02
4.470529420088566880e-02
4.489700429754323041e-02
4.679326882849776242e-02
4.703581879066523475e-02
4.723864655402563312e-02
4.890757474996488413e-02
4.863639378312654971e-02
4.903092959293524344e-02
4.864180593942956515e-02
4.895417419706528384e-02
5.009698444522554112e-02
5.227173491522799781e-02
5.211815434829411564e-02
5.214162036308118281e-02
5.308126782659949167e-02
5.296097708798384873e-02
5.360846715419178427e-02
5.555820390821631510e-02
5.591886519338053196e-02
5.592188365936132805e-02
5.675054422237199581e-02
5.788170850766825165e-02
5.884367312735615946e-02
5.935647577236277672e-02
5.957596455040282263e-02
6.007385426111992027e-02
6.012261254028942320e-02
6.086957513864699187e-02
6.245744359454305505e-02
6.239215558501610276e-02
6.272197376686136638e-02
6.339823384971224329e-02
6.386952518055821759e-02
6.455772246842000905e-02
6.597830658549128091e-02
6.666145336202881910e-02
6.767156155459252975e-02
6.784439956713948783e-02
6.865935001006527594e-02
6.875424718611158892e-02
6.975951633580668165e-02
7.050957622267386982e-02
7.057421333996041768e-02
7.162301754155811495e-02
7.203992726337377084e-02
7.305175992891385639e-02
7.263982427704682165e-02
7.414863365337062695e-02
7.278007135780434345e-02
7.532648157436594438e-02
7.494297617811744583e-02
7.545055735363369320e-02
7.696790687185582625e-02
7.710551297416812222e-02
7.788789697994645544e-02
7.725404168691481221e-02
7.814402557978888941e-02
7.967679627421854482e-02
8.059581093297303600e-02
8.159270172566257529e-02
8.155958978927621561e-02
8.228036692147620845e-02
8.236574558440709626e-02
8.241308574602917991e-02
8.299649053576629854e-02
8.389000733743165461e-02
8.448595380009918387e-02
8.528161189103852791e-02
8.632395730078941398e-02
8.693065965815394147e-02
8.774202238603677484e-02
8.812050789777792215e-02
8.841756604532619024e-02
8.906219924398667276e-02
8.926428428341154353e-02
8.976470489979071488e-02
9.075324188082993515e-02
9.081259473781598535e-02
9.176854692110680833e-02
9.285897941495134533e-02
9.351214373891819642e-02
9.395906895046973739e-02
9.406448987848095578e-02
9.401899677165272140e-02
9.568014585831878527e-02
9.609615717574483684e-02
9.678104413029509079e-02
9.721378402200241131e-02
9.781427360797112502e-02
9.786012944196413599e-02
9.855029431892915748e-02
9.981261315489847741e-02
9.913592854023108025e-02
1.003785551775353141e-01
1.017277199550440936e-01
1.018752430705668760e-01
1.017054577363292883e-01
1.030053102732300663e-01
1.043563222485444503e-01
1.046284693995059301e-01
1.044189174247679291e-01
1.047235079981927303e-01
1.051346894689939443e-01
1.064270913140633323e-01
1.070839540520600458e-01
1.071873695761031559e-01
1.074913773869390216e-01
1.082370125306961611e-01
1.094692923389629646e-01
1.098000548948263599e-01
1.103717369811142435e-01
1.114157405437477821e-01
1.119552253083100080e-01
1.124072559057386900e-01
1.130442179853006351e-01
1.138389778633738247e-01
1.141033437070030354e-01
1.140699763418065449e-01
1.147477844306810518e-01
1.162938608055116979e-01
1.167239871846590255e-01
1.170926968919210887e-01
1.169730616342302132e-01
1.182384526104648115e-01
1.188127512732009422e-01
1.193478150550963540e-01
1.199086818915066216e-01
1.211316759611623661e-01
1.200562321572627711e-01
1.223624282631906174e-01
1.231379367914196415e-01
1.221783654689570786e-01
1.238751417847986092e-01
1.233607285698615080e-01
1.244263880315948922e-01
1.252760381721442773e-01
1.258121187309275135e-01
1.259693256440107823e-01
1.269871962823898026e-01
1.269425798770364433e-01
1.280055758719493564e-01
1.283445613285998654e-01
1.287866367842694926e-01
1.295088253416035728e-01
1.302583464089066279e-01
1.302243596265800496e-01
1.309151105575066254e-01
1.314491961251807173e-01
1.319055290173283546e-01
1.324217016106031819e-01
1.329841253140630064e-01
1.337526390417119182e-01
1.339888670517627445e-01
1.346968356462958372e-01
1.357089470767398331e-01
1.360822073597582615e-01
1.365951747614410905e-01
1.369680838030918335e-01
1.376945907050337037e-01
1.386681686600216290e-01
1.391200551380472883e-01
1.397581427318722591e-01
1.403587148977749055e-01
1.409064144230175453e-01
1.411641967957809884e-01
1.415236071623997838e-01
1.421662648904026272e-01
1.427728618103381308e-01
1.430657165545521359e-01
1.438605151275960392e-01
1.446903919109422398e-01
1.455649175847227028e-01
1.457105318812839667e-01
1.460778652254966226e-01
1.467113369010042134e-01
1.479248910894861990e-01
1.476931755599976137e-01
1.482899563415052968e-01
1.488439330202834532e-01
1.492934387785801453e-01
1.497495109344990916e-01
1.506334240327788787e-01
1.514445136218458554e-01
1.514055284680736191e-01
1.519006473881512609e-01
1.524678124396191548e-01
1.530343309127599194e-01
1.535125413765046354e-01
1.539307797974878989e-01
1.546535196081824104e-01
1.550615043729444142e-01
1.552822906425174176e-01
1.559385954122531337e-01
1.569204061088946001e-01
1.580497347301343669e-01
1.585558160713784748e-01
1.587799712291916854e-01
1.590659527247454130e-01
1.594542437120450018e-01
1.598709907948342446e-01
1.609108739955902589e-01
1.611485657898898416e-01
1.616446563191328012e-01
1.625994287472919408e-01
1.629005081313456560e-01
1.631971115912082548e-01
1.638286447820798963e-01
1.645663572034283817e-01
1.651878985566757052e-01
1.655282350962900273e-01
1.660682731419315383e-01
1.665693487140561813e-01
1.667559222633010763e-01
1.672275595500399836e-01
1.678516208994949854e-01
1.683177659494138056e-01
1.687809835232831623e-01
1.691056824985134877e-01
1.696150624786185446e-01
1.704149637482407775e-01
1.715169086978715618e-01
1.716391386599927238e-01
1.719964991569576107e-01
1.727365609216701681e-01
1.731784960931476991e-01
1.738166682792516848e-01
1.745551396830097302e-01
1.752122173154589679e-01
1.755175430372037937e-01
1.757304829643134281e-01
1.761497667532217482e-01
1.767045161199922165e-01
1.772462290704023280e-01
1.776359764797497132e-01
1.785756790927487125e-01
1.792412230637171200e-01
1.796267941458131179e-01
1.799868159093633568e-01
1.806366146390507299e-01
1.808913463604812089e-01
1.814493945405454001e-01
1.821220858301894063e-01
1.825894114146906222e-01
1.832549164178525203e-01
1.834073377290204587e-01
1.839837261989820394e-01
1.847493448942847671e-01
1.854400012082932647e-01
1.860411286240893636e-01
1.861840430412989023e-01
1.864768401297634548e-01
1.870650697938510409e-01
1.876273634942132729e-01
1.880960267937165087e-01
1.886716924090748038e-01
1.893209347302108048e-01
1.897474597044065125e-01
1.898710496394233616e-01
1.908302665113865704e-01
1.913903212061426329e-01
1.916925316690957781e-01
1.922868353657784801e-01
1.923851820124818646e-01
1.932335795189936700e-01
1.935947408054341790e-01
1.942094200744710897e-01
1.946605951397913647e-01
1.953203841762241322e-01
1.958044938770621690e-01
1.962228600357624198e-01
1.966600947259492249e-01
1.973290498021462447e-01
1.978730877496906737e-01
1.983917660924508775e-01
1.990136633198157090e-01
1.994826705640003195e-01
1.999044624371209555e-01
2.003741754511622619e-01
2.008054496133651334e-01
2.013665634557059159e-01
2.015528746440777286e-01
2.021858571059825804e-01
2.027188583727652926e-01
2.032745524018826078e-01
2.037342930157124976e-01
2.043710407611523672e-01
2.048705371520551100e-01
2.054775056868119454e-01
2.057670796078554520e-01
2.062720226985587935e-01
2.064842719785903447e-01
2.069230857064044138e-01
2.075014935448487308e-01
2.082959382089310807e-01
2.088530610390704201e-01
2.094660874269632655e-01
2.097612644094355716e-01
2.100021426637672384e-01
2.105246771500519920e-01
2.111454953624275210e-01
2.117391907070513835e-01
2.121583244351996356e-01
2.126073684904986882e-01
2.129240504681481072e-01
2.134276705535792795e-01
2.137666750111354708e-01
2.142832932003252422e-01
2.150451473737858554e-01
2.154643826733332324e-01
2.159087202851755483e-01
2.164183611578582855e-01
2.170700316463712864e-01
2.176597868188542839e-01
2.180739008321360695e-01
2.184600306711576012e-01
2.189667899229054970e-01
2.192952915995472207e-01
2.198905348146509564e-01
2.203632958320023427e-01
2.207833054696732855e-01
2.210575009303966665e-01
2.216781609482136040e-01
2.222068603817714261e-01
2.229196730346569011e-01
2.234271088247699322e-01
2.238797421939764387e-01
2.241903639851934860e-01
2.247468968076174467e-01
2.252006019732253617e-01
2.256167506737987716e-01
2.260022100865581862e-01
2.265623567468302013e-01
2.269459686675784349e-01
2.274990537640920185e-01
2.279512918430151303e-01
2.284450355829621693e-01
2.288041944148367091e-01
2.293473594297423812e-01
2.298597650808827109e-01
2.303803492095911343e-01
2.309422953952567081e-01
2.314009348913685093e-01
2.319832003451235691e-01
2.323698568115094565e-01
2.329289082426453938e-01
2.331904070610043844e-01
2.338421193391738151e-01
2.344576955115711403e-01
2.347727578852703834e-01
2.351267433971557796e-01
2.355369815577419979e-01
2.356753196587787202e-01
2.362828687367856118e-01
2.371068972364910044e-01
2.375232204531184665e-01
2.379748245380667870e-01
2.382655323113898327e-01
2.386124583372703500e-01
2.391600818130884265e-01
2.397279842268229544e-01
2.402097929726910441e-01
2.407694459664596609e-01
2.411799850904298159e-01
2.418555533731322760e-01
2.423201889088754113e-01
2.426189703506187456e-01
2.431327017410979674e-01
2.435746817929812513e-01
2.441800272088572032e-01
2.447809195046712072e-01
2.452690038498774316e-01
2.454710748037566559e-01
2.459101645155037097e-01
2.462517409657645762e-01
2.468352981196890172e-01
2.472085509706891671e-01
2.476064304474072109e-01
2.482416777346760639e-01
2.487099924751381141e-01
2.492830430038274203e-01
2.496165188400570889e-01
2.499604020233611168e-01
2.503804823597891027e-01
2.508057022063862607e-01
2.513991682864667454e-01
2.518982007855098404e-01
2.524202337287125841e-01
2.528309599224790594e-01
2.531990390482811160e-01
2.537796703261661069e-01
2.540569154445815880e-01
2.545344770416269053e-01
2.552359937795386502e-01
2.555780389832524313e-01
2.562428697563101654e-01
2.566472410281543381e-01
2.569423415783312348e-01
2.574350586955763687e-01
2.576957948154447453e-01
2.581696300375670994e-01
2.585544960481284682e-01
2.590876050709638445e-01
2.597213182987202496e-01
2.601489128200757395e-01
2.605734779405800561e-01
2.611333026183026984e-01
2.614913083921737158e-01
2.619572439406663844e-01
2.625054526922967479e-01
2.629495305654293569e-01
2.633861586487963868e-01
2.636387867169726062e-01
2.641407223340657140e-01
2.645353501547594299e-01
2.648139027154498004e-01
2.655014626479059725e-01
2.658335836623052506e-01
2.662361259048477979e-01
2.667973811480004454e-01
2.672466902357161223e-01
2.675875903660643873e-01
2.681205025333513459e-01
2.684715427779256758e-01
2.689232421715450627e-01
2.694531614993234125e-01
2.695346125059727704e-01
2.702571165998531866e-01
2.708446716584944070e-01
2.711072057732346052e-01
2.716287515068093184e-01
2.718149489358490101e-01
2.724627371964379319e-01
2.726691394821964542e-01
2.734200233704379146e-01
2.738936035000268387e-01
2.743160715750025402e-01
2.748196078884062588e-01
2.752983365517493453e-01
2.757615410974360026e-01
2.760833056679216080e-01
2.765985796098368588e-01
2.769149238626414378e-01
2.773758791353815312e-01
2.780602067957711476e-01
2.785300058149919877e-01
2.790401220930627257e-01
2.792321139118217888e-01
2.795688259028700773e-01
2.799688195128267609e-01
2.805608514635212214e-01
2.809816836780681948e-01
2.815158208198962342e-01
2.821948992898304365e-01
2.826110771432908120e-01
2.829512474232265262e-01
2.833214893986653604e-01
2.839450818208759664e-01
2.842370743682146039e-01
2.847178474935693759e-01
2.851180383587557654e-01
2.856127292702070886e-01
2.860830332771019391e-01
2.862612896986602151e-01
2.867733788626623537e-01
2.873351777403169161e-01
2.878957407591460904e-01
2.885136288319532505e-01
2.888472824752593704e-01
2.891666001902502559e-01
2.895006443817439434e-01
2.900841106630229760e-01
2.904055458548057689e-01
2.910342467207155948e-01
2.914280720840680683e-01
2.920788688611714035e-01
2.926862956045448994e-01
2.929388587217401363e-01
2.932458483694694307e-01
2.939052029034813218e-01
2.942148272356643890e-01
2.948055348314400637e-01
2.950955628443683865e-01
2.954960561248351492e-01
2.959354996388459114e-01
2.961634148799514588e-01
2.967173999138847940e-01
2.970857975962705178e-01
2.977144700305154323e-01
2.981964553282875907e-01
2.986071127172460482e-01
2.991016587719207420e-01
2.995373076723505945e-01
3.000698816026594051e-01
3.003559168406422231e-01
3.009848120779765601e-01
3.012255647366251510e-01
3.017986999400603665e-01
3.023013167635875131e-01
3.025008332016760337e-01
3.029876261533676063e-01
3.035851527054534427e-01
3.042499234420073528e-01
3.044690924988106007e-01
3.048495924115902644e-01
3.054115518873746216e-01
3.055315895851040686e-01
3.062861232491265739e-01
3.067095746267322065e-01
3.071159115083299529e-01
3.075531730423952115e-01
3.078744501983089465e-01
3.084647684144349311e-01
3.091105290753806134e-01
3.093242427999912669e-01
3.099381172597978074e-01
3.102733771941162400e-01
3.107818761262486351e-01
3.111456900304520046e-01
3.115684872875228439e-01
3.119320659914988636e-01
3.123629788132263330e-01
3.128822042946348136e-01
3.134081896840589243e-01
3.140452735725061117e-01
3.143615166659434745e-01
3.148425940367117759e-01
3.153913812191658783e-01
3.154787568925409014e-01
3.159391985546340376e-01
3.164119966032698517e-01
3.169462761943364071e-01
3.176675064544821625e-01
3.179630935583194762e-01
3.184083179498187754e-01
3.188441220058177983e-01
3.191843581698130539e-01
3.198185867166731811e-01
3.202964577843468996e-01
3.207285522646446951e-01
3.210548596307467029e-01
3.214188725619521736e-01
3.218395916495685460e-01
3.222956725823946100e-01
3.225059448203190793e-01
3.231615790367206587e-01
3.237401024892915813e-01
3.240268190644187141e-01
3.245695734921234532e-01
3.249964893996966087e-01
3.255465080496477981e-01
3.256459530196028629e-01
3.262967535865377022e-01
3.267967524992363426e-01
3.271302228723343419e-01
3.275854525594346645e-01
3.279576572214598640e-01
3.283551300512959625e-01
3.289651174687355795e-01
3.293606912107168161e-01
3.297095506100237716e-01
3.300772154234939415e-01
3.308114889388742430e-01
3.313589319386495702e-01
3.315985878373428064e-01
3.319100503678607539e-01
3.322731354781912061e-01
3.326581914726552403e-01
3.331112030503237675e-01
3.336851150203090088e-01
3.341205409049616826e-01
3.343218071234864697e-01
3.348549644889057264e-01
3.353903097621875329e-01
3.359923263525387838e-01
3.360342278982809683e-01
3.367934453707446818e-01
3.370429436070235818e-01
3.376883987132726639e-01
3.379765890361945413e-01
3.385770141646471942e-01
3.387733090849622819e-01
3.392466650240312798e-01
3.395564183492231769e-01
3.401033273401183332e-01
3.403899392992284501e-01
3.406973413432067832e-01
3.412263681567210827e-01
3.417886041842897460e-01
3.424474561987049803e-01
3.427437084611476559e-01
3.430810454172521506e-01
3.433835134270071809e-01
3.440680098910283147e-01
3.441488344390467580e-01
3.448742037967407192e-01
3.450799304580107751e-01
3.456857158109488126e-01
3.459755026332795302e-01
3.462998834419624972e-01
3.467858844459555390e-01
3.473107293498058357e-01
3.477076672490284626e-01
3.480400232783495973e-01
3.485099522856486831e-01
3.490931804742009592e-01
3.491803809852516149e-01
3.500159750828338301e-01
3.499435465102953002e-01
3.503280123380848599e-01
3.509684544021983155e-01
3.516384866890575611e-01
3.517476991779379114e-01
3.518406863465076140e-01
3.526407856947028074e-01
3.531806643129782319e-01
3.534731916047115785e-01
3.540157315695028339e-01
3.541092700512186164e-01
3.546843264053950451e-01
3.553058274016431817e-01
3.555661696252512827e-01
3.559827144828952572e-01
3.561766653644282132e-01
3.568040576581775203e-01
3.570680083367882562e-01
3.575833909486771933e-01
3.581899500431005579e-01
3.586037832339457054e-01
3.588920053458997672e-01
3.594012582306708725e-01
3.598710692090366092e-01
3.604461707204644760e-01
3.607740150085141373e-01
3.608993890610016630e-01
3.615695722532125678e-01
3.618846579774053218e-01
3.622875823466780165e-01
3.627111192707496157e-01
3.629713731229374796e-01
3.633781083705111548e-01
3.637646540508459592e-01
3.644086437423910696e-01
3.648719900943813710e-01
3.652884182141519775e-01
3.653940708351426925e-01
3.662424935657437319e-01
3.668666163626127519e-01
3.669451587733313924e-01
3.673312849162588822e-01
3.677784378521689046e-01
3.681029339964288494e-01
3.683199743608691623e-01
3.689684263284243593e-01
3.695836774684675974e-01
3.699280604865158861e-01
3.704380271788520473e-01
3.709042853408527907e-01
3.714546991927508146e-01
3.718109877133581875e-01
3.719889263014807268e-01
3.722914245387541343e-01
3.729183094983865021e-01
3.734172473310151674e-01
3.740419005910819439e-01
3.741394127561974980e-01
3.747016640589694858e-01
3.752177538147795643e-01
3.753840079770203175e-01
3.764368702901147445e-01
3.764008795394626627e-01
3.770587402855974934e-01
3.772032288035561121e-01
3.775005554929936058e-01
3.781922721975788937e-01
3.787209206629933989e-01
3.795157593333156609e-01
3.797393749088489034e-01
3.800605544654981349e-01
3.802707124508680758e-01
3.809090679068833918e-01
3.817096242012076868e-01
3.816410420626853428e-01
3.825437662311322873e-01
3.827226072747166863e-01
3.833216050221815996e-01
3.837508138257872958e-01
3.843414185846152353e-01
3.846801742661780099e-01
3.854273972055039521e-01
3.853626249880033883e-01
3.863287590865953636e-01
3.865087182433466495e-01
3.871246661055405824e-01
3.878477719571774562e-01
3.879222335566643864e-01
3.886872777389052680e-01
3.889448391866278665e-01
3.894579918166274357e-01
3.899411990642959736e-01
3.905549865307362811e-01
3.908722420381045559e-01
3.917177461322592924e-01
3.919458855775546646e-01
3.924785465457658606e-01
3.929173665962742978e-01
3.933881961519926085e-01
3.940540625199909774e-01
3.945667463258034635e-01
3.946692144311702566e-01
3.955588781409379862e-01
3.955655833583698877e-01
3.965472616772776071e-01
3.968641995651083776e-01
3.973326020837845141e-01
3.979119677620754358e-01
3.984319589963266073e-01
3.991971861090385931e-01
3.994621260649662275e-01
3.999656947933430962e-01
4.007219037957017171e-01
4.011948728886010063e-01
4.013876708883755140e-01
4.021881152973043605e-01
4.027329912455517302e-01
4.031714413917871775e-01
4.039092374025406440e-01
4.039422011657552436e-01
4.043282024700337041e-01
4.047844719186458051e-01
4.057766448210919918e-01
4.062822121381135521e-01
4.068126532013530139e-01
4.074719595033748365e-01
4.076708099765732896e-01
4.086803961826557807e-01
4.087699062530582017e-01
4.095514524741150630e-01
4.100217444806779077e-01
4.103677111746899531e-01
4.109003673822401725e-01
4.115101564824255043e-01
4.124639513045980088e-01
4.126869261877496586e-01
4.134727536647474500e-01
4.135993210778616258e-01
4.143014485085550480e-01
4.147573051241362219e-01
4.152265975273373155e-01
4.158237802895808355e-01
4.165454007627034105e-01
4.170503220019797785e-01
4.177274569565863627e-01
4.186548128711307659e-01
4.191297485531871314e-01
4.193338842791581311e-01
4.196630611521310894e-01
4.202932151216195455e-01
4.207252419126727983e-01
4.217368661165843413e-01
4.220804040153410819e-01
4.225678748667258677e-01
4.233603742205910847e-01
4.239404912459013297e-01
4.247183493025557532e-01
4.248188549952811588e-01
4.256926720862984626e-01
4.256927703624243109e-01
4.265540928280546762e-01
4.270948968194804851e-01
4.280817663576147458e-01
4.279206785180125205e-01
4.290484934063937827e-01
4.297533637804987205e-01
4.296479062431766693e-01
4.307761040963969390e-01
4.309360280631922557e-01
4.313056622888131186e-01
4.323247093409645636e-01
4.331790521636195157e-01
4.332579595617621626e-01
4.342246836352087747e-01
4.342481757397315678e-01
4.348162475850286257e-01
4.359553923735997039e-01
4.360641719293848473e-01
4.369453463916754266e-01
4.372525011313191934e-01
4.377294401732915730e-01
4.390862424214014292e-01
4.394071137622450607e-01
4.395227713113606938e-01
4.399370982302404087e-01
4.407581555870543344e-01
4.410823977727666434e-01
4.419794784461389958e-01
4.423521524227179702e-01
4.429441868803793425e-01
4.432388723931955932e-01
4.441931855386892503e-01
4.443041920385912835e-01
4.448683934948457486e-01
4.458876291999741559e-01
4.465311322466261612e-01
4.468130825424488917e-01
4.472970009631259680e-01
4.480800868353279065e-01
4.484666803427832527e-01
4.491718035047154167e-01
4.499344209082524748e-01
4.500662818179960722e-01
4.507174650667057914e-01
4.511338830021361379e-01
4.517578904527351780e-01
4.524157590356985836e-01
4.528934463231210072e-01
4.536341977717899820e-01
4.541669568836368964e-01
4.543170296159610433e-01
4.550225075606234015e-01
4.554347711870525561e-01
4.561973867172809394e-01
4.564344842461556251e-01
4.566553867218368090e-01
4.577331285688199247e-01
4.580339937230741842e-01
4.586746424589903115e-01
4.589259648444918849e-01
4.597506865515066932e-01
4.600743032324385307e-01
4.610535029338964086e-01
4.611809370548513587e-01
4.616245508312373791e-01
4.619202382532992535e-01
4.626587998707188953e-01
4.629926652735275594e-01
4.638963992959821980e-01
4.642579896554643315e-01
4.647367472564457036e-01
4.651246849985847809e-01
4.655603315976001855e-01
4.661068497999524829e-01
4.667211587176178789e-01
4.674354937060513637e-01
4.676195805141246109e-01
4.682309504447167980e-01
4.687541460551343242e-01
4.689962298822212272e-01
4.693703035281808211e-01
4.696902267026388245e-01
4.704540268962671967e-01
4.709886021911827148e-01
4.714412145078882843e-01
4.715192151339016591e-01
4.723671069734481920e-01
4.725624303417619299e-01
4.730371454699942024e-01
4.733999286736221834e-01
4.739706997987483406e-01
4.744809142167366600e-01
4.747776319128378386e-01
4.755208575527278270e-01
4.756013546275623671e-01
4.761907305369645904e-01
4.766496219076267193e-01
4.768554785215359249e-01
4.772891795064378995e-01
4.777376686008804052e-01
4.785026133484164834e-01
4.785828287413974036e-01
4.788227358508339582e-01
4.796504672683268855e-01
4.800866224864567267e-01
4.799458109324519217e-01
4.808005677578946480e-01
4.809147286725866111e-01
4.815071641519901302e-01
4.817772702876139679e-01
4.817588694438867392e-01
4.823468635372272773e-01
4.827506395371736203e-01
4.833149056301318525e-01
4.834742604447360703e-01
4.835561467567365823e-01
4.841384024525357543e-01
4.844642298135972691e-01
4.846477586408869387e-01
4.849231153962565433e-01
4.854489325182989590e-01
4.856317427013960297e-01
4.860493871794791532e-01
4.862769831840342283e-01
4.867357164020028604e-01
4.873947079462581655e-01
4.874488889278141279e-01
4.879641092710204631e-01
4.878621765392267551e-01
4.882123599870717978e-01
4.885922856979352247e-01
4.890238177818575505e-01
4.891764812846760568e-01
4.893334198468581864e-01
4.897307622286455331e-01
4.899453851845922414e-01
4.899110631157400642e-01
4.909244869114469112e-01
4.906672436538289661e-01
4.912095536760345826e-01
4.913667435829764951e-01
4.912634699198091814e-01
4.920519264916966562e-01
4.917706416472700237e-01
4.921203122199260815e-01
4.920743018908891875e-01
4.926061527611210744e-01
4.927052844408780774e-01
4.930850991754484602e-01
4.932019828051713017e-01
4.937728034162447432e-01
4.934013493823855567e-01
4.938107224053722710e-01
4.930771325329313948e-01
