1.532967600341251548e-02
1.478722713088384891e-02
1.438059765445258084e-02
1.414555301883972487e-02
1.385927641557728116e-02
1.364329967467524211e-02
1.317808885196675682e-02
1.280937908702644949e-02
1.276104901921866139e-02
1.247462049883769040e-02
1.234027722294457619e-02
1.083357880708374181e-02
1.129583503688079936e-02
1.412680038345667972e-02
1.555051161600948945e-02
1.920420795019429222e-02
2.258537269175720300e-02
2.076431044876246579e-02
1.965962984419918069e-02
2.009838475168818778e-02
2.019967700022061441e-02
2.098324820469459756e-02
2.496205104137133937e-02
2.972496570527278018e-02
2.910744253501137968e-02
3.448533246119962759e-02
4.094952478412862418e-02
4.200168534287012506e-02
4.623373134977160070e-02
4.508524352789522460e-02
4.550316097294688361e-02
4.577818956450653565e-02
4.897809984315476539e-02
5.050491437866357763e-02
5.784411532754376445e-02
6.345007002709629473e-02
6.863311495566881693e-02
7.313364636035701860e-02
7.469216991313588905e-02
7.501095637715582409e-02
7.806540199590346341e-02
7.974987130300187355e-02
8.211868091170067274e-02
8.496600455196684498e-02
8.820202974681567998e-02
9.347103214096633139e-02
9.766076011044003136e-02
1.013442350213013821e-01
1.044844612582758597e-01
1.092736375374825236e-01
1.111930180789890282e-01
1.129247256886634077e-01
1.168971298883471621e-01
1.174991843412537679e-01
1.212756187335835983e-01
1.267464880822045947e-01
1.313447996894672731e-01
1.352710643630437304e-01
1.386371044050387913e-01
1.407908843330044069e-01
1.442603960843357458e-01
1.467825216668592336e-01
1.517862331108109919e-01
1.531991102676157346e-01
1.571814441829730569e-01
1.607110913781185368e-01
1.627546371238831613e-01
1.665029737328747872e-01
1.696944415257949923e-01
1.723427018130007649e-01
1.746203068056830787e-01
1.801841107032688127e-01
1.833718362240357447e-01
1.840561519666646384e-01
1.899226194967150727e-01
1.921208538042784020e-01
1.952356473599447251e-01
1.975787053703007001e-01
2.007793420385297622e-01
2.031063630429885414e-01
2.068521233218859612e-01
2.097353660628706318e-01
2.127352458737988838e-01
2.165035587446577370e-01
2.200546474499073812e-01
2.237400830608280433e-01
2.265433074688577575e-01
2.291664521981710279e-01
2.319342381111695051e-01
2.345396124036015773e-01
2.379383108915673339e-01
2.413677215863102576e-01
2.440128777700411034e-01
2.467691308819731089e-01
2.493877267260947439e-01
2.515883643870699404e-01
2.542121864119815666e-01
2.574432848097498727e-01
2.598786863623803178e-01
2.636490200539740036e-01
2.682740975980079101e-01
2.697229953423734838e-01
2.729562310600161523e-01
2.751236747447420306e-01
2.781195677178716075e-01
2.792789293003149487e-01
2.825853855750529164e-01
2.860634867867952180e-01
2.894893325101253190e-01
2.919673371183864052e-01
2.933689650312097941e-01
2.959391698779979540e-01
2.985960274565144235e-01
3.016665369770915595e-01
3.035203623421878771e-01
3.062662090760280842e-01
3.100867500353018946e-01
3.119507092726667152e-01
3.143114994996205613e-01
3.167006237004025837e-01
3.188842850451416577e-01
3.217387384409829409e-01
3.257634563136831418e-01
3.274450077233088674e-01
3.290923691444938015e-01
3.317636247638525160e-01
3.340097915894894021e-01
3.364996120334044494e-01
3.395648143718980050e-01
3.413648864539592931e-01
3.443870468632815318e-01
3.463231780353497324e-01
3.478802826374554069e-01
3.507934993007132962e-01
3.527836805948147414e-01
3.559440161375126421e-01
3.577042104806026357e-01
3.597929453544519984e-01
3.622144633481716447e-01
3.644700795839431740e-01
3.664918312687497348e-01
3.688911753705713115e-01
3.709924617862313534e-01
3.738530293073130673e-01
3.754269487669838479e-01
3.775305172949320331e-01
3.797550709617288356e-01
3.815863652256129557e-01
3.834818954642477129e-01
3.859861031068549386e-01
3.881773569606772889e-01
3.898857179619299451e-01
3.926868545307132807e-01
3.942501701938213032e-01
3.963387087691727095e-01
3.982160506488234830e-01
4.003497889722508196e-01
4.022969911292476053e-01
4.044736068738772339e-01
4.066601923440801847e-01
4.084236304881219137e-01
4.108340726890295502e-01
4.124049548179632430e-01
4.137990691699530155e-01
4.155915576980646620e-01
4.171625600477117946e-01
4.200205745031703186e-01
4.220134852498293454e-01
4.241121261551971111e-01
4.257414211152071304e-01
4.273072447684653774e-01
4.284860586093081625e-01
4.314080329918003054e-01
4.329352827939381143e-01
4.346533186488868994e-01
4.364882816065807636e-01
4.380120503640916318e-01
4.401642250390566113e-01
4.420972806912143449e-01
4.440322475234970701e-01
4.454910701451635924e-01
4.469597217107640352e-01
4.488772268399480181e-01
4.507811372765548885e-01
4.522445166759220814e-01
4.540667467334990604e-01
4.552710487917027149e-01
4.573070244266542739e-01
4.592328556269281159e-01
4.606278249595706087e-01
4.622226703776927681e-01
4.643092797376784375e-01
4.656966067012044963e-01
4.677686096262249071e-01
4.691849001032524780e-01
4.703348596774484247e-01
4.724286807367902852e-01
4.735587065125856365e-01
4.750874010730891661e-01
4.762729290261940029e-01
4.781636409681097044e-01
4.800206487985748671e-01
4.810120544338144510e-01
4.827224498630829919e-01
4.840546216386352740e-01
4.861909520254711348e-01
4.876048738831963991e-01
4.895628827030426566e-01
4.907328953565802676e-01
4.922954176709808394e-01
4.932290739591463913e-01
4.949868254604012918e-01
4.964208629301484210e-01
4.978977137550366638e-01
4.992278397176291294e-01
5.006014545928405557e-01
5.021319881172090493e-01
5.037703855084612048e-01
5.050462634555237251e-01
5.062414105056686209e-01
5.067214330487496143e-01
5.087366959275687606e-01
5.107470480821134640e-01
5.112686487924021916e-01
5.129929277584357461e-01
5.142778030630882347e-01
5.151331056254419005e-01
5.166733239544911704e-01
5.183405638088287581e-01
5.194969884228537449e-01
5.209634117101145101e-01
5.220839388419684646e-01
5.237056151064968246e-01
5.247347212449402498e-01
5.261301890908126611e-01
5.271638982572469656e-01
5.278721927407500347e-01
5.297192392712545272e-01
5.311539976168218047e-01
5.323462439693539272e-01
5.332689813241815457e-01
5.346003555216448655e-01
5.361843516507547314e-01
5.376089313883296583e-01
5.383190888930883267e-01
5.396580006246917138e-01
5.410965807750978129e-01
5.418549465720764458e-01
5.436926453598435183e-01
5.443501094780716087e-01
5.455310775469733864e-01
5.472632436194136973e-01
5.484040796849384281e-01
5.491030157764505981e-01
5.507054128178906494e-01
5.517365986070141837e-01
5.526257224812517466e-01
5.537925064765960581e-01
5.546161705802798991e-01
5.563711263954651542e-01
5.573683988092694719e-01
5.584884797256737254e-01
5.595880340784331608e-01
5.606198919926559388e-01
5.617720430803694320e-01
5.626629871491498625e-01
5.639587162099084505e-01
5.648438311537460343e-01
5.661925105932358315e-01
5.673375401365364779e-01
5.680879616172753721e-01
5.696736653475352741e-01
5.699178968302186510e-01
5.715288139864589390e-01
5.726466401869420020e-01
5.736148810350010230e-01
5.748808103185285567e-01
5.756330112176053504e-01
5.767605593819677967e-01
5.774385185829680189e-01
5.784328740914512768e-01
5.793106092473336854e-01
5.804923507372862224e-01
5.814415987293977128e-01
5.825040346790290036e-01
5.834359922924603481e-01
5.848642309254173943e-01
5.853021017344723909e-01
5.862362418231799044e-01
5.871526393976814751e-01
5.879999587928071980e-01
5.889585103866952220e-01
5.900081622720544372e-01
5.911185490543907628e-01
5.919883638334034748e-01
5.927629239311845710e-01
5.937250528738740041e-01
5.946432888111393700e-01
5.955952388566850830e-01
5.963164071883015893e-01
5.978820434738132406e-01
5.981151983887993406e-01
5.991381640241059126e-01
6.004183338750460619e-01
6.014631010771506192e-01
6.025326060553128915e-01
6.031340569480452274e-01
6.038397573274355556e-01
6.048903262813059012e-01
6.057086174623330654e-01
6.064640749060736802e-01
6.072485530124615005e-01
6.083057350393145102e-01
6.087071077266081875e-01
6.097592992645375354e-01
6.106180638263994931e-01
6.115104636449848474e-01
6.122431680054412073e-01
6.129513217107257494e-01
6.137449298861112901e-01
6.148884715239477661e-01
6.159108381145681488e-01
6.166789125048803832e-01
6.174027870164942033e-01
6.180430215325823928e-01
6.191874554965238753e-01
6.197501902105214677e-01
6.207321356005321977e-01
6.214896405463428142e-01
6.220470918451946885e-01
6.230407710487100292e-01
6.237226260463473171e-01
6.246043277437748342e-01
6.255463545438572082e-01
6.262681105533279835e-01
6.268590475024190534e-01
6.278847102624394161e-01
6.284398023190436167e-01
6.292808314088211841e-01
6.301046274482742238e-01
6.307956379643817613e-01
6.316774292134847979e-01
6.320975803879177457e-01
6.328839078111720973e-01
6.336825150952731800e-01
6.346034667172016919e-01
6.354561174207341567e-01
6.360036926470354901e-01
6.369352905540524024e-01
6.376451443236205163e-01
6.382494930390708587e-01
6.388628740331288025e-01
6.398094259183522148e-01
6.402814613613060368e-01
6.410907823132919736e-01
6.422689727280069816e-01
6.427721876681204982e-01
6.431700506968350828e-01
6.441941272453910461e-01
6.445137820231606751e-01
6.455260987410895712e-01
6.460835078767011019e-01
6.468450592067543914e-01
6.473886683129638220e-01
6.479985844817717222e-01
6.487542984944343338e-01
6.493072439877660695e-01
6.504033673997325904e-01
6.507077705513979460e-01
6.513847779429653428e-01
6.522026767995410257e-01
6.531281705666064363e-01
6.530861904918247030e-01
6.542570313909112922e-01
6.549777898206243787e-01
6.553906350228273503e-01
6.560497448398052711e-01
6.567829725506605376e-01
6.571306760731965291e-01
6.578870051661699359e-01
6.588640835336814217e-01
6.594609327496128159e-01
6.599212952024210432e-01
6.603230558392296778e-01
6.615028649816722117e-01
6.622853616492326845e-01
6.627813491015571712e-01
6.631660133137067259e-01
6.639208632869035842e-01
6.648805718878605386e-01
6.650439184238028378e-01
6.657335593068145485e-01
6.666425198257499574e-01
6.667822646264778275e-01
6.674225264502057220e-01
6.683132559931641570e-01
6.689095438191086096e-01
6.688892494110182385e-01
6.699467801117150456e-01
6.709380331550179877e-01
6.712947334748584627e-01
6.715298726196692325e-01
6.723881875259237750e-01
6.729098451761577060e-01
6.734848934319527247e-01
6.740167184486881569e-01
6.745857068780245491e-01
6.747867111703024223e-01
6.757044315566075321e-01
6.764394125447199535e-01
6.771298196174211359e-01
6.775689992885266522e-01
6.777262420183036706e-01
6.787187260128778599e-01
6.792174045568559748e-01
6.799044479253327777e-01
6.806410461734625494e-01
6.810402321912255585e-01
6.817270884177523138e-01
6.821186219130157546e-01
6.828831724597739239e-01
6.833429973195391804e-01
6.836612619986746076e-01
6.844137241723197151e-01
6.846702901688934695e-01
6.854090063164842705e-01
6.855806568747844221e-01
6.863962334341203730e-01
6.869539813812687301e-01
6.874780001033203858e-01
6.880073503363201004e-01
6.886737658919447336e-01
6.890700568060155184e-01
6.893091064852333583e-01
6.900312165572510814e-01
6.908769065855292490e-01
6.912222827865035502e-01
6.914770368656881772e-01
6.918962226437078700e-01
6.926427472112089978e-01
6.933312455076696690e-01
6.937898451732940064e-01
6.941521684246686474e-01
6.949191672951912091e-01
6.953029936032929514e-01
6.955600196032761806e-01
6.963684023579814752e-01
6.966519995469766524e-01
6.972528865483286209e-01
6.979317527368319451e-01
6.984401088156870774e-01
6.986703235119890998e-01
6.994113261873617926e-01
6.998483879744261671e-01
7.005420334941656613e-01
7.010290251654421878e-01
7.011938853195310850e-01
7.019669438851099397e-01
7.024183956085873204e-01
7.025375920264478324e-01
7.033728530645637633e-01
7.036996156039898587e-01
7.045366631149109216e-01
7.047413896424178370e-01
7.051973499212129681e-01
7.057425613580978752e-01
7.064170059843476457e-01
7.065895698316778661e-01
7.074750498585582470e-01
7.074757473874487834e-01
7.079151395699195826e-01
7.087901410019255000e-01
7.086908794152961821e-01
7.091410018833431694e-01
7.098109133243888369e-01
7.104089554639786419e-01
7.108222462411875053e-01
7.112821057371446765e-01
7.118155641466118455e-01
7.120770483151176444e-01
7.125753764455718953e-01
7.131441432977579931e-01
7.131595008674189717e-01
7.138196895292557853e-01
7.141425026421910349e-01
7.147361534370654246e-01
7.150036094644910412e-01
7.159245509692716558e-01
7.162267426248881685e-01
7.165045942993440997e-01
7.171284926264617221e-01
7.173820041560213800e-01
7.181380633256511103e-01
7.184531946920025280e-01
7.187330011362743631e-01
7.194871802456170862e-01
7.194997123764997893e-01
7.202842275654032234e-01
7.206272522241515821e-01
7.209887058246809977e-01
7.211404998626085305e-01
7.219911068437396828e-01
7.223845373628479116e-01
7.224233237082731129e-01
7.231220014035182331e-01
7.235706280743636754e-01
7.240664494097550641e-01
7.244264370317395896e-01
7.246902093606056861e-01
7.252078919829517689e-01
7.256307321192830839e-01
7.260220228155138678e-01
7.261495373168461720e-01
7.267070138862404827e-01
7.274923929923485799e-01
7.277674227649790772e-01
7.284554562544967027e-01
7.288904588866614853e-01
7.290099498955493473e-01
7.296073953038383353e-01
7.297750445544446407e-01
7.302877619712038193e-01
7.307752860794113348e-01
7.311785759309316068e-01
7.312540687920600080e-01
7.316025515777413446e-01
7.321478812814109505e-01
7.323172899231319422e-01
7.330194081906422632e-01
7.334776599806912545e-01
7.337105834581849617e-01
7.342066026656779432e-01
7.346216695705374278e-01
7.351717246416697993e-01
7.357018739024202558e-01
7.357962492829464018e-01
7.362982414198264713e-01
7.365977482465062565e-01
7.370949380171851750e-01
7.374924346993049218e-01
7.379427258716743099e-01
7.381482314564518088e-01
7.383928559297424643e-01
7.389207423199083413e-01
7.391355143533537841e-01
7.398630999778160744e-01
7.400285940121669181e-01
7.405491546414326720e-01
7.407951187418631012e-01
7.410680516026501019e-01
7.417609665452604695e-01
7.421983294850376112e-01
7.425249390495574087e-01
7.427692495463321665e-01
7.430171450782306897e-01
7.434186599799389450e-01
7.435907144758396869e-01
7.438994041105204680e-01
7.448162205830771709e-01
7.447755326425364863e-01
7.451659146527965794e-01
7.457127269806949066e-01
7.457596862502038348e-01
7.463011784351740729e-01
7.469445660553997168e-01
7.471321830874246839e-01
7.476058979031543483e-01
7.478147018548894076e-01
7.481867911794285453e-01
7.485832825204460361e-01
7.487439905535918649e-01
7.492869111354342193e-01
7.497286623857931653e-01
7.500288485539851058e-01
7.503816573301539394e-01
7.508208490479687525e-01
7.509625390245677767e-01
7.514793022470841466e-01
7.516991345090542342e-01
7.522791499133399951e-01
7.523830593765964414e-01
7.528784710710552108e-01
7.533556494545402549e-01
7.534881644404649581e-01
7.538637064129037890e-01
7.543235025516271675e-01
7.545357860946956263e-01
7.549397087868656708e-01
7.556901739494147341e-01
7.554368349237882141e-01
7.559277579002199321e-01
7.560905105422806027e-01
7.568308137806858404e-01
7.570849206241945240e-01
7.572979935705358434e-01
7.574785240554612331e-01
7.579642217273206972e-01
7.582651902656998288e-01
7.583668015521870531e-01
7.589594747932959518e-01
7.594654461869205786e-01
7.595793251388662792e-01
7.600945622144912317e-01
7.600537189892695444e-01
7.605631812351171250e-01
7.608916110999414117e-01
7.610808595262311682e-01
7.615401341681758973e-01
7.618646256225303226e-01
7.621102274411686306e-01
7.625840742159192276e-01
7.628793184759564694e-01
7.631662647555366163e-01
7.634611092539914656e-01
7.637696316853040956e-01
7.639936649968593896e-01
7.645421109188973441e-01
7.648072071691609519e-01
7.650309711350915531e-01
7.652015822383287924e-01
7.655840008283876230e-01
7.659440159558080774e-01
7.664517030835803491e-01
7.665761945446877279e-01
7.671757209853314885e-01
7.672497708452185039e-01
7.676513779453189024e-01
7.680231957062499948e-01
7.680414041208859510e-01
7.684675488443788449e-01
7.688662626821227697e-01
7.693177424321193669e-01
7.694120587721531290e-01
7.696700599192836112e-01
7.699520860614157414e-01
7.704729957253246830e-01
7.707235028818374412e-01
7.707283830887936560e-01
7.713800767397109848e-01
7.714369908595357650e-01
7.720122453804399987e-01
7.718908907213425374e-01
7.725590581535602963e-01
7.727937503581643330e-01
7.730533544619710984e-01
7.732953448498076643e-01
7.736016093365630786e-01
7.740807745417910279e-01
7.742563698583728726e-01
7.744120847859135015e-01
7.748498868259495742e-01
7.751509808228983500e-01
7.754932188889820388e-01
7.758912586406239154e-01
7.761154293213832212e-01
7.764025652989435811e-01
7.764904501406020287e-01
7.770168304600292286e-01
7.770856459328229215e-01
7.775311541378794322e-01
7.778982749411644804e-01
7.781434892654062185e-01
7.785016183392954314e-01
7.784718863823688606e-01
7.789958405736531200e-01
7.795153189771053537e-01
7.796321427722032738e-01
7.799059446497017545e-01
7.801258929553483989e-01
7.804914814490150343e-01
7.805313323325060448e-01
7.810648971196979540e-01
7.814579035817756925e-01
7.814521072784192945e-01
7.818417936873039986e-01
7.821295177350345851e-01
7.823547430370261235e-01
7.827345184315183113e-01
7.828075197779795769e-01
7.832655330250298809e-01
7.835413940378660458e-01
7.838513528721806622e-01
7.836775568265790248e-01
7.842864596602132643e-01
7.846509882883008213e-01
7.847644682483095879e-01
7.848501819564716042e-01
7.855996795615739492e-01
7.857850248611587540e-01
7.859909273351901593e-01
7.862913752720075422e-01
7.864166007173021278e-01
7.867727555331996969e-01
7.872007551747403076e-01
7.873492589964848909e-01
7.877023794071404961e-01
7.877573751836308702e-01
7.880326246805126056e-01
7.883634551569675963e-01
7.884951713531057615e-01
7.891008101358765181e-01
7.890060496292506942e-01
7.895612065348922570e-01
7.898395799074084955e-01
7.901038473018239250e-01
7.903803048859613378e-01
7.906275129526837420e-01
7.908866831584248080e-01
7.909097063679777495e-01
7.912786899174377719e-01
7.915737044256556665e-01
7.918076146778719737e-01
7.921737851518905194e-01
7.926377728739474327e-01
7.925111619853737466e-01
7.930288360566042360e-01
7.934622291342883216e-01
7.934757643057559484e-01
7.936153509955187202e-01
7.939272891501780727e-01
7.943321085761633205e-01
7.944789059580144031e-01
7.947945485090014417e-01
7.951435709214418335e-01
7.954035590318142557e-01
7.954746938557839542e-01
7.958221582123714555e-01
7.960169684649101018e-01
7.961458103421763521e-01
7.965951512478045560e-01
7.967430117130059886e-01
7.970115155234096527e-01
7.972909086638043652e-01
7.974018765690386035e-01
7.979755107916228773e-01
7.981807675252977630e-01
7.982928894161175348e-01
7.985242278999784560e-01
7.985536172910309149e-01
7.989659161524624853e-01
7.990186887686233641e-01
7.993527952105499157e-01
7.997391801576335668e-01
8.000578594236293917e-01
8.002825964700704953e-01
8.005111012335571763e-01
8.006909954428668152e-01
8.011969637840121727e-01
8.011808112395401027e-01
8.014678525130414233e-01
8.017713332980305196e-01
8.018317650821055187e-01
8.021378283736478876e-01
8.024398508997695467e-01
8.026569945321381239e-01
8.028486429368361099e-01
8.033027542171421453e-01
8.034073305877074134e-01
8.035591657300277246e-01
8.038276342913601713e-01
8.041265981666453344e-01
8.043986017277228173e-01
8.045503619135122575e-01
8.048530658907538937e-01
8.052384784608008772e-01
8.051547514854234810e-01
8.054090506362220347e-01
8.056537734338417023e-01
8.061187894148561517e-01
8.062197282519992791e-01
8.065774362463639102e-01
8.064201762700750065e-01
8.070065688629627365e-01
8.072286651355744524e-01
8.075338553086901516e-01
8.077431722398082936e-01
8.077463106481720390e-01
8.080549521121658252e-01
8.084643600500117655e-01
8.084815235867414129e-01
8.086847203112654814e-01
8.091087529828457914e-01
8.092073257765005634e-01
8.094837157377015036e-01
8.095194076500062952e-01
8.099072170679058047e-01
8.102046149941631858e-01
8.104835998690953502e-01
8.105181346238319318e-01
8.109266139573076959e-01
8.108669463452820025e-01
8.110631889015569307e-01
8.114883754809935068e-01
8.120791594496068466e-01
8.120608362395909108e-01
8.121525658466688391e-01
8.122497997337732034e-01
8.125123345402590624e-01
8.128214655696942570e-01
8.130203720714643811e-01
8.132000371752725609e-01
8.132781726001643285e-01
8.137926541047046936e-01
8.138771076070631105e-01
8.142080088700818230e-01
8.142909335154473460e-01
8.143354858383176076e-01
8.147196250960605513e-01
8.150745681864596248e-01
8.149993865669687976e-01
8.153098865045659283e-01
8.157232296952681150e-01
8.160323330639784878e-01
8.159501378773306168e-01
8.165301664846772445e-01
8.165188442417838921e-01
8.167737169754353266e-01
8.167973864882378532e-01
8.172046201275362520e-01
8.174117464176425818e-01
8.176142737550765593e-01
8.176500149414455132e-01
8.181279135666418290e-01
8.181943437215533077e-01
8.184236998343442648e-01
8.186210530546920161e-01
8.188177036029830047e-01
8.192126146991249858e-01
8.193796862165253492e-01
8.194471781408890765e-01
8.196800043522770585e-01
8.198300681788743827e-01
8.200607365889883704e-01
8.204750634504489604e-01
8.205507592760082902e-01
8.208230234035462924e-01
8.207885386064680544e-01
8.211267930639697399e-01
8.213859143621284886e-01
8.218158885379744927e-01
8.220372841388428053e-01
8.221071668772519381e-01
8.222932120165402647e-01
8.223690282934138507e-01
8.227935906159029589e-01
8.228988076830403564e-01
8.231347886906168476e-01
8.232165981567777235e-01
8.235832860546662415e-01
8.236537634337401936e-01
8.240630774234664058e-01
8.239023022547867781e-01
8.242641022623788949e-01
8.244097290442443660e-01
8.246050579698692706e-01
8.249953293934209064e-01
8.253018414668137348e-01
8.255366766812699542e-01
8.256056741330026760e-01
8.259301317189559066e-01
8.258909409268002655e-01
8.260995378812628909e-01
8.262990045962586017e-01
8.265963394989053192e-01
8.267975053914805583e-01
8.269950240752708126e-01
8.272917202022630478e-01
8.273841778039495720e-01
8.275931402827457761e-01
8.274926291479089979e-01
8.278551440053185662e-01
8.279517879602816821e-01
8.282902425461725615e-01
8.286286280128249970e-01
8.286193079572524711e-01
8.289491391323189351e-01
8.292477452084108247e-01
8.293645967355958160e-01
8.294732430290749914e-01
8.297318887764904005e-01
8.299133589507793340e-01
8.302193563516486741e-01
8.302812690233640769e-01
8.305260733093033920e-01
8.306465642714051523e-01
8.309960133683538253e-01
8.311328683272559692e-01
8.313171610333663919e-01
8.313339873790307477e-01
8.317054460764601309e-01
8.320065221168155833e-01
8.318717761428243707e-01
8.323146935599912144e-01
8.325195507981218990e-01
8.327219394996774327e-01
8.327489095535635100e-01
8.330363969096814536e-01
8.331838971823307682e-01
8.334504573241151570e-01
8.337416934356930431e-01
8.336717211499261593e-01
8.339119260640039943e-01
8.340594954986876308e-01
8.343921621985876946e-01
8.344806185897529760e-01
8.347991829274273856e-01
8.349499200781447250e-01
8.351961554687877820e-01
8.352690284131379928e-01
8.355656111024161170e-01
8.356726214824429233e-01
8.360439776628956210e-01
8.358316296702618109e-01
8.362827306936456706e-01
8.366640441607082757e-01
8.366068513439511856e-01
8.367634721988999047e-01
8.370429636106977433e-01
8.370604442124556233e-01
8.374393143754356172e-01
8.375516146933752459e-01
8.378002738246671521e-01
8.379765818005054934e-01
8.380659839369919428e-01
8.382481940215070759e-01
8.384187914069540781e-01
8.389313579355648365e-01
8.388576204940545455e-01
8.389083762418156898e-01
8.389752792137222803e-01
8.395685510505912497e-01
8.399043707487379162e-01
8.397518741952211263e-01
8.398100779758421730e-01
8.399868488226662766e-01
8.403268961411056726e-01
8.405392267589948396e-01
8.408494147167708821e-01
8.409968690815179393e-01
8.409294096146018305e-01
8.412843289781600786e-01
8.415588220590400903e-01
8.416580905116737288e-01
8.419624054987552286e-01
8.420364015082629772e-01
8.421191570574250163e-01
8.423359041084225174e-01
8.423057517475193157e-01
8.427676183630197215e-01
8.428063052238294883e-01
8.429818723313878825e-01
8.433107532719219535e-01
8.433914650341819419e-01
8.437110188589427295e-01
8.437726319498708438e-01
8.439159788617958124e-01
8.441414466531074190e-01
8.445412400912352124e-01
8.444237882561487218e-01
8.447840749966210039e-01
8.447788931427617776e-01
8.451213556002038496e-01
8.452837284585651423e-01
8.451838471882078263e-01
8.456777850963894672e-01
8.456839691119720781e-01
8.458829937112680719e-01
8.460336358012771063e-01
8.462031473558484507e-01
8.465247278578995616e-01
8.464289893442065171e-01
8.466844484779137980e-01
8.469088975745134862e-01
8.470039404483291623e-01
8.473110385428914704e-01
8.473862898472362959e-01
8.474230759974225036e-01
8.477820284701791387e-01
8.479517856470789594e-01
8.483104858889732869e-01
8.484612064353648231e-01
8.484636255249004000e-01
8.487351085206976675e-01
8.487104565169767412e-01
8.488625220291002860e-01
8.492388275502584793e-01
8.493158795289582619e-01
8.496513267034285777e-01
8.497566140716663607e-01
8.497290730194714259e-01
8.501782186066867419e-01
8.501353362689085813e-01
8.504434384618252407e-01
8.504651366463161777e-01
8.507485553440428117e-01
8.507493542939467135e-01
8.511624184914782232e-01
8.513346963886556651e-01
8.514608964649926781e-01
8.515874734166233306e-01
8.516054742785564846e-01
8.519210289127294722e-01
8.519351965747680167e-01
8.522698002919534277e-01
8.525692661602028988e-01
8.523990136944543661e-01
8.527833511620548368e-01
8.528508015409657084e-01
8.530401740656864407e-01
8.531559794359907523e-01
8.532941562403578706e-01
8.535410745056151161e-01
8.535802755906141126e-01
8.538006695816495739e-01
8.542602923625488565e-01
8.544009504792364762e-01
8.544468440117491959e-01
8.545545671535595966e-01
8.548423629175740945e-01
8.549160309548509140e-01
8.550729312196131415e-01
8.549912108084619655e-01
8.555279361499625868e-01
8.555866844073197752e-01
