1.671821219057962292e-03
1.598545886706200479e-03
1.545971076350330939e-03
1.977809867916680876e-03
2.524447500297836555e-03
2.735873309155688674e-03
2.834251542040626230e-03
2.826204814980522433e-03
2.639605459192300232e-03
2.498439246362620710e-03
2.338069680479341623e-03
2.072270493103907287e-03
2.262637307654327863e-03
2.934464109154653975e-03
3.368457516726053921e-03
4.200984294878601193e-03
4.932982847292640381e-03
4.439544864066838174e-03
4.122691228625533812e-03
4.175084529367220978e-03
4.077704038072488442e-03
4.401764614245591740e-03
5.209588071840581466e-03
6.647592200126863776e-03
6.344188363507630851e-03
7.650795878233704675e-03
9.393824611117129394e-03
9.203993584923969226e-03
1.035976736567464397e-02
1.028886435210145042e-02
1.019394136439815725e-02
9.617719787086824804e-03
1.048314492809777898e-02
1.136436939084648455e-02
1.389951893955997629e-02
1.512479927279069061e-02
1.610743268765350497e-02
1.766891169074963006e-02
1.831575714790585618e-02
1.791986933103629012e-02
1.896632490568328153e-02
1.924841313327721112e-02
1.962149798380364088e-02
2.017906078427376265e-02
2.078561863233837834e-02
2.239713944902550075e-02
2.358439857493620576e-02
2.491416054433400959e-02
2.637561867032951757e-02
2.737545579294483472e-02
2.761630583392866295e-02
2.888623564035798508e-02
3.023372582072308620e-02
3.033101487740241797e-02
3.071095840162055973e-02
3.220095348555458703e-02
3.402644290283168838e-02
3.645163427526647293e-02
3.694090334758180078e-02
3.628425719734235111e-02
3.799916804231767697e-02
3.839375575956382319e-02
3.975976790843128994e-02
4.113561155574210759e-02
4.151764274449992742e-02
4.223960676971432598e-02
4.493193682520039978e-02
4.467767255275182509e-02
4.635125752501721014e-02
4.687541421785865192e-02
4.860613014806464127e-02
5.076179633708740452e-02
5.088500419627805388e-02
5.166449770027214256e-02
5.362772042926880478e-02
5.400625157316632508e-02
5.557913284075456650e-02
5.626303253104850133e-02
5.706172801777520398e-02
5.959610346558186222e-02
6.116585155284744862e-02
6.127088631005833674e-02
6.318698874243999786e-02
6.528818061011493201e-02
6.472897235751387535e-02
6.470133119601728655e-02
6.605877562389020352e-02
6.747889586842792387e-02
6.917247957301073114e-02
6.920999743443266572e-02
7.015042058315161533e-02
7.262372614708788310e-02
7.383173164875202199e-02
7.494679386282011857e-02
7.625919675235412476e-02
7.827847672326727901e-02
7.807845718481401520e-02
8.033922973942114742e-02
8.056881210839522689e-02
8.166858051748772385e-02
8.331724071893516215e-02
8.489671286241647075e-02
8.521399906956853010e-02
8.634785247588963597e-02
8.697208721018694078e-02
8.905715294208850497e-02
9.025432843400046923e-02
9.066774411063922845e-02
9.303741877061230681e-02
9.289401929707816197e-02
9.412361820595363526e-02
9.469895472668042602e-02
9.567735492152323884e-02
9.775633550823360773e-02
9.947709041904205518e-02
9.944311063926647432e-02
1.009078921813993668e-01
1.024155947505617503e-01
1.030605733900763349e-01
1.042291186530056452e-01
1.062828297516927034e-01
1.066878635385511281e-01
1.078596538431033369e-01
1.093812857303078506e-01
1.109262517615565574e-01
1.121076838740386189e-01
1.133983412808819563e-01
1.141991128848792031e-01
1.154163320813047788e-01
1.164715178354701342e-01
1.172330914763890369e-01
1.189459726520967625e-01
1.197541563831511086e-01
1.204673342929357682e-01
1.215928435050342427e-01
1.234080046012186460e-01
1.241148004783287351e-01
1.255700151782903062e-01
1.279573017708012794e-01
1.282202441559866513e-01
1.291364344387875562e-01
1.308901963051160855e-01
1.318115240684391842e-01
1.330201720039426438e-01
1.339703260775488847e-01
1.345717978338389909e-01
1.362747700224986591e-01
1.375494592856510434e-01
1.397143618653180486e-01
1.394642811197754073e-01
1.406438532914628947e-01
1.406066948267188643e-01
1.426526880555125110e-01
1.437962698387420801e-01
1.440255449689765155e-01
1.465407729393818081e-01
1.469946615306753357e-01
1.482802438215423124e-01
1.490171062990495732e-01
1.504836644249135658e-01
1.512629935874552634e-01
1.526364799367532776e-01
1.540796273222431179e-01
1.553292717401376088e-01
1.571458401921710935e-01
1.575444041372212611e-01
1.578528503113664216e-01
1.592076329683745628e-01
1.606636001416479331e-01
1.614321529728502125e-01
1.630460701467331130e-01
1.645106209221955940e-01
1.650787111115065986e-01
1.661315602846280270e-01
1.674556529733445265e-01
1.683757573524564677e-01
1.694574789145370242e-01
1.705264398216883581e-01
1.711740094021435288e-01
1.723485012113930015e-01
1.736957187776969613e-01
1.745201950636261490e-01
1.759467491470272649e-01
1.776877589643450217e-01
1.784649686055808093e-01
1.790716429512650698e-01
1.796671259722623371e-01
1.810745088508123879e-01
1.819795202715857874e-01
1.840890816241380623e-01
1.852058016357708281e-01
1.851194312193903679e-01
1.866655061372713142e-01
1.875723086521882688e-01
1.886555749236351887e-01
1.895459489121765762e-01
1.914286395384289241e-01
1.920768065149754955e-01
1.932823121860421933e-01
1.937360515130239491e-01
1.953557884474557693e-01
1.964265637683248467e-01
1.971897123238024185e-01
1.981786072348454275e-01
1.991067170682546683e-01
1.997996704548680447e-01
2.010910122753045148e-01
2.024692497317677475e-01
2.037347035876714285e-01
2.043859017297061376e-01
2.056178786777864143e-01
2.071766445510662413e-01
2.077104074114496934e-01
2.087911009551283170e-01
2.104063116956678692e-01
2.114725926274937384e-01
2.121780283170838222e-01
2.128032396672627224e-01
2.142215524576981389e-01
2.152381003710665541e-01
2.157770018247363863e-01
2.168548371503612182e-01
2.187406341088178607e-01
2.193938055206869076e-01
2.199231041646840246e-01
2.214757784534207297e-01
2.224362132763592903e-01
2.234804095224813825e-01
2.244626577334847828e-01
2.254571795670392009e-01
2.264754320841982638e-01
2.273284701907723471e-01
2.285141782240433517e-01
2.299115665829459254e-01
2.302087108359589240e-01
2.316770461742182208e-01
2.326186117269741227e-01
2.336220901460280552e-01
2.346936271973751320e-01
2.359208473858968313e-01
2.366413199667308787e-01
2.375217471952737192e-01
2.387601556885962928e-01
2.396567607801912136e-01
2.407274746008966904e-01
2.418364000149567650e-01
2.428392997241337059e-01
2.435840913832024723e-01
2.441542959372905719e-01
2.453010085784368965e-01
2.462469093932299902e-01
2.473962725294902021e-01
2.484267199693812878e-01
2.490653915348714220e-01
2.504530177551230197e-01
2.516012569198556870e-01
2.524956997261773584e-01
2.534834336498879015e-01
2.548708800595624324e-01
2.555276415668980561e-01
2.563089186450665524e-01
2.574346025932297000e-01
2.586019362506853381e-01
2.595314820207743622e-01
2.605890684411701352e-01
2.614367032201574959e-01
2.624586595330007932e-01
2.631745680842390023e-01
2.643386210052725005e-01
2.651470808733906170e-01
2.663892048963376613e-01
2.673247222284850233e-01
2.681882263020503587e-01
2.692312620433780501e-01
2.701316073975237875e-01
2.713546605282092239e-01
2.719553984020466331e-01
2.728735226736183073e-01
2.743266089837496646e-01
2.750498502324745798e-01
2.759706517054524855e-01
2.767040337925344984e-01
2.775970058043075173e-01
2.787671542770711053e-01
2.797151047665711321e-01
2.803574694928375188e-01
2.810395374178434325e-01
2.822807174115871676e-01
2.833380665172419710e-01
2.841666073500319634e-01
2.847871970180682610e-01
2.858062911920810079e-01
2.866573597887167035e-01
2.879796283541830593e-01
2.889395369955849446e-01
2.899711174953643611e-01
2.908188614589334864e-01
2.918662170634637731e-01
2.929710649875550410e-01
2.938255290298634193e-01
2.941662836587418117e-01
2.950492423464932124e-01
2.961784692778632877e-01
2.973207111233940325e-01
2.980326707814293097e-01
2.989046866143245107e-01
2.999803784836729825e-01
3.009850702374312625e-01
3.017637529903909321e-01
3.024687467146482955e-01
3.038116465321903936e-01
3.050313224775638155e-01
3.053595915748268386e-01
3.062761005252518931e-01
3.070848338165902969e-01
3.078234952432098437e-01
3.086356817703302391e-01
3.097694078235867510e-01
3.107478493500699379e-01
3.116465637055270133e-01
3.126736812886884986e-01
3.136007564558030980e-01
3.143079372208954503e-01
3.150637473586985760e-01
3.159600704589679010e-01
3.168833517394442079e-01
3.182102442719050295e-01
3.191142943147418087e-01
3.199656922824425376e-01
3.205787296039749878e-01
3.216561116096323669e-01
3.223640959512334980e-01
3.232716367018692583e-01
3.241928827458098739e-01
3.248864663678018849e-01
3.256385189562965299e-01
3.268306793469841209e-01
3.275213278934460681e-01
3.283824946768226782e-01
3.295836655141013427e-01
3.304320029149497850e-01
3.311466995330117347e-01
3.321124159788277352e-01
3.328745289697865872e-01
3.336133610897286661e-01
3.346478506672848630e-01
3.356840871671096793e-01
3.363775878287402765e-01
3.372057352926103313e-01
3.380274870147906841e-01
3.389523573116048349e-01
3.397594245051379080e-01
3.406125054596287893e-01
3.410428303325458987e-01
3.419188127174493386e-01
3.429771926373077484e-01
3.438507240064887505e-01
3.447629388175636467e-01
3.455363865230758891e-01
3.465426211787059896e-01
3.476395476433066234e-01
3.481949107074269190e-01
3.489113810208741562e-01
3.496242835434324459e-01
3.503557463644335623e-01
3.511874243681126218e-01
3.520533904784743928e-01
3.531207840026164835e-01
3.540369390177525721e-01
3.549716389289006568e-01
3.558066343969433221e-01
3.564121504392686046e-01
3.573299291166744385e-01
3.582315029668396988e-01
3.592701923051043189e-01
3.601182446892055022e-01
3.610244377851688502e-01
3.616742217281946892e-01
3.625058994841326987e-01
3.631360898942286863e-01
3.640754001222825109e-01
3.647745563769254074e-01
3.656719300832863562e-01
3.663542785419002801e-01
3.671038798279072646e-01
3.680361040408918205e-01
3.685659746825865613e-01
3.694980260418317397e-01
3.701335184458890981e-01
3.708620135771975024e-01
3.719053066983600275e-01
3.727720380160214342e-01
3.736650014054251345e-01
3.745422299672936939e-01
3.752632777098883765e-01
3.762767014128493015e-01
3.769598628240893867e-01
3.778938555261820431e-01
3.786734194718224811e-01
3.795743156930812545e-01
3.802497157947567485e-01
3.809779023411412613e-01
3.817003185937813403e-01
3.824372417251734602e-01
3.833934468014076891e-01
3.840086495529037580e-01
3.848411891694303866e-01
3.857660867412887051e-01
3.863463215893544467e-01
3.871402770221251677e-01
3.877751308713482947e-01
3.888388852536106555e-01
3.895290905373692270e-01
3.900922832008794083e-01
3.911551409034687565e-01
3.918617348064059591e-01
3.924723008337139274e-01
3.934079726837583779e-01
3.939727637519739867e-01
3.947403964508203189e-01
3.955182988895125096e-01
3.965572904679801614e-01
3.970769599408728867e-01
3.979092796269252386e-01
3.987853660597492356e-01
3.995617357889027499e-01
4.002398245438398838e-01
4.009208123436270865e-01
4.017504769567273870e-01
4.023710413130194286e-01
4.031844960480488460e-01
4.038050138457719429e-01
4.048197029806200886e-01
4.054822962910920592e-01
4.063144850358149096e-01
4.070638952327106375e-01
4.078475659183288249e-01
4.086319617939496718e-01
4.092055069971397008e-01
4.099597971230146132e-01
4.106873887437913484e-01
4.114764547568182107e-01
4.120938085337474410e-01
4.131023180116825122e-01
4.139032859793473351e-01
4.145426160518113079e-01
4.153470931848075587e-01
4.163013348891129173e-01
4.169132137100086122e-01
4.177948949815419866e-01
4.182073145351074550e-01
4.189277826228041124e-01
4.197269159664688831e-01
4.204195883671148493e-01
4.212653564415221874e-01
4.216886112358957939e-01
4.225435335743144005e-01
4.233037333935350532e-01
4.239242973222945854e-01
4.245965338365936259e-01
4.254298042073705322e-01
4.262751158157647158e-01
4.272337330168977654e-01
4.277770303744227731e-01
4.284505366342725163e-01
4.292338503448233644e-01
4.298691680183653330e-01
4.306510476839677803e-01
4.313197338928677071e-01
4.317323159848596159e-01
4.325902555386121340e-01
4.332236224300667904e-01
4.338738275288811508e-01
4.345541456831110150e-01
4.352247855408413746e-01
4.362889983759360990e-01
4.367685818376240703e-01
4.375539551088999946e-01
4.380962701285700533e-01
4.391730238419660481e-01
4.396236194602167191e-01
4.404331938758161979e-01
4.410191808805345448e-01
4.417556413336671262e-01
4.424349536412327533e-01
4.432123344666307196e-01
4.438460791300674058e-01
4.446069728147598599e-01
4.453813694669914724e-01
4.459591132276171654e-01
4.466285312246023875e-01
4.472189506414731008e-01
4.476898741558498207e-01
4.486031168842490868e-01
4.493093395079362784e-01
4.501060245882178013e-01
4.510439150357735127e-01
4.515899678829310426e-01
4.520975941567907941e-01
4.532339741065867234e-01
4.536223757194557948e-01
4.542969749363895970e-01
4.547677512206084183e-01
4.554857210507418097e-01
4.564632821886391856e-01
4.568746857150924323e-01
4.574804293455688731e-01
4.583104441802453022e-01
4.589115812317623444e-01
4.595870766291226817e-01
4.600183716970828729e-01
4.609824848392692909e-01
4.616492290252219854e-01
4.623258885817135289e-01
4.630768114636339416e-01
4.636368667144477040e-01
4.643292663739294612e-01
4.648428726042012626e-01
4.656285488722576305e-01
4.662866110459211177e-01
4.667112925896093056e-01
4.674160882970885278e-01
4.681920394487167347e-01
4.687881106391240116e-01
4.695913133117798344e-01
4.702958537035861752e-01
4.710649193604407037e-01
4.715927445542396623e-01
4.721358718566691093e-01
4.726966200709244448e-01
4.735087046525585652e-01
4.741047580490783120e-01
4.745178224253274180e-01
4.755767021523599203e-01
4.761136127009101826e-01
4.766563441109502031e-01
4.773813004255016978e-01
4.782567568776494027e-01
4.786949100144963221e-01
4.792427390619296013e-01
4.798421611463523084e-01
4.806158876846648997e-01
4.811961940495697032e-01
4.819568423333033258e-01
4.824856852098613480e-01
4.831830313807677912e-01
4.838008441987881048e-01
4.843872286600856003e-01
4.850768927958089560e-01
4.855119971820283653e-01
4.862165221711141072e-01
4.868116929725235797e-01
4.874223050851771433e-01
4.880379268194428022e-01
4.888767267063699462e-01
4.894122401222411600e-01
4.900204779421511447e-01
4.906874143497801377e-01
4.914847943927909135e-01
4.920761409431493316e-01
4.925352875056412394e-01
4.930730036335211897e-01
4.937149349629812445e-01
4.944462464280459102e-01
4.952127212209251339e-01
4.957093382512892665e-01
4.963399139748609912e-01
4.968292103089876344e-01
4.976460369755655866e-01
4.980956296426463092e-01
4.987764761668811442e-01
4.995500500457936699e-01
4.999962486772243087e-01
5.006728166629704768e-01
5.013054971357810974e-01
5.017092624522800914e-01
5.024280570527919210e-01
5.032590432744207254e-01
5.037091587367860113e-01
5.045092401743479504e-01
5.048627043459853470e-01
5.055953970630021610e-01
5.061592706821762544e-01
5.066484349526408915e-01
5.073966377883253331e-01
5.080189794010575577e-01
5.084113842332133038e-01
5.090153267555365124e-01
5.099285676599826234e-01
5.105456492887953113e-01
5.108733081266685350e-01
5.115845665012865862e-01
5.120785772509295342e-01
5.131613125332288305e-01
5.136399277226512128e-01
5.141215365075277877e-01
5.147710198041784979e-01
5.152430997417412062e-01
5.157683392756701179e-01
5.166444621223109657e-01
5.170716129584884690e-01
5.179964009721303997e-01
5.184817298096933147e-01
5.189404123538661207e-01
5.195151358811804787e-01
5.201629753193216521e-01
5.209358118618422351e-01
5.215876145675232278e-01
5.219862782550095393e-01
5.223661484905879338e-01
5.230583654195456456e-01
5.235802125203840029e-01
5.240760122145848854e-01
5.251928313655235270e-01
5.255183899170834394e-01
5.263259417891741343e-01
5.266602698619580192e-01
5.273451676124314424e-01
5.279661843241977293e-01
5.285491496811921541e-01
5.292005732011428876e-01
5.298045949858709580e-01
5.303134063163498224e-01
5.310586773437097063e-01
5.315916606193437088e-01
5.319585342673379680e-01
5.327989245009021602e-01
5.334279448028951265e-01
5.339662911326612527e-01
5.344572791725690220e-01
5.349087080695791308e-01
5.357804464117885690e-01
5.362711891348661553e-01
5.368858889974994497e-01
5.375585236011888313e-01
5.379860180609452591e-01
5.387097219817307270e-01
5.391307960197692095e-01
5.399241062870014929e-01
5.402499527541629876e-01
5.412105622965646123e-01
5.415065733496244871e-01
5.424080160956679109e-01
5.428762568537026656e-01
5.437717651481621672e-01
5.440621329954522523e-01
5.447891677345054751e-01
5.452846368308206237e-01
5.458718121955073999e-01
5.463285104308472917e-01
5.469875336773671881e-01
5.476380283703875529e-01
5.483939628927320120e-01
5.489719501696233017e-01
5.494616324024756970e-01
5.502190558212016747e-01
5.505713797364852891e-01
5.510960121674880474e-01
5.517003377056897140e-01
5.522631905417064724e-01
5.529585933261929043e-01
5.536074904822853027e-01
5.542796804254104259e-01
5.549903598499180690e-01
5.554736311506560664e-01
5.559737169179155281e-01
5.566644904380532166e-01
5.572110993724092021e-01
5.580093640655743314e-01
5.585771487812902780e-01
5.591875670538025700e-01
5.597790453456489290e-01
5.604258110891457978e-01
5.610009630814523085e-01
5.615286156509733395e-01
5.619952008585119563e-01
5.628378209771847107e-01
5.632154231384308707e-01
5.639052577269760835e-01
5.644759054293846390e-01
5.651071094259330074e-01
5.655326633146503523e-01
5.659674881905504273e-01
5.667849182454516299e-01
5.674681103605695442e-01
5.681639802180590282e-01
5.686931117253326562e-01
5.692843781997808383e-01
5.701765051106564286e-01
5.708227191754644547e-01
5.710642717193371576e-01
5.717618696799052769e-01
5.724184342377003354e-01
5.729126084724108781e-01
5.737519549919973816e-01
5.743610831016889851e-01
5.748174399380371336e-01
5.754643147738391917e-01
5.760123704768441710e-01
5.766792324349162557e-01
5.773815947892255718e-01
5.778614761370001185e-01
5.783701815079838049e-01
5.789988879707725911e-01
5.796358842458065874e-01
5.802984255685470494e-01
5.808160705036913285e-01
5.815482899169114317e-01
5.819925111410897411e-01
5.825439916901737902e-01
5.832989673141935061e-01
5.840540182038194139e-01
5.844945043228574333e-01
5.851149051626196584e-01
5.858410762374542946e-01
5.861591377960134741e-01
5.870178930725102884e-01
5.876203604097277600e-01
5.882241375050880627e-01
5.890418661471374939e-01
5.894458446989592204e-01
5.900798528586151948e-01
5.906702008434382423e-01
5.913236118628018012e-01
5.919049602639154806e-01
5.925080550771045784e-01
5.928853552155055606e-01
5.937707984902335090e-01
5.942786755627135209e-01
5.950772571631710584e-01
5.958187549267573990e-01
5.962307863856771695e-01
5.966185771990715203e-01
5.972937213219772223e-01
5.979452113412333514e-01
5.986044416373774713e-01
5.993170219773467089e-01
5.998426689163820491e-01
6.004698745428944662e-01
6.010957463927413258e-01
6.018418022800310352e-01
6.025701159588551237e-01
6.029861053555743977e-01
6.034547421456959437e-01
6.041829312221679293e-01
6.048323433514579683e-01
6.055310432547305055e-01
6.060290683402129730e-01
6.065537881043903123e-01
6.073558595923611581e-01
6.079058639415285681e-01
6.084563288142877946e-01
6.090376280366954775e-01
6.096496276939431525e-01
6.103417458268232121e-01
6.108529940126701252e-01
6.114148197988695799e-01
6.121470180869611477e-01
6.128358646065128479e-01
6.131639380162959840e-01
6.140069890514692208e-01
6.144803862124206262e-01
6.151656542991366106e-01
6.158924387387282318e-01
6.163663294069071652e-01
6.169436377103880709e-01
6.175318970222629655e-01
6.181903775639482346e-01
6.188091824753947368e-01
6.193645091979871342e-01
6.198767405894975990e-01
6.205675525522287295e-01
6.211418594215825095e-01
6.219090620204739128e-01
6.225099592065346243e-01
6.232083364590651486e-01
6.235348655441964594e-01
6.242116624534811420e-01
6.249377412696568435e-01
6.253357347535319910e-01
6.260700477035647804e-01
6.267707930909481862e-01
6.270190672635914675e-01
6.279706523286850972e-01
6.286041911408257743e-01
6.286669192021479002e-01
6.293997346011175331e-01
6.301034011722483896e-01
6.306710114802788203e-01
6.313328686465985440e-01
6.316723850640673099e-01
6.323683677218638888e-01
6.329989109454594587e-01
6.336243053704286865e-01
6.342322841145778822e-01
6.347738592045787387e-01
6.356414555981784176e-01
6.359014450222635340e-01
6.366638114027136641e-01
6.371596052659580511e-01
6.376578589402331909e-01
6.379880621915430261e-01
6.389139656488599384e-01
6.393627134324918471e-01
6.399048862951751682e-01
6.405133572619093885e-01
6.410019110603712988e-01
6.416922971319414248e-01
6.422407124303421977e-01
6.427193896889450420e-01
6.433788979794390350e-01
6.439204674568198561e-01
6.445131002807932274e-01
6.449577517860127784e-01
6.454149712882935042e-01
6.461493380377631990e-01
6.466501740626473538e-01
6.473258362974456670e-01
6.478873829510566340e-01
6.484784558708281965e-01
6.489834950361134114e-01
6.496540032444726442e-01
6.500914462923823578e-01
6.504857907101438963e-01
6.510605074886178789e-01
6.515287141281873584e-01
6.520849281063674230e-01
6.528996800541609913e-01
6.532965219406612345e-01
6.537387550639922607e-01
6.543808592253249623e-01
6.547448968475449993e-01
6.551742978509342841e-01
6.558088755932307556e-01
6.564445075158014120e-01
6.572943016621433099e-01
6.574096286709740777e-01
6.579521687048724976e-01
6.585616141851358130e-01
6.591086036348532406e-01
6.596484281839416486e-01
6.600114414295020770e-01
6.607966969177612171e-01
6.612717091224249444e-01
6.616519753918852498e-01
6.621494052331040603e-01
6.627182535005612385e-01
6.633535223355153665e-01
6.637208007886811201e-01
6.642842741587514643e-01
6.650602729556969184e-01
6.653954140671889395e-01
6.658021918228937963e-01
6.662622242591115240e-01
6.669913551778656746e-01
6.672650685903843693e-01
6.678838631246015733e-01
6.684175099086234750e-01
6.688360925732598217e-01
6.693467358156892644e-01
6.698325831332936353e-01
6.703982604128274625e-01
6.708065383408010618e-01
6.711337067974202375e-01
6.718295009633564741e-01
6.722177306491912141e-01
6.728016507648661992e-01
6.732652853636568180e-01
6.739576909592962517e-01
6.743884174398295794e-01
6.749659571473222153e-01
6.751589794271001255e-01
6.756260711048029943e-01
6.760379051604182843e-01
6.764824612270065041e-01
6.770089507417725860e-01
6.775040049433347367e-01
6.780845770187859944e-01
6.785629454731544330e-01
6.789712751734897633e-01
6.793417830375240163e-01
6.799211507494550277e-01
6.803800902986956167e-01
6.808029112671331040e-01
6.813269500885706931e-01
6.818755727245932041e-01
6.823221411299903449e-01
6.825912191422127684e-01
6.832400883971390115e-01
6.835908858040441460e-01
6.841629785751388582e-01
6.844010965992401996e-01
6.847866573019102399e-01
6.853384420468039417e-01
6.856651737605126140e-01
6.863073189789336004e-01
6.865413500035476568e-01
6.869448813150990096e-01
6.875681344206125978e-01
6.878445770601847586e-01
6.883040341893669201e-01
6.888961953720544873e-01
6.891823136946892969e-01
6.896632472408057435e-01
6.901060867053919745e-01
6.905247853143555714e-01
6.908257373518137401e-01
6.915470874305698068e-01
6.918582892653222238e-01
6.921973352981501959e-01
6.925683803410344064e-01
6.931466681904544513e-01
6.937253087426866749e-01
6.940601991976000917e-01
6.944041294835102685e-01
6.946392656629294393e-01
6.951538307194107258e-01
6.955781748022953348e-01
6.961037939219915094e-01
6.963822481619109661e-01
6.966503314416131465e-01
6.972620287647146586e-01
6.974578752188468345e-01
6.979959397114819941e-01
6.985303464678043195e-01
6.988328691194861664e-01
6.992862596376728801e-01
6.997419029727046658e-01
6.999895799668071072e-01
7.004560502784490383e-01
7.008180417639872095e-01
7.012028114779123023e-01
7.016257745288925207e-01
7.018826536565054841e-01
7.024320337384939439e-01
7.026232079186505164e-01
7.031867374669995563e-01
7.035163808973733390e-01
7.039684741024161418e-01
7.042632496684099186e-01
7.049158018127923420e-01
7.051896092898520818e-01
7.054118922927880009e-01
7.058451589073092558e-01
7.061653017772984153e-01
7.065312604088370696e-01
7.068365667351257375e-01
7.074228200175680659e-01
7.077885472914889897e-01
7.080934211894522878e-01
7.085110159704506305e-01
7.087802877175409799e-01
7.091784627613038072e-01
7.096408666528342124e-01
7.098700663776698061e-01
7.103888024291282743e-01
7.107258232961395361e-01
7.110754734235072982e-01
7.113974899171141564e-01
7.118865883448591836e-01
7.121301820829547546e-01
7.124189448005825431e-01
7.129648255119918066e-01
7.132125956493742258e-01
7.134251468072316804e-01
7.137867333489191779e-01
7.141106841525932669e-01
7.145589475451434858e-01
7.149000893028398806e-01
7.155756679529874376e-01
7.159312336743453020e-01
7.160234752536918101e-01
7.165964685358571229e-01
7.167537771775757127e-01
7.173238916912173524e-01
7.175687546400000283e-01
7.180316172670785368e-01
7.182576833956402229e-01
7.185133434996783253e-01
7.189947669080416492e-01
7.192983306765914353e-01
7.197043003024391483e-01
7.199023633502990016e-01
7.202997130715245166e-01
7.208285958381922542e-01
7.209338905568892786e-01
7.213239167902490978e-01
7.216915163082053830e-01
7.221158587296315767e-01
7.223473970070741768e-01
7.226450185511054114e-01
7.230220308164649889e-01
7.235692953054556620e-01
7.238859799833996522e-01
7.243394237838284289e-01
7.246609252118261235e-01
7.249145642071294082e-01
7.255901474135003637e-01
7.255250863386548676e-01
7.259640259629399628e-01
7.264069212999330061e-01
7.266984320215431614e-01
7.270585268890527031e-01
7.274524321180925179e-01
7.276575136839155133e-01
7.280562413636409991e-01
7.283157852231549878e-01
7.287105030286680218e-01
7.292323726303844289e-01
7.294789163872177351e-01
7.298939475798387200e-01
7.301708141918963335e-01
7.304947809708081108e-01
7.308212240750984190e-01
7.313231197285072760e-01
7.315866292419684891e-01
7.320983969460957974e-01
7.323623609387017730e-01
7.326047119836722743e-01
7.330933473490998109e-01
7.335618088674236148e-01
7.336410230535114207e-01
7.339473377266255705e-01
7.341457423991998299e-01
