1.458058659163260357e-02
1.406389409911119187e-02
1.367764001968227103e-02
1.347897796194669727e-02
1.323938597322597659e-02
1.304692046905405779e-02
1.261027046472575422e-02
1.226494920320059766e-02
1.221016453416145543e-02
1.193147914420970672e-02
1.179856614891605128e-02
1.036511328132760056e-02
1.081049392619369900e-02
1.352524238037150321e-02
1.489128253436280622e-02
1.840598345925392385e-02
2.165375487218914111e-02
1.986669436171895758e-02
1.879919793537592268e-02
1.923215398333456838e-02
1.930900997679874456e-02
2.009653506406654938e-02
2.390879661141535190e-02
2.858131937118982280e-02
2.791468733147039680e-02
3.311459943179370646e-02
3.941980103512211092e-02
4.034669083087694813e-02
4.449581449598537242e-02
4.339181179415788070e-02
4.377345833261489516e-02
4.391026895950055770e-02
4.701963516802853266e-02
4.853411866866265412e-02
5.582000543076648391e-02
6.122755172189375122e-02
6.620978137519489826e-02
7.066041835132924609e-02
7.218105854882315986e-02
7.241416727289043398e-02
7.543331869366731723e-02
7.704168908095235246e-02
7.929062316400570243e-02
8.207474020013570681e-02
8.519253369304070900e-02
9.023694856164338196e-02
9.425303466386930618e-02
9.796498511851378654e-02
1.010936055457782590e-01
1.057581779907800223e-01
1.075841404902587450e-01
1.093262167115959110e-01
1.132040529297142217e-01
1.137382534943396778e-01
1.173554572154566905e-01
1.228791222410392514e-01
1.274029572790161546e-01
1.312651071370761480e-01
1.345119000026973322e-01
1.364538492840318418e-01
1.399276675050982466e-01
1.423337707085409742e-01
1.473851282483428227e-01
1.485571393493681502e-01
1.525873154918750141e-01
1.562334397675098352e-01
1.580093035458392803e-01
1.615629672278256490e-01
1.648395849333847973e-01
1.673886550342713886e-01
1.696746318777359597e-01
1.751151615787633897e-01
1.781714458467584805e-01
1.789179776430055990e-01
1.846549200833086934e-01
1.868488225090036148e-01
1.900214024176468675e-01
1.921697529899556445e-01
1.952298997705124994e-01
1.976401110901215286e-01
2.013429847003441742e-01
2.041763392920811493e-01
2.072391653977248838e-01
2.109877948355233235e-01
2.143701978642758854e-01
2.179808310484893930e-01
2.207138720027144174e-01
2.232857760039000106e-01
2.260232182756054531e-01
2.286470666306397725e-01
2.319538675207243605e-01
2.354323411279189981e-01
2.381794162245013113e-01
2.407564104683234119e-01
2.433569460548564989e-01
2.455799973038006179e-01
2.480560851395766930e-01
2.513279953163832792e-01
2.537896711876053146e-01
2.575793264479111500e-01
2.621104971541940443e-01
2.634603723938052089e-01
2.665583624609895175e-01
2.689928502495178564e-01
2.719188162474722170e-01
2.729959942722814392e-01
2.761807874936382246e-01
2.797367315267458299e-01
2.830142112415292566e-01
2.854818377017520059e-01
2.868710012009562660e-01
2.894460674154035185e-01
2.920911692536376503e-01
2.951141099873342832e-01
2.971866284809847047e-01
2.998581935016562117e-01
3.035723188744872125e-01
3.055804329959281862e-01
3.078364149330424238e-01
3.101872142316552394e-01
3.123250511695792597e-01
3.151410503466660074e-01
3.190412553730372913e-01
3.206734087566960323e-01
3.225129383102010583e-01
3.252365667393891102e-01
3.274331385348731027e-01
3.298031439288272026e-01
3.328297923254305846e-01
3.347082928016491543e-01
3.377125839327734247e-01
3.396942777888882770e-01
3.411953846799032908e-01
3.440973586359696301e-01
3.461278543097574545e-01
3.491178843143873944e-01
3.508601467006767782e-01
3.530852257221346879e-01
3.554181705228292021e-01
3.578042636570464841e-01
3.598439040931170063e-01
3.621490549590196117e-01
3.643633198086437264e-01
3.670875172128436614e-01
3.687559120550140679e-01
3.710280348961014774e-01
3.731197608068601013e-01
3.748523716189023913e-01
3.769580864994075964e-01
3.792787614062793078e-01
3.813325891330497930e-01
3.831496433167608240e-01
3.859176569337983143e-01
3.876897723631820281e-01
3.895686144723499722e-01
3.914184551050257088e-01
3.935141704966808596e-01
3.955696730880836620e-01
3.979982543991899546e-01
4.000165335520898813e-01
4.018336152461927657e-01
4.041479963873973458e-01
4.056293175749472457e-01
4.070659129320046143e-01
4.088602913139173234e-01
4.105318785709302087e-01
4.134124574307694866e-01
4.154379544616197961e-01
4.175621325289851637e-01
4.192643877720566570e-01
4.207336788196258115e-01
4.219231440650720866e-01
4.247869251365365972e-01
4.264406597165064094e-01
4.281185161325515298e-01
4.300189022536106132e-01
4.314986464528143828e-01
4.336080026994832970e-01
4.356239345407671437e-01
4.375917966732179032e-01
4.391103088904677598e-01
4.405328326991803101e-01
4.424638862006267659e-01
4.443772827349708465e-01
4.459031293502546678e-01
4.476909742030889539e-01
4.489168207140361022e-01
4.508995712238477171e-01
4.529225217917201007e-01
4.540984332676034074e-01
4.558858703786131672e-01
4.579998856743086044e-01
4.592623386803584284e-01
4.614496869740554730e-01
4.628533963056936651e-01
4.639263911137928020e-01
4.661265974901603881e-01
4.671797081387221162e-01
4.689021632091019409e-01
4.699859816727838813e-01
4.719190065766950548e-01
4.737866184948393289e-01
4.748022138760742417e-01
4.765534365907085346e-01
4.779506367007983481e-01
4.799411226665853958e-01
4.816562496595129250e-01
4.835299342642629949e-01
4.845169636678470781e-01
4.863056276291281010e-01
4.872943517393146795e-01
4.888628090213432142e-01
4.904878464573251273e-01
4.918218613778243542e-01
4.931423170100823206e-01
4.947257005297771015e-01
4.962927239586106265e-01
4.978086009857803362e-01
4.991580061237844701e-01
5.003127162230713854e-01
5.008146143343789047e-01
5.028470408484981835e-01
5.048502513384595103e-01
5.054959783149801655e-01
5.071345788446673941e-01
5.083237336182101496e-01
5.092971959434126061e-01
5.107270828574845822e-01
5.127105085273523377e-01
5.138971499714962698e-01
5.154308057041001589e-01
5.165213227042660948e-01
5.180417115194704269e-01
5.189453400540607886e-01
5.206166068355597698e-01
5.215865773690950835e-01
5.224106553056782065e-01
5.242947372901495262e-01
5.257360613061515808e-01
5.270503760126521442e-01
5.279056155263991412e-01
5.293624728084623809e-01
5.308371539138303508e-01
5.321713612952521100e-01
5.330230091527762282e-01
5.342342820137491177e-01
5.356582875130263544e-01
5.365393776606131038e-01
5.383188334571972211e-01
5.391751764410581682e-01
5.402710980915655936e-01
5.419467665553697744e-01
5.431120826072688423e-01
5.439115445012244754e-01
5.454590409948049112e-01
5.467061432891296979e-01
5.476268897329981122e-01
5.486242405570412872e-01
5.494873681023890732e-01
5.511669037313877695e-01
5.521013026271048840e-01
5.532282026104563544e-01
5.546293215508785179e-01
5.557604354294912730e-01
5.568819147382004786e-01
5.575840521929718019e-01
5.588933474600906726e-01
5.597623959370787716e-01
5.610647796784572483e-01
5.623725785400839339e-01
5.629692393800699302e-01
5.647390531494693722e-01
5.649322174579929356e-01
5.665522302084924355e-01
5.678689384119980366e-01
5.684487182155225637e-01
5.696873641606596816e-01
5.707259444816653593e-01
5.718388621323916565e-01
5.724797598433428725e-01
5.735818476820069289e-01
5.741624589905720555e-01
5.755122225096690469e-01
5.765966799015850297e-01
5.774296755120311708e-01
5.785643091177953279e-01
5.798188431188497916e-01
5.805386920477786372e-01
5.811611782095736922e-01
5.824100159015259681e-01
5.832584504689619642e-01
5.843107235392608345e-01
5.852920938435705045e-01
5.864869928932205934e-01
5.872127753135769623e-01
5.881430628702735142e-01
5.888491425776001265e-01
5.901040088249805970e-01
5.909965713313727331e-01
5.916735100298332606e-01
5.932101890210869088e-01
5.935677419939042743e-01
5.945735675035104251e-01
5.961445326232215347e-01
5.966409676869467438e-01
5.979219819889233234e-01
5.987054276373492412e-01
5.992219748996888695e-01
6.006158320041153909e-01
6.011717906440584569e-01
6.019434768307861949e-01
6.028922517906558642e-01
6.039872135446321399e-01
6.043171798098078140e-01
6.051415825398028803e-01
6.062887407374699666e-01
6.071874674093199475e-01
6.080754276817771364e-01
6.086438582975502998e-01
6.094327531731749126e-01
6.107219578283413774e-01
6.116791503582956757e-01
6.122992155401021375e-01
6.132279753453862003e-01
6.136348763383207006e-01
6.149958923251948040e-01
6.154597090699688300e-01
6.163483020074418395e-01
6.172531103420055842e-01
6.180466555401887829e-01
6.188672942589410475e-01
6.197374879224257782e-01
6.203588546187679409e-01
6.213665396012085784e-01
6.222281430000626834e-01
6.228746642273232936e-01
6.238514473213117029e-01
6.243874282689485522e-01
6.250755606111391138e-01
6.259782103314914803e-01
6.268302621835443178e-01
6.276398275339087895e-01
6.280926695564290618e-01
6.287438235044375823e-01
6.296317144079207617e-01
6.307155624670125471e-01
6.315049795548359768e-01
6.318351882915514972e-01
6.331242861853696446e-01
6.337189776625409277e-01
6.342780969081922571e-01
6.349198261190026615e-01
6.358069749265938819e-01
6.363684218020239092e-01
6.372178056546831115e-01
6.382309205116876161e-01
6.387189449211275738e-01
6.393605129216356486e-01
6.401753245723682539e-01
6.407216172075220761e-01
6.417359510424429647e-01
6.422250474107121798e-01
6.428103650888076226e-01
6.435426988771506540e-01
6.441849548842238926e-01
6.447460927123094265e-01
6.454837935876445165e-01
6.463365811311360121e-01
6.468829368354996889e-01
6.474250884185885901e-01
6.483635334352416679e-01
6.491792047408766475e-01
6.493228482697541715e-01
6.504525423998418487e-01
6.512206062211300939e-01
6.515746727697222518e-01
6.522067621726638231e-01
6.529641710056212078e-01
6.533844463876089526e-01
6.540705813360878640e-01
6.552291040688100754e-01
6.558113142673758222e-01
6.562402193841463394e-01
6.566977972636530714e-01
6.577572940764873088e-01
6.584989239240658376e-01
6.592552145909651440e-01
6.593741141202318357e-01
6.602587909197784599e-01
6.610705522311849380e-01
6.615224648569492105e-01
6.619861121763844780e-01
6.629110306817855847e-01
6.630652118587847532e-01
6.636652602524510947e-01
6.646162617309342435e-01
6.651180397361354801e-01
6.654347906443289773e-01
6.662907042773340560e-01
6.671545471048564435e-01
6.675108925891072298e-01
6.678440972066974624e-01
6.685419512672367004e-01
6.691820592152767366e-01
6.700254016570797999e-01
6.706233658166030898e-01
6.707292024596346325e-01
6.713118073305889277e-01
6.720457827449733967e-01
6.728513022467003113e-01
6.735278684774012037e-01
6.740621483488051791e-01
6.741350576591063071e-01
6.752507891984639299e-01
6.756182238750910729e-01
6.763936047762707515e-01
6.769612378630349703e-01
6.774901309970959851e-01
6.780191790524713324e-01
6.787186844675993092e-01
6.793928222640088777e-01
6.795054571018345202e-01
6.800823687300546760e-01
6.810734444673015586e-01
6.811608509150759438e-01
6.818203196653922493e-01
6.821072132498433582e-01
6.828113600133740579e-01
6.836496057596217479e-01
6.839481260553001984e-01
6.845823104927403202e-01
6.851135237095086206e-01
6.853595982929134856e-01
6.860555574225806197e-01
6.866180799532312085e-01
6.875618253874806740e-01
6.878196034609170839e-01
6.880802094855801299e-01
6.884902546981811478e-01
6.891540697497711143e-01
6.900568066637763343e-01
6.904551040088953151e-01
6.907602298730739498e-01
6.914918382242513095e-01
6.916884254574593438e-01
6.921028706142444697e-01
6.931870260711225917e-01
6.933944962758212816e-01
6.937794788588133033e-01
6.945524296468522651e-01
6.951459542532226754e-01
6.954487421200354902e-01
6.959164408949711778e-01
6.966616196874673150e-01
6.973297103644174877e-01
6.976733041626671517e-01
6.980906927835518472e-01
6.988004628312128874e-01
6.992545161769527784e-01
6.994968932147916929e-01
7.000735867329000994e-01
7.005580825231382258e-01
7.012635794923030019e-01
7.016211810022260353e-01
7.020837693507846478e-01
7.024257417127970360e-01
7.030349519412030235e-01
7.033280157567131097e-01
7.039105046464271265e-01
7.043562027810368331e-01
7.046309475226331109e-01
7.056194389966120584e-01
7.057739094890180809e-01
7.061784454566035762e-01
7.066285945940862234e-01
7.071856390380326651e-01
7.075921806642253564e-01
7.081338191142707572e-01
7.084541938741385492e-01
7.089318052596180753e-01
7.093983544223517734e-01
7.101752160503336242e-01
7.100279538992018136e-01
7.106611568843829163e-01
7.112102059556297817e-01
7.114912962558822551e-01
7.120320025117997664e-01
7.128647131417055194e-01
7.130363337090122045e-01
7.135434614753661808e-01
7.140005772477237000e-01
7.143261411787729109e-01
7.150555322422154081e-01
7.153925192355997664e-01
7.157004192598624970e-01
7.164009596228992915e-01
7.166552744870180458e-01
7.171935296472793375e-01
7.175873967302911494e-01
7.180871623837775664e-01
7.182486298656992618e-01
7.187751895202789676e-01
7.193183070751538732e-01
7.193757258544332123e-01
7.200273731617263806e-01
7.205049454955541055e-01
7.209905841349443234e-01
7.216058088164993833e-01
7.218470471083500151e-01
7.222766408230474333e-01
7.227861985353096763e-01
7.229855254963696298e-01
7.235889043428529455e-01
7.237383553807303915e-01
7.244545193254969817e-01
7.248198322958268047e-01
7.254002037822643301e-01
7.257770969323579235e-01
7.259677788331424519e-01
7.263477211377903364e-01
7.267939357198904826e-01
7.274958639210561406e-01
7.278596066149777277e-01
7.283646905919816117e-01
7.283732321812798061e-01
7.287325552537818885e-01
7.292355987014321750e-01
7.297978617700913162e-01
7.300203658710897603e-01
7.304843223382146977e-01
7.308739691794117199e-01
7.312556834478307621e-01
7.319863478984020011e-01
7.321926499763123930e-01
7.326419553018463926e-01
7.330486688205444246e-01
7.334768726748484013e-01
7.337187042984802954e-01
7.340207334851820420e-01
7.346414374501142319e-01
7.351050948109454364e-01
7.351445752140555179e-01
7.353570498710745307e-01
7.360368449411336389e-01
7.365198265346107886e-01
7.369975319944149783e-01
7.370119953407544555e-01
7.375310726721590049e-01
7.378967698952565435e-01
7.383056667164269449e-01
7.388364581784040430e-01
7.392697759353332732e-01
7.394435920932831419e-01
7.399167784650618751e-01
7.401384494706089168e-01
7.405887000279253174e-01
7.408178027926234366e-01
7.410579235361355321e-01
7.417569793605600648e-01
7.421635985633582289e-01
7.421234305952616461e-01
7.426847726336274214e-01
7.429810906626279632e-01
7.436212401446975484e-01
7.439689366485902067e-01
7.442360112518975335e-01
7.449613218720649854e-01
7.451970101163070126e-01
7.452659820414622160e-01
7.456309673932394189e-01
7.459670630176870043e-01
7.465862404081522463e-01
7.466577805017000635e-01
7.472857280619653597e-01
7.475455256903006385e-01
7.477797128777425861e-01
7.482206855461490669e-01
7.485120887325692474e-01
7.488095992084828900e-01
7.494585914528069104e-01
7.496243138627853853e-01
7.499681172983998501e-01
7.503917655077010362e-01
7.506960381631039292e-01
7.511301125697107395e-01
7.515488682871277470e-01
7.517286478417385398e-01
7.522388498262732037e-01
7.527530781619117262e-01
7.526477340156353391e-01
7.532005548720118737e-01
7.534016749588811068e-01
7.538005815189560144e-01
7.542453542024318836e-01
7.546248543965904387e-01
7.547355023692908782e-01
7.551458900602514568e-01
7.553722158967525191e-01
7.557897138914835278e-01
7.560547526679320951e-01
7.565082481024321126e-01
7.566985054617911821e-01
7.572521085415405695e-01
7.573041530026971557e-01
7.577650485221684162e-01
7.581224450279937521e-01
7.582148159795734088e-01
7.587751183657599485e-01
7.591174581725611548e-01
7.593551459073205612e-01
7.600084295181328553e-01
7.599508020088723281e-01
7.603965798442861024e-01
7.606906789175437167e-01
7.609150643543010073e-01
7.612822618189616364e-01
7.615641543448510298e-01
7.620140292012359540e-01
7.622793244562844350e-01
7.625236427407373618e-01
7.629017652412080075e-01
7.631028746731459700e-01
7.634957561745916443e-01
7.638734448921720155e-01
7.643144371183043795e-01
7.644007358466267110e-01
7.649426168697789352e-01
7.651102294558732586e-01
7.652165733225340105e-01
7.657693592610815836e-01
7.662846373858391846e-01
7.664559093515349586e-01
7.665389329077838543e-01
7.668384570946755741e-01
7.675946082257826264e-01
7.676756488109909293e-01
7.679322824195109476e-01
7.679550153126393219e-01
7.686904363283387775e-01
7.687721078353306758e-01
7.691544797201342876e-01
7.693089847007210658e-01
7.696852620953292812e-01
7.701866619971895478e-01
7.702929677655349083e-01
7.704487590805904063e-01
7.708787469068262288e-01
7.712850259974328715e-01
7.716366862260741755e-01
7.718025769001122249e-01
7.722978224273785441e-01
7.725051281387839142e-01
7.726389460468565673e-01
7.731792846833428490e-01
7.732848146008766133e-01
7.738027984562164674e-01
7.738756517143753344e-01
7.742994142535367663e-01
7.743488269422471593e-01
7.748707214699480650e-01
7.750980002483314202e-01
7.756634721456895365e-01
7.757489636939119970e-01
7.760413702640717171e-01
7.764312291126644894e-01
7.766465444839008025e-01
7.769162690693045548e-01
7.771488616399415683e-01
7.773622626151489579e-01
7.779680619238249495e-01
7.777767894884080047e-01
7.784507702103615756e-01
7.788041624406376595e-01
7.786803192503656268e-01
7.792157668374443125e-01
7.794278358287652919e-01
7.799128887606585625e-01
7.798811291209856167e-01
7.801057748778732481e-01
7.806101079314073932e-01
7.809547317432616875e-01
7.812740643078700531e-01
7.810577967120890808e-01
7.816187797629673417e-01
7.820061199025114540e-01
7.821608681060855384e-01
7.824808971765075949e-01
7.830332588530565241e-01
7.830223204821055161e-01
7.835158614205762762e-01
7.834049206745352656e-01
7.840488345740526110e-01
7.841050693556712581e-01
7.844740790924146223e-01
7.847666421773910050e-01
7.850049465836788087e-01
7.851663837615671104e-01
7.855708987668796883e-01
7.856505751742354215e-01
7.861264892998498510e-01
7.863281759810221150e-01
7.865335779462948596e-01
7.868857701115675729e-01
7.871865897795315981e-01
7.873609253498865534e-01
7.877239951542824858e-01
7.879796024652258035e-01
7.882205972805622629e-01
7.881386690189767785e-01
7.888213938895149990e-01
7.891200369451689678e-01
7.893847957052152475e-01
7.895323732829448993e-01
7.899094509618889148e-01
7.899560223549404459e-01
7.902333935972482015e-01
7.908605873627579941e-01
7.908737915753270009e-01
7.913668521458577798e-01
7.914292699584332125e-01
7.914580211175413771e-01
7.917864774737073397e-01
7.922565954245840425e-01
7.925282071353144664e-01
7.926642377473640533e-01
7.928082575172816782e-01
7.931807884173116552e-01
7.934429781403169457e-01
7.935998231769341160e-01
7.939778012327494139e-01
7.940625522353272903e-01
7.944492023074926079e-01
7.947590055035668177e-01
7.949216522998493462e-01
7.953590824159184614e-01
7.955279735332435598e-01
7.956463795107292514e-01
7.958659996264887404e-01
7.960153263379600164e-01
7.963157558178742823e-01
7.966625930452169158e-01
7.966919749652709992e-01
7.971166241251321782e-01
7.975265199326693200e-01
7.975521056991649038e-01
7.977394922910605590e-01
7.980971547074026118e-01
7.984465247772777330e-01
7.987099609408275791e-01
7.986889193633401884e-01
7.991859005128226778e-01
7.992947522876121536e-01
7.995105565080425913e-01
7.997680513313347728e-01
8.001445525652237656e-01
8.002260310804283350e-01
8.006451257045317238e-01
8.009132325239842753e-01
8.009982210668253888e-01
8.011582398870786825e-01
8.014185422817403648e-01
8.017336642088175314e-01
8.020759871039109257e-01
8.024369720014243867e-01
8.026327929070382616e-01
8.026862812413445569e-01
8.029124037510591005e-01
8.032279506384880641e-01
8.034439156921651115e-01
8.036112638856478529e-01
8.039627967802381869e-01
8.040860254169202026e-01
8.043722279882465909e-01
8.046075436114381585e-01
8.049776452702651630e-01
8.051539977462662812e-01
8.054502002191494814e-01
8.055469820026768257e-01
8.059450708344628733e-01
8.060037339577218463e-01
8.060320330241134146e-01
8.065321712660495912e-01
8.066028597123282573e-01
8.068534695071224450e-01
8.070806043418191633e-01
8.074166246044659490e-01
8.073978695890642321e-01
8.077107711322762951e-01
8.079819461822314031e-01
8.084234004792284489e-01
8.087395378288458891e-01
8.086960728934274867e-01
8.089771704157713295e-01
8.093833452297851672e-01
8.096129231723225850e-01
8.096596696382576397e-01
8.097415815246733484e-01
8.101956556040835755e-01
8.102318016542809920e-01
8.105574032424019970e-01
8.106892344123340921e-01
8.108269488552748427e-01
8.114323788806352411e-01
8.114767293917977131e-01
8.117328068525999640e-01
8.118678991983954152e-01
8.118916521352701476e-01
8.123131846805756728e-01
8.125734520784539949e-01
8.125718205506538006e-01
8.129602333302388129e-01
8.131941046181963006e-01
8.134736280111840578e-01
8.135216408140284461e-01
8.138234295060823298e-01
8.140820172673681743e-01
8.144411666971146380e-01
8.143575473650348506e-01
8.146129636166407062e-01
8.149393202275644343e-01
8.150146146876334763e-01
8.154757632482863006e-01
8.154414916803094382e-01
8.157075463155065709e-01
8.159451612054344771e-01
8.162863319839496201e-01
8.164819999012017382e-01
8.165013636001183794e-01
8.169716966102832378e-01
8.170707933547218804e-01
8.172786491512455953e-01
8.174905842198016970e-01
8.176242189267257654e-01
8.179010180985356593e-01
8.182598130143730053e-01
8.184212322758881442e-01
8.186135034726472748e-01
8.187753160108579564e-01
8.190018288929274970e-01
8.190995536162918311e-01
8.193367720153823530e-01
8.196035392527403207e-01
8.195928643821727144e-01
8.199710072056416443e-01
8.202802727101965452e-01
8.203442445048411136e-01
8.206264579499599199e-01
8.207625848139369351e-01
8.209476943344653499e-01
8.211594772209528381e-01
8.214628640847653207e-01
8.215658773474538989e-01
8.217843426899109627e-01
8.220527718996738509e-01
8.221923156698973667e-01
8.224435061047357109e-01
8.228723182061230546e-01
8.228266334234466406e-01
8.231325430941209831e-01
8.233119111453978123e-01
8.235319640754735770e-01
8.236178165526091277e-01
8.239528309838274334e-01
8.243050247941020592e-01
8.242626032503680422e-01
8.246007465950994098e-01
8.247261745402050259e-01
8.249903459747500722e-01
8.250516710480393368e-01
8.251803251014995233e-01
8.254971203207119856e-01
8.256340089185191244e-01
8.260507350347847666e-01
8.261105804193705771e-01
8.263159976489734548e-01
8.265282385995039727e-01
8.267892785668046196e-01
8.270433897849879257e-01
8.270727516672989887e-01
8.271385400683419764e-01
8.276155205433047835e-01
8.277043524771542371e-01
8.278889301531114908e-01
8.279271906405024639e-01
8.281949829083381509e-01
8.284591975655120066e-01
8.286663026281360089e-01
8.289276574507945528e-01
8.290728653741171739e-01
8.291682049626630802e-01
8.295802572845569767e-01
8.297399564575667075e-01
8.297330858356771754e-01
8.299729253586051181e-01
8.303234315618185368e-01
8.302808564526873436e-01
8.306277913105030164e-01
8.307059029574118680e-01
8.309924779050626986e-01
8.313551932309219961e-01
8.314653731655596847e-01
8.315805499585809946e-01
8.316172915525309461e-01
8.318842543411103518e-01
8.319894622003320972e-01
8.321968373427489629e-01
8.326042805163847982e-01
8.327324983179170692e-01
8.328263109073911208e-01
8.331244664672060596e-01
8.333413939897970080e-01
8.334705823636912037e-01
8.336263704179371903e-01
8.339848321975193990e-01
8.342071071356754741e-01
8.340222880640739689e-01
8.342004384075683010e-01
8.346467161157223869e-01
8.347078363552666858e-01
8.350313306209942166e-01
8.351561536486787896e-01
8.352778095076449638e-01
8.352956524147987505e-01
8.357459092906160958e-01
8.358347085748439875e-01
8.360164883323504270e-01
8.362665020637782831e-01
8.365531531910579410e-01
8.365737423654967531e-01
8.365462080102605835e-01
8.370495629155750850e-01
8.374308576883351396e-01
8.373041171801520743e-01
8.374471977286001012e-01
8.375903794902828103e-01
8.378616583597646716e-01
8.382075537218617312e-01
8.382070738781861596e-01
8.384630542586820612e-01
8.386511100642021210e-01
8.387742890096785420e-01
8.389954795957582645e-01
8.392780867754403573e-01
8.391055879361430936e-01
8.394245566633848910e-01
8.397713215913129581e-01
8.398191376728978419e-01
8.400071702772229365e-01
8.400724361873324053e-01
8.406520533409681528e-01
8.405177762134475872e-01
8.409304341295587015e-01
8.407260665724859416e-01
8.410086857901032387e-01
8.412807966521094194e-01
8.416123438187103067e-01
8.418982770606265875e-01
8.417182422343008064e-01
8.420034314515858487e-01
8.420015210721778498e-01
8.422716498580805622e-01
8.425428981094380543e-01
8.428537664888416936e-01
8.426496720328030543e-01
8.430042314917136625e-01
8.431804090759764669e-01
8.434677634779474964e-01
8.434404985137973210e-01
8.436727648788869827e-01
8.441025159718708037e-01
8.441614662313231543e-01
8.440856491567737541e-01
8.444609459706425847e-01
8.445329449977964087e-01
8.447175594071167914e-01
8.448966730396958447e-01
8.452341977969004549e-01
8.454649709891677301e-01
8.455087657251670885e-01
8.455117482845699861e-01
8.458942033376850578e-01
8.458245753224445940e-01
8.460753151596704935e-01
8.461453013433383186e-01
8.466121560585050387e-01
8.466693270326378640e-01
8.466713003239962898e-01
8.469873506648919470e-01
8.471898017533371350e-01
8.472147147837781889e-01
8.475427527211556455e-01
8.477635679301527283e-01
8.479213038788080414e-01
8.478893376609807353e-01
8.481220024783858724e-01
8.485133074532525965e-01
8.486003048610735178e-01
8.486758385801006499e-01
8.487834924710382367e-01
8.490250428613659306e-01
8.491810398244034053e-01
8.493546548868178281e-01
8.495726284442709497e-01
8.496104698726436588e-01
8.498673400459906269e-01
8.498151064413609346e-01
8.502197595354152870e-01
8.501996032693385219e-01
8.503684809726758109e-01
8.506259936104254571e-01
8.508034095169157984e-01
8.510820830835527095e-01
8.511042144297781276e-01
8.511855765677366348e-01
8.514666802362718112e-01
8.517607609317032757e-01
8.519243971263069648e-01
8.520512761754974740e-01
8.520182881606381819e-01
8.521799522671779092e-01
8.525317037110035079e-01
8.525044731140972720e-01
8.530298137936478398e-01
8.530182728964209593e-01
