2.606839413581966136e-01
2.607630148441003604e-01
2.607878779314968254e-01
2.613269405335417739e-01
2.620064067261850260e-01
2.623014295408593322e-01
2.624771685265265275e-01
2.625015035116343154e-01
2.622773348666105897e-01
2.621203589151955837e-01
2.619377748349355217e-01
2.618418428446454560e-01
2.619661090890798016e-01
2.622422067830594838e-01
2.624624963338408890e-01
2.627415202324909771e-01
2.629157383996024167e-01
2.627609521607354726e-01
2.625386386082952939e-01
2.624337663448220170e-01
2.623103600899080456e-01
2.623585543718070512e-01
2.625769790907025447e-01
2.629803681611882493e-01
2.630027065053272550e-01
2.633582157790259060e-01
2.637377263952422890e-01
2.636262115444903964e-01
2.638414221836822837e-01
2.637568147152217768e-01
2.636915566724902238e-01
2.635188836477330709e-01
2.637172377325092687e-01
2.639645034832521775e-01
2.645580318891799787e-01
2.648276534906560675e-01
2.650674632775796291e-01
2.654142157702889526e-01
2.655528399535552198e-01
2.653918411983915426e-01
2.656270158214329435e-01
2.656501546303589034e-01
2.657013026243833509e-01
2.658048600311377907e-01
2.659238958976734568e-01
2.663579513964494105e-01
2.666585532675467829e-01
2.669287849716415750e-01
2.672358465251752913e-01
2.674375900116057747e-01
2.674644838410655256e-01
2.678122340987532657e-01
2.680663139402698070e-01
2.680811890294955147e-01
2.681255672666377765e-01
2.683561738179903733e-01
2.687970510879860164e-01
2.695663559193568481e-01
2.695722168459528389e-01
2.692264691370734875e-01
2.697874642537935741e-01
2.697372761595227542e-01
2.701473059190722115e-01
2.703611776136697897e-01
2.705839699311922697e-01
2.703364377179525713e-01
2.712941730502235194e-01
2.712915856840393269e-01
2.716484087449154705e-01
2.716213308468625187e-01
2.721430536238404474e-01
2.727043753440760443e-01
2.726486561924984509e-01
2.728976480318988096e-01
2.733394085635372783e-01
2.732588082984914180e-01
2.735574617414437970e-01
2.736271219672072319e-01
2.739990959449037922e-01
2.748900245618883242e-01
2.752058628094806170e-01
2.748438446548036040e-01
2.752988142198984356e-01
2.758865286154270069e-01
2.755679633419371166e-01
2.756247072082202432e-01
2.759191081821565361e-01
2.761089229998039407e-01
2.764791647417348397e-01
2.761982747434594820e-01
2.766233671018140661e-01
2.776373680200171501e-01
2.777857042612341121e-01
2.779196952540380905e-01
2.783138858820163875e-01
2.790428298041933708e-01
2.782274335387802666e-01
2.793114186278234934e-01
2.794914872008660289e-01
2.795251774189270733e-01
2.802694845123002709e-01
2.801082338787944659e-01
2.800731216551566871e-01
2.804073924581831356e-01
2.804214368017581283e-01
2.814422711862983317e-01
2.814675957383051541e-01
2.814964088302808198e-01
2.823522285968709244e-01
2.822639098293340254e-01
2.823038050295672563e-01
2.819308137790640933e-01
2.819178942355208273e-01
2.825465699701352751e-01
2.838497717614408278e-01
2.837872417148269988e-01
2.836298732029250425e-01
2.839866041673148600e-01
2.838056853068117169e-01
2.840343875393488426e-01
2.851677014061589910e-01
2.854633588254895105e-01
2.852242669320035340e-01
2.855763577461572500e-01
2.861330309412468687e-01
2.866714336116819029e-01
2.868485454666946377e-01
2.868987324740852052e-01
2.870646866844501766e-01
2.868880970706397804e-01
2.873560623911393663e-01
2.881870313888720281e-01
2.879883122087715241e-01
2.880328634786815667e-01
2.883130575043079125e-01
2.883854390077210672e-01
2.888644555313129025e-01
2.899288358519540587e-01
2.899062016071267123e-01
2.906902164068629890e-01
2.905732104835017648e-01
2.907029561924137084e-01
2.906761147961128833e-01
2.913696955229099772e-01
2.917016351703535793e-01
2.916386844512915411e-01
2.920452765708955734e-01
2.923733339946619769e-01
2.924244174623278347e-01
2.923881861020712902e-01
2.931039098868170600e-01
2.924255337754017026e-01
2.939840925576780450e-01
2.931794030349776925e-01
2.935845295046130565e-01
2.943652487595688205e-01
2.942735463186448297e-01
2.946199247749162198e-01
2.940038900798227495e-01
2.944777500779635626e-01
2.956379802136656632e-01
2.961698748742599974e-01
2.964035940346201881e-01
2.961320574857515542e-01
2.963104099987118323e-01
2.967055964063298190e-01
2.968721391308782875e-01
2.966427511254207117e-01
2.968576920643021255e-01
2.972671084706741129e-01
2.976960285828716413e-01
2.983042704597605455e-01
2.985931435404866607e-01
2.988182164298661125e-01
2.989205682523267682e-01
2.991223232193926940e-01
2.995337546539685869e-01
2.994534098492300234e-01
2.998511208981919918e-01
3.002526461636556010e-01
2.999823572765432655e-01
3.006585788369260936e-01
3.010850517558145700e-01
3.012186946546412392e-01
3.014105256210647954e-01
3.016395709172539630e-01
3.013718701060790761e-01
3.022323665064431952e-01
3.026771618440216027e-01
3.023986998490125755e-01
3.028971743597729804e-01
3.034273645488494431e-01
3.030109980434999017e-01
3.034163846115044416e-01
3.040119250558360742e-01
3.033509210659491862e-01
3.042044190538211179e-01
3.051700103849142032e-01
3.047353293640300276e-01
3.045845780574998884e-01
3.052561249841379554e-01
3.060008743836944434e-01
3.060843984291840569e-01
3.058560651950064102e-01
3.060072194980672511e-01
3.062901389194347956e-01
3.065846064750123445e-01
3.066760907147080273e-01
3.067887275894581323e-01
3.067822163458019946e-01
3.073191972915348402e-01
3.081634772610384876e-01
3.082715065928574583e-01
3.084309381844086984e-01
3.089458128313483098e-01
3.092152709573999791e-01
3.094062442722965711e-01
3.096882257019931139e-01
3.100203530191039669e-01
3.101768793045026062e-01
3.099543357696411539e-01
3.102789660607383482e-01
3.110380568870334539e-01
3.113554023046273822e-01
3.114045190283791231e-01
3.112542146458328052e-01
3.116399681154060075e-01
3.119643045690632110e-01
3.122327832368960721e-01
3.125078955304189110e-01
3.135765870006407274e-01
3.123519108203201555e-01
3.138253973356289750e-01
3.138948664973453817e-01
3.128508776841166239e-01
3.144562237656117754e-01
3.134918256006190007e-01
3.143300829804863139e-01
3.149186990042296963e-01
3.149814389525217306e-01
3.150939070055500113e-01
3.157960622483615420e-01
3.154307229698063431e-01
3.162415911408787972e-01
3.157099242797839489e-01
3.159437662772321964e-01
3.165441055921795477e-01
3.164940582281020043e-01
3.166927768352658101e-01
3.172002324679393248e-01
3.174496676072993129e-01
3.175424482280224669e-01
3.176665269054619323e-01
3.179919406093723588e-01
3.183433897747769414e-01
3.182329429836373569e-01
3.183761475600028756e-01
3.189991922381094080e-01
3.193248006052195609e-01
3.192718139792463661e-01
3.192662730072304833e-01
3.198180766214841486e-01
3.206553171757489662e-01
3.207029010063868202e-01
3.209567203329639629e-01
3.212429684241864258e-01
3.214534677869443913e-01
3.213813909673630120e-01
3.215235679669816715e-01
3.218594262106653225e-01
3.222040014455804235e-01
3.221545507751931714e-01
3.224889956516535094e-01
3.228675125279247271e-01
3.232746529632648524e-01
3.234529005347156483e-01
3.234205825979984961e-01
3.236784846458797826e-01
3.242277051342270511e-01
3.240950891787113819e-01
3.245125356510689119e-01
3.246719015075946180e-01
3.243881345647616765e-01
3.247171738330617008e-01
3.254174964738186238e-01
3.258892828950197829e-01
3.257994537438371196e-01
3.261859159627082949e-01
3.265114573164830669e-01
3.266518002442829749e-01
3.265282549450067018e-01
3.265928516880366450e-01
3.267917533464280710e-01
3.272350264954866361e-01
3.270119228812614631e-01
3.272684470546758928e-01
3.281243822102898888e-01
3.286343560946188846e-01
3.286882175621962388e-01
3.285662210123265758e-01
3.288678863485966497e-01
3.289698150550019462e-01
3.288579522266953381e-01
3.294237973867071845e-01
3.296508141080689569e-01
3.299375950354870857e-01
3.305932523603418161e-01
3.305796105362183157e-01
3.305492073495486793e-01
3.308381869766446326e-01
3.311308542965108459e-01
3.314636622391906595e-01
3.316605867510441508e-01
3.318093342299899828e-01
3.318545050319217093e-01
3.319363963219913449e-01
3.321945453444048457e-01
3.324545257149423283e-01
3.325435595612675210e-01
3.327216814738057638e-01
3.331055913101155230e-01
3.331563852763341771e-01
3.333811024665597200e-01
3.341018668368100908e-01
3.340622855974505478e-01
3.340184361029809867e-01
3.345100873940551889e-01
3.347136063870154166e-01
3.348883779442112796e-01
3.350376869921129486e-01
3.353079289087437798e-01
3.354583021877842186e-01
3.356278080556590604e-01
3.357370166908860698e-01
3.361764319924439026e-01
3.361550886394287785e-01
3.361095884631325470e-01
3.367382875580468005e-01
3.372909000683210756e-01
3.370618177275415128e-01
3.370723158327844082e-01
3.374648618897200247e-01
3.373136527275499286e-01
3.375603199450779579e-01
3.381395146290355758e-01
3.384162553349703839e-01
3.387090555535196557e-01
3.387512381404673700e-01
3.388349265982886771e-01
3.392564213746412927e-01
3.395036526295866497e-01
3.396994946221448819e-01
3.398717243314820502e-01
3.400382463231491070e-01
3.400964218388262128e-01
3.403782843536689584e-01
3.406978818271405030e-01
3.409332819895790623e-01
3.411495070006135832e-01
3.411869580036108740e-01
3.410957883784462297e-01
3.418436301400031851e-01
3.422065997315520969e-01
3.421222064806494489e-01
3.420866950802262108e-01
3.420120679514792594e-01
3.424343448240749210e-01
3.429193087101497506e-01
3.431028841840813581e-01
3.432943564320599661e-01
3.436062832955079083e-01
3.438748108595424680e-01
3.435830906562802878e-01
3.439707502061957189e-01
3.443079917795701106e-01
3.442911514693439146e-01
3.445111569005189223e-01
3.448846575027184058e-01
3.451614671909593035e-01
3.452757753432446619e-01
3.452999177708537260e-01
3.459311805125069861e-01
3.461053908716280048e-01
3.460167936377958608e-01
3.462843621471015654e-01
3.464884888520017858e-01
3.467354782292559889e-01
3.469737621659015891e-01
3.471750830289726530e-01
3.473119230137889923e-01
3.475198906178252889e-01
3.477397292295145714e-01
3.479079484817803047e-01
3.481082989561272711e-01
3.482382029959867342e-01
3.483645379150546728e-01
3.485319854318853494e-01
3.488833193632351892e-01
3.491377620986002572e-01
3.494393303833570052e-01
3.494296850883511496e-01
3.495424991506759227e-01
3.497053664117937832e-01
3.498437851053626813e-01
3.501244694308474625e-01
3.503389903136850392e-01
3.504958694495675098e-01
3.505595550616991130e-01
3.507568749337272029e-01
3.509705799115496183e-01
3.511983323568129145e-01
3.514831150601087639e-01
3.516903353549598599e-01
3.519773332509829045e-01
3.521194580487208570e-01
3.524285627207954796e-01
3.525666310211273968e-01
3.527843616321532649e-01
3.529108123969568744e-01
3.529541214511937031e-01
3.531061730964185630e-01
3.533640657777887828e-01
3.534842825075411588e-01
3.538009812422606704e-01
3.539192810582272863e-01
3.541123674068172300e-01
3.543941686595985519e-01
3.546160019012287168e-01
3.547364681735045711e-01
3.550335189202176722e-01
3.551297564049844535e-01
3.552858818041581546e-01
3.553328366303306063e-01
3.554612328148328282e-01
3.557408360128387348e-01
3.560253783478484202e-01
3.562282961988456065e-01
3.563453996551299019e-01
3.564169519750282622e-01
3.564485731594779772e-01
3.567042115791317358e-01
3.569682057928749708e-01
3.573359149368874887e-01
3.574609739084370630e-01
3.576855954086962663e-01
3.578717442015673655e-01
3.581250747747815599e-01
3.581539170862208521e-01
3.584401384197191676e-01
3.585996048159503791e-01
3.588206234496295610e-01
3.590249959779356348e-01
3.594165533791866540e-01
3.596290330556144443e-01
3.593911881654444085e-01
3.594214438685642832e-01
3.596746974615381842e-01
3.599427640188360145e-01
3.601136971962325961e-01
3.603793767468925213e-01
3.605232571911116124e-01
3.606287275065707676e-01
3.608154656876217947e-01
3.612311979947973040e-01
3.614762713162945063e-01
3.616247603742616668e-01
3.617219743547970823e-01
3.618746644249777877e-01
3.620918754247794413e-01
3.623888409608945205e-01
3.625368703279053251e-01
3.627851045252032391e-01
3.628842922356980139e-01
3.630142213800887641e-01
3.630617379607097295e-01
3.632397837425289100e-01
3.633845858571265186e-01
3.636780469937097582e-01
3.637738419694763192e-01
3.640682206951838529e-01
3.642864693017758282e-01
3.644031745402229183e-01
3.645104262998415390e-01
3.646610304717682327e-01
3.647846740367986507e-01
3.650503355031336494e-01
3.651229067623841251e-01
3.652588852294821331e-01
3.654735302495754623e-01
3.655550547911401993e-01
3.658260327671916667e-01
3.661186706947490155e-01
3.663255857849631036e-01
3.664875166057977585e-01
3.666720585136103439e-01
3.668716061828387609e-01
3.670388276958527207e-01
3.672082233021620734e-01
3.674208916541893966e-01
3.675525470254518701e-01
3.677220850269892205e-01
3.680314874890862065e-01
3.682188263960871621e-01
3.684655385826843821e-01
3.684935414569152079e-01
3.687423699941025923e-01
3.688989430250662060e-01
3.690010741621608248e-01
3.689941078863223645e-01
3.689463393446868467e-01
3.693374081789200236e-01
3.698287074163574828e-01
3.699201898643558195e-01
3.699524541128049182e-01
3.698791358231603432e-01
3.700650159269415207e-01
3.703382493321094593e-01
3.705518388994529788e-01
3.708193196697341376e-01
3.709243724128051256e-01
3.710958071951317438e-01
3.712781352610340924e-01
3.714409570508911407e-01
3.718131416349803042e-01
3.718874663515414625e-01
3.718736526980701562e-01
3.719713945466424643e-01
3.722012785946642310e-01
3.724446334073484022e-01
3.725373574268699417e-01
3.728642912102917428e-01
3.731263199759670135e-01
3.733651640478056755e-01
3.734636304248726280e-01
3.736421934179632309e-01
3.738257733747850642e-01
3.741504008575698426e-01
3.743113222120585948e-01
3.744840963634746278e-01
3.746847638822214388e-01
3.749495658037613754e-01
3.750833841241613120e-01
3.753144748759670302e-01
3.754474520637717805e-01
3.755067837614813331e-01
3.756487026680335184e-01
3.758735138836709067e-01
3.760236468379698493e-01
3.761993760297150380e-01
3.764693945579435930e-01
3.767361555741930990e-01
3.768237611246856300e-01
3.769980615898094745e-01
3.772614067737475874e-01
3.775021046681584225e-01
3.775883159442920967e-01
3.777706400973825929e-01
3.780086102020275285e-01
3.781263974040341980e-01
3.783332767243563488e-01
3.784532068635451107e-01
3.786946148146004276e-01
3.789703615102316681e-01
3.790570524723445023e-01
3.792642125482549864e-01
3.794955771763616759e-01
3.797446253895243040e-01
3.799872778922489536e-01
3.801515426515898466e-01
3.804319810017892101e-01
3.805013205750322758e-01
3.804982861415596163e-01
3.808375041201190192e-01
3.808698662214425323e-01
3.810812664631508806e-01
3.812205611288501106e-01
3.815898871530052361e-01
3.817333808602716427e-01
3.820472315963182597e-01
3.820576007404429819e-01
3.823880170833550141e-01
3.825275445338724989e-01
3.826960665824416519e-01
3.829252468163231726e-01
3.830977291865447221e-01
3.832876161758104194e-01
3.835618829166156929e-01
3.835451118067212395e-01
3.837228829523297025e-01
3.837987095737621090e-01
3.840705753489608298e-01
3.843155587022969999e-01
3.846052329869895647e-01
3.847893114821206995e-01
3.850309073926470593e-01
3.851954330708277641e-01
3.853826138400436307e-01
3.856149422782266245e-01
3.856480862617999716e-01
3.859019333745407621e-01
3.859709971029994802e-01
3.861892953897191338e-01
3.863977447287102462e-01
3.867550245914863072e-01
3.869358734835456337e-01
3.871993590953542452e-01
3.873749266637928068e-01
3.875806140942073541e-01
3.879172608794081434e-01
3.880169113502189293e-01
3.881877632866028716e-01
3.884081198979062455e-01
3.887868830281999699e-01
3.888202435636397003e-01
3.889996878687363435e-01
3.891108336441894133e-01
3.894290962509379117e-01
3.894202138017077153e-01
3.896768293398625294e-01
3.898092432971880239e-01
3.900547687420107268e-01
3.903456743026035847e-01
3.904136702878951426e-01
3.907770123637352988e-01
3.908409028602344848e-01
3.910031719331171773e-01
3.911431466361550702e-01
3.913020240797204785e-01
3.915754810353852533e-01
3.918263445474760576e-01
3.919929121922149373e-01
3.920709849904209232e-01
3.923950469925397977e-01
3.925697367784247160e-01
3.927227159675989454e-01
3.928932640207788429e-01
3.930948222433165440e-01
3.933800897625499005e-01
3.933684619891297252e-01
3.936926182916949402e-01
3.937631449796571426e-01
3.941077131808858325e-01
3.940959337917789296e-01
3.944785272613466898e-01
3.946541374365826749e-01
3.947269756338749880e-01
3.947674339999405757e-01
3.952246786841727144e-01
3.951263441795442311e-01
3.955637805061226753e-01
3.954792969570672945e-01
3.958122585736170151e-01
3.959621599261140545e-01
3.961747584694268465e-01
3.964318296300958777e-01
3.964415999959916004e-01
3.967558618540777404e-01
3.969192520941152713e-01
3.972531944076969079e-01
3.974777201292212236e-01
3.974098453674448361e-01
3.976588599885091946e-01
3.978494806335157175e-01
3.978452407840926686e-01
3.982651445117616484e-01
3.985963937333132368e-01
3.988271308374795598e-01
3.987738723755648862e-01
3.989544478747011347e-01
3.992783555183614386e-01
3.992791636088597884e-01
3.993225069026458685e-01
3.995083238892810362e-01
3.996742889816041200e-01
3.998846703842290351e-01
4.001347753695362885e-01
4.002906254616070414e-01
4.005932907513806152e-01
4.006806767150814519e-01
4.007792845149402705e-01
4.010185860524043133e-01
4.011419285498953324e-01
4.011938104300656893e-01
4.013149877800069598e-01
4.013677564681795151e-01
4.016330622197911149e-01
4.016990625926510350e-01
4.017754427163024444e-01
4.021366656107098203e-01
4.021745856311876866e-01
4.023124446426261658e-01
4.027830187817762475e-01
4.027608681694502257e-01
4.029854483073423421e-01
4.032509621980303050e-01
4.033515650396802266e-01
4.034542881502780620e-01
4.035609304586041945e-01
4.037175484300214445e-01
4.037366156818906204e-01
4.038828306442364124e-01
4.042215976112014109e-01
4.043705614734293130e-01
4.043771766378884691e-01
4.046518059652850496e-01
4.049980205211315409e-01
4.049868234115422405e-01
4.053408214247820607e-01
4.050875100585312194e-01
4.055057425103297808e-01
4.056263265904911930e-01
4.058501877287906678e-01
4.061223847847122426e-01
4.059073206877505946e-01
4.061224448687174582e-01
4.062669211235487854e-01
4.062896319519705424e-01
4.065011700048098975e-01
4.069945188583568574e-01
4.068194457261818386e-01
4.070926297956762863e-01
4.071647683397577322e-01
4.070806583355797148e-01
4.074462880168684409e-01
4.073037321664106369e-01
4.075722177177916183e-01
4.077839394128370820e-01
4.078562727716856795e-01
4.082063016379829934e-01
4.081090756330081337e-01
4.084129192902528627e-01
4.085164996729785392e-01
4.084457523743273422e-01
4.087760213562049993e-01
4.088536065602278446e-01
4.091426743854645331e-01
4.093779910797726851e-01
4.091331965044106567e-01
4.091512321384244144e-01
4.095749942141623245e-01
4.094722461197933816e-01
4.097314620960368359e-01
4.097877945561573809e-01
4.098446190356591634e-01
4.100631073902331059e-01
4.103051144496477343e-01
4.103524254093857682e-01
4.105900819835779370e-01
4.106169044224348141e-01
4.106033446751005123e-01
4.107293121405824476e-01
4.110344381968625282e-01
4.112402136792560614e-01
4.113004946515370630e-01
4.114151168840177730e-01
4.115527116219523385e-01
4.117259906498608180e-01
4.119485385542378530e-01
4.118494212225776163e-01
4.117940869736178011e-01
4.117786290223326429e-01
4.119698103636915687e-01
4.120946302519024051e-01
4.123137315369379552e-01
4.124153124268816195e-01
4.125749861277058228e-01
4.125111921268347914e-01
4.128389570621777138e-01
4.129153909361924502e-01
4.129621026098815317e-01
4.131236924006895794e-01
4.134964893651269513e-01
4.134327322933312732e-01
4.133635379175338853e-01
4.139415641716410743e-01
4.138368906763316146e-01
4.138057906363059590e-01
4.141284700226154358e-01
4.140982898386079136e-01
4.139947086424935474e-01
4.144854592566911133e-01
4.143738131890365439e-01
4.145003471761194991e-01
4.146676378883851766e-01
4.148428490589893269e-01
4.150898881431828169e-01
4.151030746968680241e-01
4.152378498335416723e-01
4.153802297025652734e-01
4.152909194705693419e-01
4.155356212622292600e-01
4.155850923344184822e-01
4.158898292567944077e-01
4.155563771229185410e-01
4.158073674736141867e-01
4.160110294496548455e-01
4.161124734494283661e-01
4.162260169895906636e-01
4.163015458819575576e-01
4.162734996859528414e-01
4.164282989206483654e-01
4.168149533500177251e-01
4.165984683640182040e-01
4.168320240289932754e-01
4.170009870861566825e-01
4.172251072501622082e-01
4.172808069514616358e-01
4.172961346409606032e-01
4.174388216286243347e-01
4.177378329087624298e-01
4.178189276282263664e-01
4.181265808334678202e-01
4.180413584579663056e-01
4.183829745291109958e-01
4.181821877769897888e-01
4.184841465332555521e-01
4.184442494832960602e-01
4.187030793639824888e-01
4.188078412783121096e-01
4.189866361825130281e-01
4.190025812447926712e-01
4.188536458142438357e-01
4.192188309481950093e-01
4.191895341887554860e-01
4.196737585703354534e-01
4.197273882585171312e-01
4.194164269496155062e-01
4.198058971788858340e-01
4.201405662545936726e-01
4.203775209648767941e-01
4.205940063526092954e-01
4.206426770057788422e-01
4.204815548769956224e-01
4.208192996823891807e-01
4.205028302321955902e-01
4.208717254136615793e-01
4.210829506618883888e-01
4.210555441251257469e-01
4.217041266736521465e-01
4.216824919013927864e-01
4.217117197277193696e-01
4.218469499727994232e-01
4.220194729392182653e-01
4.218768167600119301e-01
4.222388829407925370e-01
4.226728746754239707e-01
4.225542316715827917e-01
4.227334286925925055e-01
4.228908066524269538e-01
4.231090935657690899e-01
4.232773474277405357e-01
4.235155395587734128e-01
4.238221006325496032e-01
4.235000236179302657e-01
4.238254108110475205e-01
4.239148421413279078e-01
4.243380543336672805e-01
4.242571531517325689e-01
4.247297695689231101e-01
4.247564984736523774e-01
4.250163240505310802e-01
4.252054903867737434e-01
4.255904792051090624e-01
4.252768400863551346e-01
4.258113244112964879e-01
4.258302248566729342e-01
4.261721505178057701e-01
4.263897040697867125e-01
4.266312052897032192e-01
4.265079672615637030e-01
4.267954261127808735e-01
4.269786002339218678e-01
4.272182451514165424e-01
4.274637326162479822e-01
4.274138655461590108e-01
4.279613363991449648e-01
4.282889629137948129e-01
4.282284150495984654e-01
4.287133944245110073e-01
4.286432568428907852e-01
4.290998090317005853e-01
4.290809477532676608e-01
4.294914902890778485e-01
4.294116764625920402e-01
4.300917350395301320e-01
4.299494863154177393e-01
4.305918085363655279e-01
4.306186846520209666e-01
4.311706256947087645e-01
4.308734088171675136e-01
4.310524441584472344e-01
4.315961457855589378e-01
4.314162740606150015e-01
4.322340077373633682e-01
4.321368833618208782e-01
4.324423164784971796e-01
4.329803543665508569e-01
4.334351899730804480e-01
4.334691850894221155e-01
4.335999709152417170e-01
4.338512336774819067e-01
4.344396697794309370e-01
4.340311709884223657e-01
4.346932748305012972e-01
4.348457266364016416e-01
4.355705052326016014e-01
4.356012886262491945e-01
4.358172391384927402e-01
4.358530203786852297e-01
4.367113514336332103e-01
4.372814188891702702e-01
4.372275202081049028e-01
4.374588427425240567e-01
4.381229851791110241e-01
4.381653750052321161e-01
4.380821776763440534e-01
4.388319038534998495e-01
4.391238772119024358e-01
4.391768799277527835e-01
4.395576198628636244e-01
4.399349564362753928e-01
4.403074099580445711e-01
4.407582498243320379e-01
4.409960309044956839e-01
4.413932795787371965e-01
4.415267253068324016e-01
4.417454979008590965e-01
4.420803216063957652e-01
4.428872918750099696e-01
4.430119341526816412e-01
4.432442343883128411e-01
4.435312443601131527e-01
4.441304415715723319e-01
4.443088417792565581e-01
4.448082555440692198e-01
4.450968990593842101e-01
4.455815413314450080e-01
4.454948845056047602e-01
4.460740243266944627e-01
4.466789201428163492e-01
4.464812391444918926e-01
4.470995950952181830e-01
4.478316489473365136e-01
4.482909884317020088e-01
4.482945186004183569e-01
4.489266972199625894e-01
4.486693412018041838e-01
4.494562504079750442e-01
4.497293871805812526e-01
4.505062576343416003e-01
4.503434203226337473e-01
4.506816116605441569e-01
4.512799017614331221e-01
4.514656218922095121e-01
4.520888816139614352e-01
4.526649392571320818e-01
4.525368869129361982e-01
4.527909438032626799e-01
4.532126749685881362e-01
4.539245087550151658e-01
4.543385046414880613e-01
4.545176477574583429e-01
4.545088640650011835e-01
4.552361908092485976e-01
4.558412894302747431e-01
4.560332327978799949e-01
4.563449475765039565e-01
4.567131761508104182e-01
4.569835358985765983e-01
4.570662968197942155e-01
4.579206747157023583e-01
4.582004266857847563e-01
4.582420453568027408e-01
4.589844394203993483e-01
4.595707995328165429e-01
4.596268905064290755e-01
4.602605563106408337e-01
4.603702963290671746e-01
4.604521666200638297e-01
4.608911904150227445e-01
4.611434712775483447e-01
4.614367196345082744e-01
4.619041682760204326e-01
4.617899250878044759e-01
4.620598656955351435e-01
4.627915541976927449e-01
4.634918126110742498e-01
4.635075074260455175e-01
4.631353614851300149e-01
4.640465413639093817e-01
4.643221657912568467e-01
4.652329675597824954e-01
4.652808887219112566e-01
4.653371680218121864e-01
4.656727897480757994e-01
4.662062906883647218e-01
4.657692349809162136e-01
4.661757683109740702e-01
4.665279249308659226e-01
4.668519752689772595e-01
4.674844009121873478e-01
4.676764840812628887e-01
4.672037059011673876e-01
4.679425175183739571e-01
4.684216517633191246e-01
4.681916443644428827e-01
4.688053068812653157e-01
4.690421841114610912e-01
4.689577844669509665e-01
4.689938180856920713e-01
4.693828113271876212e-01
4.699848476717333190e-01
4.698281454036758453e-01
4.698938514702448721e-01
4.698502772249458781e-01
4.703334524703614572e-01
4.700680503544659161e-01
4.702792889417383160e-01
4.703672853134848730e-01
4.707131487658504088e-01
4.704880665199993039e-01
4.709543987654521424e-01
4.705737779823218059e-01
4.665847078405282455e-01
