4.386281756184886096e-03
4.203472823811854435e-03
4.080493427817306895e-03
4.363258412289482135e-03
4.723309949481677497e-03
4.837332128312662322e-03
4.825422938309915227e-03
4.755478318341623510e-03
4.613938046484846942e-03
4.459649914268062725e-03
4.322701918677188983e-03
3.843815669045420186e-03
4.088070247549457567e-03
5.187367256634708296e-03
5.824093733524673099e-03
7.252771497849697102e-03
8.550432064310133778e-03
7.702410585162601346e-03
7.252724129260562647e-03
7.445245585153919751e-03
7.367629606242554960e-03
7.899326021405597698e-03
9.340486725231227777e-03
1.174536670584446288e-02
1.116231161732568131e-02
1.341965509156179369e-02
1.646005078966869886e-02
1.630766752794019642e-02
1.833885966386242586e-02
1.814096931434062282e-02
1.806103453355930102e-02
1.726989658612734443e-02
1.876849877707255365e-02
2.001043333470966037e-02
2.424912164570744433e-02
2.647764628867783562e-02
2.829418645797335957e-02
3.086958889390943594e-02
3.183158628550268598e-02
3.137210100301758564e-02
3.308732557667115604e-02
3.363917731820591228e-02
3.441022518902586702e-02
3.554836371403763406e-02
3.667034765069464991e-02
3.904873097144373473e-02
4.087936156323060399e-02
4.324196796531246112e-02
4.564526791930233196e-02
4.751185339455907264e-02
4.799129719095726609e-02
4.968265703278450240e-02
5.190960149407313623e-02
5.202967158964866279e-02
5.296638900673882738e-02
5.607122941565687718e-02
5.885744562032448057e-02
6.175536651528616694e-02
6.306099295813653860e-02
6.288159861433713360e-02
6.500522969190872247e-02
6.606681227369144704e-02
6.828837371271762047e-02
7.018588045396204067e-02
7.094014011867773306e-02
7.370298447375228656e-02
7.578768111320083323e-02
7.578088023365707471e-02
7.812221496945094545e-02
7.983096523207247608e-02
8.188665022104393842e-02
8.520005293892342346e-02
8.601013429262800714e-02
8.688876267562074818e-02
9.010557455107415237e-02
9.114125825911902068e-02
9.341183993728101320e-02
9.471762089986002220e-02
9.545484168888743182e-02
9.839107285790511803e-02
1.009250563860498301e-01
1.024710350078163607e-01
1.050329879615258810e-01
1.077783186097366480e-01
1.079714697702212622e-01
1.085950087139077730e-01
1.108566035460748916e-01
1.131121575234657894e-01
1.154940856771406871e-01
1.161985885215284786e-01
1.174901939531245026e-01
1.204299993245573630e-01
1.222828398306043396e-01
1.237309398466820975e-01
1.254562523174898581e-01
1.282486519581447215e-01
1.295943233258133598e-01
1.320394224439069286e-01
1.324442063526591884e-01
1.347414812763153558e-01
1.361664131722539750e-01
1.391223121544213348e-01
1.400383769776310239e-01
1.424807718862938499e-01
1.433414975907200406e-01
1.441781549645591853e-01
1.474581533202824757e-01
1.481219217239374553e-01
1.505919494711813189e-01
1.516383265309283468e-01
1.533543554722219260e-01
1.549523262023434211e-01
1.564882756931446350e-01
1.596946403462490838e-01
1.613256761812541518e-01
1.615120961247885623e-01
1.643194721013960802e-01
1.667937175194222077e-01
1.682436102372348308e-01
1.692521795664713447e-01
1.710811893423636876e-01
1.725396287448169308e-01
1.742572054358893785e-01
1.760047219960178544e-01
1.786974181632751957e-01
1.807471954800289604e-01
1.822068824047761437e-01
1.832658655555149396e-01
1.850372288901099838e-01
1.871071823940277379e-01
1.883073348994263041e-01
1.902780255975870527e-01
1.921515147487465880e-01
1.931640320929605137e-01
1.942338075077313375e-01
1.972398176883247700e-01
1.989429901003431644e-01
2.005029739607684380e-01
2.026217794939321193e-01
2.036046861505150518e-01
2.053510820721198282e-01
2.071369898364548989e-01
2.090798880107873070e-01
2.112424844056729478e-01
2.121303201602275368e-01
2.136070880125981730e-01
2.154301341511639101e-01
2.176741919873482756e-01
2.198306033038154306e-01
2.207462366777672991e-01
2.218426461465068389e-01
2.239678817293530300e-01
2.250903641007901690e-01
2.264732602163916364e-01
2.287804654833131002e-01
2.303034258237930121e-01
2.312414108225710474e-01
2.329087736489045823e-01
2.355182283615359640e-01
2.368886509081965797e-01
2.384635623338683119e-01
2.399105377292876651e-01
2.413718595048878757e-01
2.430854738330186782e-01
2.448275693536033915e-01
2.465843622615895570e-01
2.480115209263258347e-01
2.493706339011779183e-01
2.506260958367166891e-01
2.519778053290290809e-01
2.541094307617948744e-01
2.564814840871615931e-01
2.571710918664078527e-01
2.587018202128799071e-01
2.603979641093822073e-01
2.614531493796282691e-01
2.633622544040322699e-01
2.650720600160548224e-01
2.664762898433277738e-01
2.676993764101733841e-01
2.694175578936680027e-01
2.709131637473021215e-01
2.722406954672409451e-01
2.740355088585862964e-01
2.749480838131510008e-01
2.766498858872031286e-01
2.784118775855723427e-01
2.797911639277452234e-01
2.815630127300758900e-01
2.827669485177442543e-01
2.843185266829628688e-01
2.848865434431729349e-01
2.869106179526046407e-01
2.891054866132714563e-01
2.897251823452739461e-01
2.915173487933185315e-01
2.931444845514356023e-01
2.951492063632538132e-01
2.958078321166308089e-01
2.978085526059619514e-01
2.990816647751745050e-01
2.998920982345110731e-01
3.016719027798578368e-01
3.030736136485654986e-01
3.044671730941105880e-01
3.057289121460148862e-01
3.074254280248457927e-01
3.086017958024631636e-01
3.105817197040223743e-01
3.115762622169899188e-01
3.129497764865560305e-01
3.142754689094210407e-01
3.155493260522642118e-01
3.171321202335538048e-01
3.184831657925847326e-01
3.200837563637771166e-01
3.215845937979839309e-01
3.227230054037801277e-01
3.240739510020354541e-01
3.258229804233513383e-01
3.273730364153203953e-01
3.287542497382516249e-01
3.300475876717915424e-01
3.307303491777159321e-01
3.323114509009778561e-01
3.339789490514128434e-01
3.352050177601130221e-01
3.367183900647529038e-01
3.378597984443979518e-01
3.390383890298462322e-01
3.407567797606341209e-01
3.416629340840022788e-01
3.429578260683678881e-01
3.446165749644668486e-01
3.460364722716031127e-01
3.473184315984739201e-01
3.480414878986233251e-01
3.493122856618243177e-01
3.511326378670482917e-01
3.526146507413792097e-01
3.540176617158511396e-01
3.549952352782614895e-01
3.560068891359495780e-01
3.576314142681275010e-01
3.589782481347224552e-01
3.602008270041776594e-01
3.617093487668479601e-01
3.628291378015059965e-01
3.636390345966694082e-01
3.652036243901292667e-01
3.664101505548299498e-01
3.673172367824124596e-01
3.687514313170675018e-01
3.702626609455488271e-01
3.714120443326274223e-01
3.728644755819074397e-01
3.741582912607420708e-01
3.749384659318512614e-01
3.768410181901064027e-01
3.778881366021395460e-01
3.789133020906509386e-01
3.797842440340877257e-01
3.811535812035486415e-01
3.828410133087277734e-01
3.842794517571562207e-01
3.857258375478274659e-01
3.866724762255749903e-01
3.880926077556399179e-01
3.888379029210294879e-01
3.901534549309331190e-01
3.914428350211937024e-01
3.925376486834407097e-01
3.933989260186805392e-01
3.948110633830895222e-01
3.960865596160374480e-01
3.961982533650674210e-01
3.983933836111223092e-01
3.997383747399234633e-01
4.009339545361936263e-01
4.019736153239468757e-01
4.031888357057784589e-01
4.043591977747788557e-01
4.056074629661667874e-01
4.062227678440611944e-01
4.076138636764761736e-01
4.087711055556381146e-01
4.097998794534941647e-01
4.109870302774097928e-01
4.118066663557105600e-01
4.130661860364971960e-01
4.144251249631865641e-01
4.154603883101447015e-01
4.167394196548769303e-01
4.182709974276010989e-01
4.189261215007766270e-01
4.201165973311815072e-01
4.211993899673847075e-01
4.224107487636521996e-01
4.236029915280813407e-01
4.248446433689223034e-01
4.255965385517719302e-01
4.267488354784583215e-01
4.280135685026331682e-01
4.290567563700076748e-01
4.301565280564901839e-01
4.311284328242717123e-01
4.323437322635877433e-01
4.332891696550459915e-01
4.344056603850918186e-01
4.354436420116688522e-01
4.363307201098040045e-01
4.374379827726102010e-01
4.387095975833869010e-01
4.395956735740621513e-01
4.407030490582378723e-01
4.421897444495574980e-01
4.434091112485044062e-01
4.448066363490685293e-01
4.455142692755023059e-01
4.462198018875544459e-01
4.466049367101415091e-01
4.478543309325972444e-01
4.493500275529528909e-01
4.503240501486792668e-01
4.513273592372958332e-01
4.524263848375072450e-01
4.536059821613004361e-01
4.547703021599193707e-01
4.557010720612121313e-01
4.564118080369998220e-01
4.572728078654415551e-01
4.583095153035083857e-01
4.595556517572411126e-01
4.605010916250876218e-01
4.611322131122767565e-01
4.622985838227249844e-01
4.635924729970816727e-01
4.645504608648909906e-01
4.656597146990892888e-01
4.665592325152005948e-01
4.678654613513568150e-01
4.685403742443259856e-01
4.698129706692374397e-01
4.707233331604220306e-01
4.713456845176377530e-01
4.726495272226201583e-01
4.735993756596345583e-01
4.742436340460050026e-01
4.755540329902524510e-01
4.764710062210666952e-01
4.774451378130633583e-01
4.786712819931788765e-01
4.795132759789699217e-01
4.801640525059718834e-01
4.810653276198415540e-01
4.820928405608563838e-01
4.831850995150376860e-01
4.839305192658961419e-01
4.848449487687935822e-01
4.861197744267993781e-01
4.870433771001577150e-01
4.878270351352322343e-01
4.888551962481337831e-01
4.896853816408997528e-01
4.908413222266214126e-01
4.920008508564432392e-01
4.923065860676952843e-01
4.930762421627071235e-01
4.940517251597627557e-01
4.950009877544562786e-01
4.961218605574843066e-01
4.970181093987185994e-01
4.978485294008068163e-01
4.987508658312940213e-01
4.999915960000610449e-01
5.008575246552370297e-01
5.016517895228834734e-01
5.024887833128921510e-01
5.033669165724146133e-01
5.046762241802124072e-01
5.053240024440084355e-01
5.062032800600044791e-01
5.070747810428132274e-01
5.079811275891238376e-01
5.088438073403861450e-01
5.095886664361016782e-01
5.101607446280713720e-01
5.114011308950622281e-01
5.121087144881929509e-01
5.127858510109638557e-01
5.136970749148220827e-01
5.145063077502937121e-01
5.156321726521578830e-01
5.166099457270676432e-01
5.175417955159085093e-01
5.182275449700513015e-01
5.191301234091352246e-01
5.198620609461044317e-01
5.206750675122798766e-01
5.214238270865663161e-01
5.223750368503836672e-01
5.235030375638795030e-01
5.241620368803991958e-01
5.247091781951190859e-01
5.252997588510313065e-01
5.264415396392737589e-01
5.272135846446621699e-01
5.281460456762474553e-01
5.290896946978450588e-01
5.297928674090868206e-01
5.311325581957102582e-01
5.315471701078549049e-01
5.328011971969542904e-01
5.332536100551049651e-01
5.340618552810493247e-01
5.348184444142273231e-01
5.356094043105512625e-01
5.363660860392879259e-01
5.373079799400071188e-01
5.378943602726533602e-01
5.387603921578622002e-01
5.398780268098926083e-01
5.406577355843205090e-01
5.412179480493234385e-01
5.420169904551113138e-01
5.427340309067352209e-01
5.437565580942200771e-01
5.443454486252354840e-01
5.453569651273617591e-01
5.462773715604912761e-01
5.467843127136869930e-01
5.474030522721837766e-01
5.485041520797754311e-01
5.489691694844596181e-01
5.498530962526365640e-01
5.506544837186637675e-01
5.516447700143770616e-01
5.523670760218648557e-01
5.530447446327354522e-01
5.537164706125780045e-01
5.542086805622237211e-01
5.551799521254442427e-01
5.559673030558873741e-01
5.567523814362543844e-01
5.572943120911264536e-01
5.581415892760877018e-01
5.586273394350035337e-01
5.592378290507798999e-01
5.603648364602353826e-01
5.611590011035815229e-01
5.618573464889474733e-01
5.626259588560980074e-01
5.634167403958463272e-01
5.639819370300729329e-01
5.647911805593501811e-01
5.655147643319019535e-01
5.664886560726587472e-01
5.672223969231851015e-01
5.676885708432422017e-01
5.683180421171488694e-01
5.690797582779176800e-01
5.698156470069996038e-01
5.705357337347749525e-01
5.712299690757781656e-01
5.721700703078290706e-01
5.729860050776305336e-01
5.735204765490713452e-01
5.742090000781571169e-01
5.745003039355910390e-01
5.756380746221737565e-01
5.764604331942693172e-01
5.769440118793653927e-01
5.778237398507263256e-01
5.781284512246505081e-01
5.790062201318607604e-01
5.797624923863353708e-01
5.802506222890632115e-01
5.813003335660287263e-01
5.819332447644722794e-01
5.826205779335948964e-01
5.829159023686668606e-01
5.837700229706789257e-01
5.845983780208960923e-01
5.851370641091494518e-01
5.858497433928782083e-01
5.866020423909411585e-01
5.870608880656497108e-01
5.879468618391381352e-01
5.886547963960705454e-01
5.892851612955463114e-01
5.901259259979615424e-01
5.905285237620896410e-01
5.913374296792024420e-01
5.917756305120392968e-01
5.923413805749654371e-01
5.930985847416414547e-01
5.936722326156924634e-01
5.945574715640670194e-01
5.951910077599847915e-01
5.959601281536381912e-01
5.966957283549882973e-01
5.971283506468779700e-01
5.977923966575027226e-01
5.985131592330946715e-01
5.989352713731836975e-01
5.998545058695375909e-01
6.005245615528441716e-01
6.010693496872691055e-01
6.014969331898829541e-01
6.024908124092082096e-01
6.030798375364027075e-01
6.036107022136693034e-01
6.040650988464151272e-01
6.048284677175685964e-01
6.052236365487564385e-01
6.061221174553417246e-01
6.064891889694973282e-01
6.073372963937085922e-01
6.077647213627689338e-01
6.087170441708423807e-01
6.092331019356234112e-01
6.097405005444226367e-01
6.106030167091458516e-01
6.108147514554912449e-01
6.116061538080791449e-01
6.121351047148425595e-01
6.128736053870869060e-01
6.133773024751298930e-01
6.142676532737095796e-01
6.146147909522177155e-01
6.153810625974034387e-01
6.161337696384259210e-01
6.165308950451556802e-01
6.171956437813934659e-01
6.178721818259834686e-01
6.184173897231924899e-01
6.190087463569196036e-01
6.194941621441881763e-01
6.201982976631821298e-01
6.206472067806019233e-01
6.212939827375428825e-01
6.218062298523387987e-01
6.224213539280368801e-01
6.233514627438592193e-01
6.236764616645186221e-01
6.243307968066733604e-01
6.249976414414784021e-01
6.256520826927061130e-01
6.260817545686091501e-01
6.266848803971110105e-01
6.271462739640398798e-01
6.278443370875644858e-01
6.283257068068198725e-01
6.288793325540404933e-01
6.294730706108306872e-01
6.303624617723867507e-01
6.308333357272476460e-01
6.311906823847976966e-01
6.319731113745739037e-01
6.325821569529955779e-01
6.331160663455949189e-01
6.335541729301960023e-01
6.340929656739736631e-01
6.347103380839274056e-01
6.352735753199229007e-01
6.357767831705615214e-01
6.362102559198929974e-01
6.369321007766505227e-01
6.374405158351659217e-01
6.382944033340088863e-01
6.386340691482704779e-01
6.392606649123518947e-01
6.399033666333712178e-01
6.403175078850571467e-01
6.408049329846646769e-01
6.412194980437807557e-01
6.420663562548554193e-01
6.426381716282064671e-01
6.431366437459241636e-01
6.436160342486091368e-01
6.443897618512197667e-01
6.447483285344582926e-01
6.451775821977315806e-01
6.457597882323261596e-01
6.465254994244571396e-01
6.470696342005278767e-01
6.475593736516864762e-01
6.479864218104033347e-01
6.487384003539328203e-01
6.493258358567193245e-01
6.496806723550495599e-01
6.502405393013509505e-01
6.509269891696665145e-01
6.513108762772368276e-01
6.517857454199170730e-01
6.525002042987655404e-01
6.529147460300599448e-01
6.534076163157258588e-01
6.541134862771029734e-01
6.545626420639598653e-01
6.548787228603789590e-01
6.553380075395469628e-01
6.561706077258787628e-01
6.563952775215247115e-01
6.571837936914249889e-01
6.575356906694890258e-01
6.581363924230838602e-01
6.586848305275360138e-01
6.594624419023403794e-01
6.596260000546072533e-01
6.600360835046714669e-01
6.608562120694243536e-01
6.614869545708756959e-01
6.619866436008575716e-01
6.623449782693799914e-01
6.631387022342524196e-01
6.635234103250617910e-01
6.640662834785472368e-01
6.646566389580474965e-01
6.652131569174867254e-01
6.657567376611003285e-01
6.660683077351353676e-01
6.666235036952842252e-01
6.670812736442883750e-01
6.675577091839187682e-01
6.678621374694537760e-01
6.686425952579420073e-01
6.692204046861912614e-01
6.694713648867995914e-01
6.701891477062500435e-01
6.706767101838424505e-01
6.711168230941058077e-01
6.717155669713145150e-01
6.720713021830962974e-01
6.726686349794493980e-01
6.732106519529824640e-01
6.738090264797418349e-01
6.740713116956028594e-01
6.744413847691889119e-01
6.750460875185700926e-01
6.756415416689155462e-01
6.763137040346598461e-01
6.768290879024988493e-01
6.773238252733405629e-01
6.777915737470187052e-01
6.781783311942263248e-01
6.783505999870981240e-01
6.791213752836027240e-01
6.795206487081819624e-01
6.801057355466743060e-01
6.805987221320469738e-01
6.811106335266221556e-01
6.816506290683034264e-01
6.821004805761755607e-01
6.824461916704541720e-01
6.830672121027165922e-01
6.834546517357432682e-01
6.840893848590122728e-01
6.846381901668414649e-01
6.851609148955816186e-01
6.858097444485120597e-01
6.860909450131671417e-01
6.863562038981663171e-01
6.870187532984722845e-01
6.874910898145176752e-01
6.881862528913811339e-01
6.881884316632554954e-01
6.888215588305435233e-01
6.894256723048967084e-01
6.896013074235451956e-01
6.902550542225709407e-01
6.908233425111400816e-01
6.913960982349189877e-01
6.916958014519597464e-01
6.922978694531096711e-01
6.928207121001271895e-01
6.932617251608680364e-01
6.937397917013484738e-01
6.940722474400241593e-01
6.948877255714904777e-01
6.951372135145527098e-01
6.957560372671592885e-01
6.960624258971261913e-01
6.966020862634130228e-01
6.969390657469284323e-01
6.973795454280248274e-01
6.979583033718387286e-01
6.982629398285553624e-01
6.987715653366959323e-01
6.993597493290790723e-01
6.995716179417504899e-01
7.002369881406030894e-01
7.006546431334191860e-01
7.009217155928568754e-01
7.015721330596548233e-01
7.016807838485010773e-01
7.027267481475418798e-01
7.029865598099180879e-01
7.034082510621059159e-01
7.035113214335083631e-01
7.042494010810484983e-01
7.043376292923854143e-01
7.050980714138417316e-01
7.058038840847303819e-01
7.060458641908976540e-01
7.065470969402452006e-01
7.071861672949611988e-01
7.075871367540762513e-01
7.078572773730005263e-01
7.083683978245205459e-01
7.089184692159653522e-01
7.089031016039271105e-01
7.095350809072040743e-01
7.099176234281207032e-01
7.103168939805775128e-01
7.107315331401153902e-01
7.113181889567686822e-01
7.117994996829714038e-01
7.122978763151747161e-01
7.126440666106216293e-01
7.130446241901166049e-01
7.136777308813140319e-01
7.139310860417193982e-01
7.146778071419135347e-01
7.147250450253559428e-01
7.154659977492930922e-01
7.158421055807283606e-01
7.160994760243015733e-01
7.164734095630778121e-01
7.170775435239193918e-01
7.174790923847287338e-01
7.180632159782324164e-01
7.181320416156431463e-01
7.185977649927872690e-01
7.190729820273262796e-01
7.195176627529487057e-01
7.200680439437502356e-01
7.205159280249818776e-01
7.210742512648244951e-01
7.213019377529055198e-01
7.215076211161605135e-01
7.220676607565262861e-01
7.227916604415592916e-01
7.228413659028902760e-01
7.231944787184272361e-01
7.236901422449296684e-01
7.242167239804452317e-01
7.247836590217331398e-01
7.251636172836110061e-01
7.255636022694693654e-01
7.259272541558943193e-01
7.261639862521818145e-01
7.266297782741902855e-01
7.269275847047264039e-01
7.272940717900435725e-01
7.279850835133965248e-01
7.282375554642261939e-01
7.285001813663259940e-01
7.288934481566239354e-01
7.293941756320682090e-01
7.298348421070757208e-01
7.301893981255395127e-01
7.305879534686963162e-01
7.310459396290523992e-01
7.313203188109679287e-01
7.320321057720923230e-01
7.324229572709890501e-01
7.326685753159888348e-01
7.331169332593512333e-01
7.335409257215057544e-01
7.338598889418164184e-01
7.340632997289194828e-01
7.349362634926289717e-01
7.350708340141001162e-01
7.353007669122658685e-01
7.357855256687387824e-01
7.361781805261753409e-01
7.365702664015425505e-01
7.369588168534285666e-01
7.374749016221727738e-01
7.376850764211150269e-01
7.381420142298370513e-01
7.385465036113744164e-01
7.389582020435834231e-01
7.392697897362923154e-01
7.397550348363869377e-01
7.400247310890426533e-01
7.405156313886095409e-01
7.408199514878944791e-01
7.412023597116993434e-01
7.414952766254974126e-01
7.420750967259277520e-01
7.421584833919265822e-01
7.427899642114133005e-01
7.430535596324824299e-01
7.433376448443802520e-01
7.438716592053735699e-01
7.440476146924625001e-01
7.444699015091080785e-01
7.448919546636694200e-01
7.452628403325448625e-01
7.454747848918188424e-01
7.459101789274701355e-01
7.464169589418766515e-01
7.468091985973431823e-01
7.472709033488302843e-01
7.473982483630409179e-01
7.478614755864366748e-01
7.482711931989944887e-01
7.485041716362179631e-01
7.489202774951110309e-01
7.492555151579028960e-01
7.495727859176145591e-01
7.498244807496393660e-01
7.501571603572139146e-01
7.505863946112640850e-01
7.510716612772911915e-01
7.515484070182216758e-01
7.518853299789194367e-01
7.520954870353173671e-01
7.525120063242421997e-01
7.528745834538460580e-01
7.531572737521698979e-01
7.535134887938386150e-01
7.539589999947986509e-01
7.540013902519900890e-01
7.545683057851446662e-01
7.545352226044049759e-01
7.550786727508287388e-01
7.556505844115386505e-01
7.559472709279033698e-01
7.561433032991125014e-01
7.564503473243476828e-01
7.566541023623507556e-01
7.571547414412965749e-01
7.576400380927169609e-01
7.580448536605363108e-01
7.582113683372149193e-01
7.586582018160672458e-01
7.590417978166699164e-01
7.589968949572323265e-01
7.596503104005742912e-01
7.598861219804311506e-01
7.601460164925125662e-01
7.605144330495111626e-01
7.609400858031287740e-01
7.609075308923871628e-01
7.615648747018998188e-01
7.617307413172293984e-01
7.620074850584828141e-01
7.623655833807505555e-01
7.627106095693023669e-01
7.630123029468098839e-01
7.633771780702451881e-01
7.639392336055805810e-01
7.640028795921403049e-01
7.645083823938563228e-01
7.648661509465121133e-01
7.651886561799292608e-01
7.653744397466958338e-01
7.657915418196371560e-01
7.660649766090226187e-01
7.661813163942516880e-01
7.667621176929232396e-01
7.669744029156635445e-01
7.673647254945903384e-01
7.675110344065366741e-01
7.679001374585417983e-01
7.683021238299290179e-01
7.685665111495860735e-01
7.687980139924041056e-01
7.690673704320596382e-01
7.693000865667647403e-01
7.697818947130302680e-01
7.702487536304524207e-01
7.702325415319672963e-01
7.707009685304950786e-01
7.712275841810892762e-01
7.711920676171754030e-01
7.714594463371977628e-01
7.719557844972938510e-01
7.721397451437995718e-01
7.725167865359126029e-01
7.729956327253507675e-01
7.732887104665586708e-01
7.732453350588087693e-01
7.737041615506453640e-01
7.740151730874756941e-01
7.742055614073960479e-01
7.745173768598383468e-01
7.749095124995803996e-01
7.753190432001177967e-01
7.754962398286600056e-01
7.757788306601276496e-01
7.759438654327085461e-01
7.763891930879393000e-01
7.767569922431802887e-01
7.768403962825609632e-01
7.772623917297170060e-01
7.774139508486631600e-01
7.776278199609752972e-01
7.779549943539397772e-01
7.783577071948328818e-01
7.787690360053116656e-01
7.788792144183931399e-01
7.792312018408844576e-01
7.794263779975335593e-01
7.798959052749361298e-01
7.799678950415992462e-01
7.801579256501571802e-01
7.804501095128170141e-01
7.809905716536661435e-01
7.810731091167585349e-01
7.814175996963779181e-01
7.816432417834101587e-01
7.819362991981723132e-01
7.821997829669211644e-01
7.824862946552149090e-01
7.826392042847706287e-01
7.831346912924809223e-01
7.833690967195697796e-01
7.836450662518217314e-01
7.840090975318170230e-01
7.842942915329556008e-01
7.845010228029859478e-01
7.848338392309298639e-01
7.851897452900512553e-01
7.853025569058955657e-01
7.858176624697723600e-01
7.857927551220608153e-01
7.860606360763504608e-01
7.862626553281590880e-01
7.866202091791159035e-01
7.868961519301058694e-01
7.872228131073718549e-01
7.873703864194472324e-01
7.877497574584872986e-01
7.879815370197813529e-01
7.881785739975160077e-01
7.886457738590464395e-01
7.888622346412561548e-01
7.891314457326211729e-01
7.893062505852526112e-01
7.895063601892627903e-01
7.897844435360135140e-01
7.901420565249016592e-01
7.903593500088521573e-01
7.907628349649925559e-01
7.909283691863602250e-01
7.911001890355987554e-01
7.912891405907184206e-01
7.917561435883766485e-01
7.918857520520546922e-01
7.922064148451015697e-01
7.923687177665746928e-01
7.927263659805151574e-01
7.931377518466675713e-01
7.932702904842652281e-01
7.934874585469262609e-01
7.937575673734424964e-01
7.940280526412698547e-01
7.942613300185287217e-01
7.944371370358939144e-01
7.948938499406028590e-01
7.949996399345178322e-01
7.952837818143457804e-01
7.955614849790176857e-01
7.957630930155735749e-01
7.959796655738357041e-01
7.963402014841558518e-01
7.965621534623593680e-01
7.968669779249275553e-01
7.971116849793357106e-01
7.973567593942536558e-01
7.974265890243970034e-01
7.978089724564120244e-01
7.979846034688232725e-01
7.982997833121947551e-01
7.984708233491956131e-01
7.987504096067763459e-01
7.989587135999504097e-01
7.993964905614957539e-01
7.996931171277992245e-01
7.997857215414453380e-01
8.001208705585409753e-01
8.002374887882739429e-01
8.006588086772238322e-01
8.006507185412785610e-01
8.009104790799532747e-01
8.009409987933483466e-01
8.016228385372937693e-01
8.015734031801932113e-01
8.018606888148441802e-01
8.022142415095697698e-01
8.024742565432161356e-01
8.026677447301026058e-01
8.028632485775567540e-01
8.033064833666193616e-01
8.034875473832766568e-01
8.037025276468717783e-01
8.037789849833942846e-01
8.041731256261741567e-01
8.043669692515054148e-01
8.045093810370924636e-01
8.049250119112697499e-01
8.050281567804199456e-01
8.053425373349826222e-01
8.056025772606489888e-01
8.060398789049600943e-01
8.060064032701036441e-01
8.063651867050061206e-01
8.066582411727231117e-01
8.067436343500101747e-01
8.070404317338772948e-01
8.071613539096170742e-01
8.077574451226863239e-01
8.076466721107476987e-01
8.080092532854061815e-01
8.083066321135491394e-01
8.083294083452883250e-01
8.085770233417254316e-01
8.088228601986977573e-01
8.092820162500247161e-01
8.092482454802117919e-01
