1.495962454796451874e-02
1.442964822842109779e-02
1.403206697184259180e-02
1.381543583947858651e-02
1.355212743397239336e-02
1.334762461853719259e-02
1.289773345257252436e-02
1.253772939810306360e-02
1.248852732352035561e-02
1.220561299031129934e-02
1.207198653026421431e-02
1.060132441575186227e-02
1.105577544407029995e-02
1.382886711809128838e-02
1.522393229113592865e-02
1.880900656308998400e-02
2.212381802524952465e-02
2.031880188634552914e-02
1.923250970373119664e-02
1.966841462734811308e-02
1.975765349333262477e-02
2.054329637546151166e-02
2.444005977289723588e-02
2.915841855702902205e-02
2.851651832944483017e-02
3.380604337339004201e-02
4.019220735877593320e-02
4.118181539480824521e-02
4.537295716102364429e-02
4.424704627401752910e-02
4.464770175368174693e-02
4.485337490503962798e-02
4.800926615855463653e-02
4.952881559962962754e-02
5.684322534053796311e-02
6.235293392921246319e-02
6.743558644090395793e-02
7.191186845005012596e-02
7.345094592879089501e-02
7.372924229740739077e-02
7.676452272025552359e-02
7.841109060524947827e-02
8.072140678178722772e-02
8.353912890691678195e-02
8.671521101203184811e-02
9.187541731569549841e-02
9.597968033675692567e-02
9.967700330255092889e-02
1.028107698437557699e-01
1.075381104565458074e-01
1.094124891007344363e-01
1.111510085314502266e-01
1.150759436457326618e-01
1.156431896773779250e-01
1.193418433328483630e-01
1.248406181537022319e-01
1.294020097099695676e-01
1.332978142942258803e-01
1.366042375749552951e-01
1.386530769180675526e-01
1.421258936253615712e-01
1.445897815401118169e-01
1.496216144020703909e-01
1.509086692651329942e-01
1.549198073784376350e-01
1.585061817405022666e-01
1.604150450186883625e-01
1.640706633459932950e-01
1.673065182062399014e-01
1.699018636797315074e-01
1.721873167246743552e-01
1.776892579946778017e-01
1.808095142858067994e-01
1.815243652616863324e-01
1.873324321159795525e-01
1.895259568722810484e-01
1.926711657562559243e-01
1.949150990244869763e-01
1.980497676607386459e-01
2.004165861959742168e-01
2.041387542018633927e-01
2.069949431815548968e-01
2.100281367518003206e-01
2.137889781655787358e-01
2.172596096022299805e-01
2.209079995752200598e-01
2.236741033395018285e-01
2.262707211790928319e-01
2.290217391753713028e-01
2.316374459244890105e-01
2.349920914110548986e-01
2.384466027417294631e-01
2.411410772235517141e-01
2.438153960506945495e-01
2.464193461014251574e-01
2.486271500616354657e-01
2.511801047880341531e-01
2.544312658841710317e-01
2.568789120304708629e-01
2.606620709569688610e-01
2.652475660453726403e-01
2.666412205279212744e-01
2.698125119111417503e-01
2.721082734023199667e-01
2.750727124925181344e-01
2.761891999809577003e-01
2.794321734357423370e-01
2.829559128116588829e-01
2.863100389480330854e-01
2.887768219172819895e-01
2.901695958854539348e-01
2.927480383036402123e-01
2.953974982215905598e-01
2.984431884300067228e-01
3.004020295263772899e-01
3.031146341847087422e-01
3.068882365229955167e-01
3.088167911555763645e-01
3.111285422071939921e-01
3.134962221082615574e-01
3.156525082577326113e-01
3.184973222983027430e-01
3.224652234992393396e-01
3.241195876197734416e-01
3.258597875379037334e-01
3.285588644984662188e-01
3.307787464320894322e-01
3.332065320921341889e-01
3.362537047122653444e-01
3.380888379791520681e-01
3.411082909882709457e-01
3.430655208514618582e-01
3.445901850486897677e-01
3.475015058249371624e-01
3.495096031642265233e-01
3.525923551101314279e-01
3.543355414547338933e-01
3.564908639714300942e-01
3.588745953697035640e-01
3.611970384205939189e-01
3.632233547309994259e-01
3.655788307192607278e-01
3.677311994140941009e-01
3.705258404139004647e-01
3.721515539426959451e-01
3.743361902424657273e-01
3.764967831055392455e-01
3.782803890995399820e-01
3.802825348412705586e-01
3.826980312932768413e-01
3.848209042722203210e-01
3.865788528969832938e-01
3.893678204387225339e-01
3.910274554046507256e-01
3.930098540774930038e-01
3.948757343259992059e-01
3.969964840279633922e-01
3.989954978875357439e-01
4.012938488071543519e-01
4.033997147813719875e-01
4.051832696222376629e-01
4.075562356524218277e-01
4.090823791188673009e-01
4.104917513652774907e-01
4.122832187658254099e-01
4.138943162501314554e-01
4.167758391974886178e-01
4.187817968428233506e-01
4.208887537826684344e-01
4.225715047649204470e-01
4.240783071260992854e-01
4.252584286298426441e-01
4.281596294613438936e-01
4.297509536285661347e-01
4.314416364398793169e-01
4.333097402565965206e-01
4.348120544813273147e-01
4.369420292115061000e-01
4.389191624876221387e-01
4.408734179998802238e-01
4.423487180583782208e-01
4.438058737696755629e-01
4.457354169718772963e-01
4.476412252450324147e-01
4.491221497595615508e-01
4.509356309393054985e-01
4.521369782952520677e-01
4.541623089692934379e-01
4.561415239942387401e-01
4.574160316237693147e-01
4.591014252693946807e-01
4.612145570228497471e-01
4.625364539147537313e-01
4.646698839367000011e-01
4.660771614628955728e-01
4.671839403160024107e-01
4.693349288966496280e-01
4.704224870215570342e-01
4.720446526870773485e-01
4.731745246691761442e-01
4.750941975504298642e-01
4.769546444312562361e-01
4.779581771709157101e-01
4.796841180020606221e-01
4.810435564974265277e-01
4.831287735559739449e-01
4.846682484127070589e-01
4.865924743099739880e-01
4.876656138112150374e-01
4.893534444544276329e-01
4.903070756229754856e-01
4.919699599933330947e-01
4.935044306745604570e-01
4.949118903828997884e-01
4.962168908846586457e-01
4.976986733933642659e-01
4.992547694824953086e-01
5.008304425207499300e-01
5.021471144809556142e-01
5.033220489596952341e-01
5.037898367037982883e-01
5.058077052347611513e-01
5.078369522158275862e-01
5.084058516050568022e-01
5.101006435373097725e-01
5.113382954869479802e-01
5.122519386111172857e-01
5.137352427483038442e-01
5.155694164386173117e-01
5.167286130570030167e-01
5.182318484597283614e-01
5.193432135721219867e-01
5.209210966568064149e-01
5.218635926166698136e-01
5.234111838097575964e-01
5.243990584757005635e-01
5.251691797320964250e-01
5.270326076810338822e-01
5.284783587741753719e-01
5.297422301226460961e-01
5.306336009516269270e-01
5.320097050306380471e-01
5.335454255000982027e-01
5.349366357769903546e-01
5.357257769580889839e-01
5.369874612844796058e-01
5.384188804245476634e-01
5.392228678190367219e-01
5.410513149109310582e-01
5.417996757974664623e-01
5.429394068614756819e-01
5.446499938076577729e-01
5.458036164482141794e-01
5.465283549237117677e-01
5.481501937819917014e-01
5.492717539259094339e-01
5.501680053572360896e-01
5.512468753230382879e-01
5.520906681502742996e-01
5.538080288023325970e-01
5.547652237046384327e-01
5.559005481844295771e-01
5.571597769380913778e-01
5.582388587804442137e-01
5.593881210677177362e-01
5.601711496910447563e-01
5.614678520625283609e-01
5.623467891732293333e-01
5.637020394601911510e-01
5.649138693197853778e-01
5.655524560264848510e-01
5.672918220306828463e-01
5.674673797710990675e-01
5.690945835257185115e-01
5.703165442010376118e-01
5.710677035532573109e-01
5.723399624891857274e-01
5.732335749446597628e-01
5.743561446598642872e-01
5.750043056664939645e-01
5.760440627070565478e-01
5.767658852846803130e-01
5.780381011684755377e-01
5.790727674696978244e-01
5.800099901675975778e-01
5.810561173857498041e-01
5.823895873477378249e-01
5.829632920132078455e-01
5.837150944690323584e-01
5.848248640385126373e-01
5.856494856943988969e-01
5.866628137159898282e-01
5.876909328923458631e-01
5.888269992609488357e-01
5.896239192697051434e-01
5.904881964688202256e-01
5.913104973394980313e-01
5.924100053099565777e-01
5.933210729270974593e-01
5.940119302377722121e-01
5.955768923654595204e-01
5.958602067361566945e-01
5.968879980766224058e-01
5.983292720505195561e-01
5.991006724440781639e-01
6.002606794953675440e-01
6.009550413378105249e-01
6.015499673888353716e-01
6.028121791375388172e-01
6.034695533391791766e-01
6.042218681426546611e-01
6.051001458956070111e-01
6.061829039484561976e-01
6.065199318432488163e-01
6.074575549661345164e-01
6.084942667640750313e-01
6.093848083145118055e-01
6.101988228226175037e-01
6.108076380344820144e-01
6.116108574691970778e-01
6.128437328812347262e-01
6.138433385232596740e-01
6.145262938036215594e-01
6.153464774829489059e-01
6.158609851841032601e-01
6.171423810043683567e-01
6.176249380977277825e-01
6.185870751080877472e-01
6.193974796465588906e-01
6.200746961222831644e-01
6.209590609127866312e-01
6.217721992650606655e-01
6.224967414433599799e-01
6.235030493289858144e-01
6.242942200137696629e-01
6.248906410953020130e-01
6.258995709478294422e-01
6.264363249021404068e-01
6.272120933009839305e-01
6.280596621401959290e-01
6.288601281268849652e-01
6.296902630442798854e-01
6.301203172847218426e-01
6.308586868918368840e-01
6.316923076305839269e-01
6.327103728511253022e-01
6.335229366027179676e-01
6.339565647470413179e-01
6.350783175018327453e-01
6.357141670611690110e-01
6.363095610263076463e-01
6.369215334980338206e-01
6.378507440936364015e-01
6.383621991344050617e-01
6.391769387986142581e-01
6.402782151843864344e-01
6.407920999361287340e-01
6.412816708234326812e-01
6.422403080764911287e-01
6.426511948847861699e-01
6.436717459658412022e-01
6.441977118612406406e-01
6.448676991009848480e-01
6.454883507309392421e-01
6.461354713853328935e-01
6.467760430097250213e-01
6.474331412930111052e-01
6.484167272706846674e-01
6.488158965988999327e-01
6.494437183568444460e-01
6.503229882627334923e-01
6.512022607455684176e-01
6.512096078949538569e-01
6.523766774753798625e-01
6.531147222195967661e-01
6.534948595537750649e-01
6.541571619176816954e-01
6.549110303985848924e-01
6.552517879031608539e-01
6.560062347290012141e-01
6.570844585845473373e-01
6.576691693747781509e-01
6.580953707985577328e-01
6.585182824112475464e-01
6.596779239436432185e-01
6.604275524142034781e-01
6.610583064404618181e-01
6.612778301084033528e-01
6.621099344925905905e-01
6.630187262197847486e-01
6.632945847874098799e-01
6.639074108849640776e-01
6.648365310008321760e-01
6.649462229003297864e-01
6.655649261394542826e-01
6.664975430455788441e-01
6.670449262290645276e-01
6.671679307662010672e-01
6.681504037834664622e-01
6.690635405545528602e-01
6.694219236090254155e-01
6.696977757067554826e-01
6.704782525135294380e-01
6.710659398678801013e-01
6.717791491245193036e-01
6.723349993611279496e-01
6.726707676671711544e-01
6.730313208873600628e-01
6.738892877813954518e-01
6.746360978853804813e-01
6.753532098698755703e-01
6.758422182335668271e-01
6.759053578991359723e-01
6.770000596874851118e-01
6.774130817996227849e-01
6.781513349485486231e-01
6.788394740973070496e-01
6.793086939959458448e-01
6.798909534678346800e-01
6.804538869703012915e-01
6.811660082892746493e-01
6.814451190212855725e-01
6.818591885536027242e-01
6.827718512457806588e-01
6.829136060592716495e-01
6.836258905219465554e-01
6.838428589770673138e-01
6.846060550815991075e-01
6.853293823348206582e-01
6.857023167174394196e-01
6.862885760410495362e-01
6.869067231325181044e-01
6.871922626420290392e-01
6.876582458335721570e-01
6.883202304212018285e-01
6.892420583580595173e-01
6.895426915658561251e-01
6.897614351319155679e-01
6.901802031760436718e-01
6.909207754592766593e-01
6.916978648887915915e-01
6.921064870685562642e-01
6.924454561748626391e-01
6.931972252899746278e-01
6.935026063809702768e-01
6.938296837299389175e-01
6.948039031925072884e-01
6.950012137064094375e-01
6.955227002741019016e-01
6.962247592366760385e-01
6.967886398815329452e-01
6.970156747639123518e-01
6.976792858991736068e-01
6.982313500224506253e-01
6.989658006735129936e-01
6.993505766492782438e-01
6.996282904265218594e-01
7.003705243895720356e-01
7.008349399641700117e-01
7.010208225575482732e-01
7.017282338255761420e-01
7.021503902876808922e-01
7.028662064012287658e-01
7.032245759958272169e-01
7.036169788789973234e-01
7.041000586394722260e-01
7.047245571720219814e-01
7.049629211251368099e-01
7.057211163256938979e-01
7.059121637747154399e-01
7.062434308730183297e-01
7.072128718798394997e-01
7.072351221072615823e-01
7.076623236538270856e-01
7.082426288502986500e-01
7.087634063594911993e-01
7.092357048656522389e-01
7.096780306141683425e-01
7.101442327766340767e-01
7.105065166484227923e-01
7.109713376551098918e-01
7.116823128427077760e-01
7.115402648838973221e-01
7.122340726118738807e-01
7.126923106049790624e-01
7.131195107169503444e-01
7.134690179388449849e-01
7.143982698045761026e-01
7.146461182584511462e-01
7.150340456628940800e-01
7.155722603389780279e-01
7.158423114833177836e-01
7.166588415310936044e-01
7.169391675228250493e-01
7.172172818078291767e-01
7.179610715107461738e-01
7.180864017002781541e-01
7.187476280264611939e-01
7.191486206713623153e-01
7.195350094817379860e-01
7.196549918352314057e-01
7.204407599444055954e-01
7.208850636334728224e-01
7.208906429343501232e-01
7.215960183607151857e-01
7.220689904640331669e-01
7.225557930091209835e-01
7.230520883503572804e-01
7.232833635632296421e-01
7.237839927100879756e-01
7.242330483250306594e-01
7.245308093353806100e-01
7.249131834813727915e-01
7.252397922098455796e-01
7.260446763615304722e-01
7.263492887202579462e-01
7.270028122465176379e-01
7.274061481097859883e-01
7.275342334947876299e-01
7.280539958610634521e-01
7.283279396412372098e-01
7.289340732016498237e-01
7.293425790242896722e-01
7.298328325635869973e-01
7.298533291131570344e-01
7.302319943686618187e-01
7.307089462656547463e-01
7.310861885672966798e-01
7.315421715612060449e-01
7.320844373779757941e-01
7.323018960346737716e-01
7.327558765593673584e-01
7.333372543305529678e-01
7.337869953459046357e-01
7.342546659993034464e-01
7.344582301783720846e-01
7.349626179481717481e-01
7.352176143308534195e-01
7.355935728835086840e-01
7.361371936925722448e-01
7.366074275831111517e-01
7.366900922865171619e-01
7.369091933524274385e-01
7.375326320621189424e-01
7.379029502992545675e-01
7.384972513152916473e-01
7.385480250184761619e-01
7.390919289981600082e-01
7.394358325856681402e-01
7.397585724518814798e-01
7.403684080972429138e-01
7.408021221989978811e-01
7.410582129154923425e-01
7.413809336143419859e-01
7.416218047879862274e-01
7.420509898583462771e-01
7.422179116193684534e-01
7.424845706010674284e-01
7.433576036270114207e-01
7.435485148149063583e-01
7.436909581267379110e-01
7.442590146306848897e-01
7.444004833126039999e-01
7.450115509952268678e-01
7.455498108927511858e-01
7.457372732197868892e-01
7.463939548657763101e-01
7.465993536033139755e-01
7.467690744765694832e-01
7.471510079799129622e-01
7.474126585953119184e-01
7.480086279549594819e-01
7.482801703007616601e-01
7.487380432207301206e-01
7.490123082860873360e-01
7.494096823800822094e-01
7.496495300411352147e-01
7.500663920543955143e-01
7.503047663916767585e-01
7.509411171597812906e-01
7.511461196088775605e-01
7.514829367055919640e-01
7.519403531038196808e-01
7.521469749468360222e-01
7.525462436781001907e-01
7.529951328201675009e-01
7.532378607085654654e-01
7.536633912516983447e-01
7.542954319344356007e-01
7.541134953343366920e-01
7.546335722895487486e-01
7.548108248843778956e-01
7.553854629869379833e-01
7.557693041861245353e-01
7.560789230077099576e-01
7.561796480673783627e-01
7.565919914793575174e-01
7.568914931837616988e-01
7.571588106768341042e-01
7.576177395792796920e-01
7.580945462462228557e-01
7.582185556709758467e-01
7.587362175300362832e-01
7.587146360357110986e-01
7.591926499257976024e-01
7.596077322642590390e-01
7.597272358408987403e-01
7.602323360834560839e-01
7.605901278631563844e-01
7.607802825417953052e-01
7.613667229531373426e-01
7.614772464758894355e-01
7.618892233152094740e-01
7.621385052202737098e-01
7.624147976552463346e-01
7.627160543831462691e-01
7.631154366191856830e-01
7.635343151282306673e-01
7.637243765302872411e-01
7.639736012279557675e-01
7.643187025261659606e-01
7.646001095176293560e-01
7.650494411803789863e-01
7.653430745092237864e-01
7.658287739466809185e-01
7.658795244459759566e-01
7.663964286683595528e-01
7.666623817772620919e-01
7.667231138090034870e-01
7.672126059703301415e-01
7.676880092327680316e-01
7.679841558067314056e-01
7.680642399558305078e-01
7.683429508845448508e-01
7.689063062414071004e-01
7.691582351785971605e-01
7.693956546872439128e-01
7.694372682731430713e-01
7.700774599405703080e-01
7.701925830293329112e-01
7.706630117153677739e-01
7.706770888192950864e-01
7.712701920081410645e-01
7.715575095553417473e-01
7.717379567128850315e-01
7.719316993223742651e-01
7.723330849498052375e-01
7.727575777310110583e-01
7.730238093452915793e-01
7.732390560132483825e-01
7.736883313753564195e-01
7.739403602963400575e-01
7.741766679914268146e-01
7.746155887805794560e-01
7.747762475628577894e-01
7.752025072922792415e-01
7.752489413227696691e-01
7.757502892771011016e-01
7.757299367709319382e-01
7.762648871917811055e-01
7.765717955349380475e-01
7.770410067027502254e-01
7.772469728992210669e-01
7.773143848170316339e-01
7.777770775017170957e-01
7.782159319990714641e-01
7.784304203627746555e-01
7.786141318542033618e-01
7.788563553533345285e-01
7.793435193890937418e-01
7.792515643951305471e-01
7.798413995612660798e-01
7.802164419120195538e-01
7.801633742426843376e-01
7.806420826064630614e-01
7.808549173024311729e-01
7.812577106811430250e-01
7.813901606038541336e-01
7.815519879400066872e-01
7.820196480954996199e-01
7.823310230378901498e-01
7.826674592174376333e-01
7.824054507717481677e-01
7.830066623688157756e-01
7.834515711856255837e-01
7.836303462946239140e-01
7.837437095130214137e-01
7.844132895202623468e-01
7.844992635703482708e-01
7.848234916764442737e-01
7.848792951066879686e-01
7.853127686671302898e-01
7.855356354570307564e-01
7.858869281303120236e-01
7.861703712350310846e-01
7.864746723058152478e-01
7.865578399484498551e-01
7.868702031954497578e-01
7.871009056406235160e-01
7.874038804916828616e-01
7.878150287515662820e-01
7.878046200256413334e-01
7.883192827962798299e-01
7.886711387401941220e-01
7.888158459112591947e-01
7.891053482228049809e-01
7.893558959723355750e-01
7.896210982873052009e-01
7.896035575813674656e-01
7.901536414510401674e-01
7.904228994366190308e-01
7.906875557675898669e-01
7.909636026152244703e-01
7.914101045302314175e-01
7.912947564152049695e-01
7.917143140542245439e-01
7.922330120456426705e-01
7.922601071378335691e-01
7.925613272195447534e-01
7.927943950678755236e-01
7.930084084499259278e-01
7.931926431512479336e-01
7.936816189814716038e-01
7.939469023463889830e-01
7.941064107346421652e-01
7.942227299201662927e-01
7.946442392606853922e-01
7.948446873497835297e-01
7.949180798128009373e-01
7.953414781038489201e-01
7.954054551633695791e-01
7.958335188695901952e-01
7.961079142982425694e-01
7.962578685793196831e-01
7.967673845425278234e-01
7.969805767412431186e-01
7.970551385117843335e-01
7.973185760670036260e-01
7.973325385157840062e-01
7.977178666828115272e-01
7.979927929345329574e-01
7.981146851116471819e-01
7.985165074553948195e-01
7.988945901120321214e-01
7.989695934127952759e-01
7.991974622603795764e-01
7.994946926373793783e-01
7.999879824544975371e-01
7.999669474132572455e-01
8.001866268917922076e-01
8.005740130963286960e-01
8.006489394887351674e-01
8.008902832642850189e-01
8.011701028012975234e-01
8.014834715584723268e-01
8.016340933104300071e-01
8.020811221411898728e-01
8.022385244417462591e-01
8.024144132903048288e-01
8.026029001060499546e-01
8.028843615659555510e-01
8.030990024782961312e-01
8.033955703235313717e-01
8.037470889311917333e-01
8.040273088071852037e-01
8.040504713413960669e-01
8.041915414840429266e-01
8.045082103690149866e-01
8.048617326453498810e-01
8.050030728864979723e-01
8.053640944078891417e-01
8.052902679538685993e-01
8.057968447959644731e-01
8.060433396265680450e-01
8.063846030005642485e-01
8.065180630644399606e-01
8.066511928372830376e-01
8.068619836385739763e-01
8.073391223461746646e-01
8.073009698894673125e-01
8.074013320617919875e-01
8.079754162741972223e-01
8.080562791695478086e-01
8.083193764232041723e-01
8.082571376338398839e-01
8.087390941256623611e-01
8.088921784511751145e-01
8.091647363153235961e-01
8.093148999061784421e-01
8.097182249701455614e-01
8.098411303356438662e-01
8.099423403811685240e-01
8.103158789196800438e-01
8.108445649517396214e-01
8.109329794943795910e-01
8.109902160870896548e-01
8.110524963505918450e-01
8.113929541257262068e-01
8.115887768877440012e-01
8.118754181953913296e-01
8.120095676135672402e-01
8.121731626324931730e-01
8.127043322565766781e-01
8.127735979703019087e-01
8.130213449667498260e-01
8.131467632586558691e-01
8.131580178084771848e-01
8.136202603085331830e-01
8.139396138194563424e-01
8.138847998737894773e-01
8.141833778014917478e-01
8.145415721084202643e-01
8.148195976149561481e-01
8.147872518113824514e-01
8.153124649515420819e-01
8.153765177265990260e-01
8.156772735957728004e-01
8.156792034020133864e-01
8.160273472992660704e-01
8.162826624005414811e-01
8.163708535815885625e-01
8.166826093725261249e-01
8.168682503199811151e-01
8.170592211754298395e-01
8.172537249731404163e-01
8.175038057367500777e-01
8.177647626290337479e-01
8.179451696192562293e-01
8.182226621732039407e-01
8.183275350112559909e-01
8.185651846805375165e-01
8.187466752899561495e-01
8.189176628535007607e-01
8.192976212536112746e-01
8.194525822647904523e-01
8.197027289652553117e-01
8.197812993364003153e-01
8.200892083900701568e-01
8.204152882134249092e-01
8.205624033565106501e-01
8.208816590589305129e-01
8.209777889068067269e-01
8.210687066215142105e-01
8.212870297913515971e-01
8.216063343758748250e-01
8.216997866663519057e-01
8.219691948528218273e-01
8.221036065549544025e-01
8.223089910467225039e-01
8.224712198080271763e-01
8.227969933591886553e-01
8.228346890976159234e-01
8.230922195812290232e-01
8.232738622495336944e-01
8.234274733912582134e-01
8.237852636928618688e-01
8.241858353667927961e-01
8.242970653554746452e-01
8.244685057968759168e-01
8.246258111778429489e-01
8.248046308751555422e-01
8.249593660942997619e-01
8.252054915698461279e-01
8.255159165618773942e-01
8.255775897219905790e-01
8.258054613534621113e-01
8.261241303936052160e-01
8.262894350593670278e-01
8.263362663634916672e-01
8.264197773533668023e-01
8.267363028069893982e-01
8.268511055923329911e-01
8.272463971200789690e-01
8.274749951033038009e-01
8.274867546486164294e-01
8.278089530047898492e-01
8.281066034673534304e-01
8.282878119403466188e-01
8.283337398786716488e-01
8.285084796773793947e-01
8.288538276416886896e-01
8.290343002636134662e-01
8.291701586350603836e-01
8.292413763357541212e-01
8.294907800484847549e-01
8.298410896073999954e-01
8.299797538940949515e-01
8.301512852704081569e-01
8.302900099547647628e-01
8.305401709114625941e-01
8.309475497820696388e-01
8.308351657657141454e-01
8.311054688309497118e-01
8.313112050058650837e-01
8.316233131518311339e-01
8.315831661016426235e-01
8.319309582184095664e-01
8.320025525901910690e-01
8.323231143031566415e-01
8.326436336729241550e-01
8.326307786119336862e-01
8.328259801522495120e-01
8.329342858845781850e-01
8.332243356776602994e-01
8.333731040908687326e-01
8.335775076852363075e-01
8.338993107532260973e-01
8.339876470280529475e-01
8.341262544471607088e-01
8.344153279727047900e-01
8.345745379384527096e-01
8.348679587548464287e-01
8.348066845865201868e-01
8.352680978599097417e-01
8.355375921841702302e-01
8.354517017641671650e-01
8.354864476912237103e-01
8.358815943577085905e-01
8.359301311750351182e-01
8.363342299551803638e-01
8.364355710189442794e-01
8.366246650590261069e-01
8.366982339003662394e-01
8.369480879883818281e-01
8.371483148179166278e-01
8.372901368938359123e-01
8.377153494858795568e-01
8.377699210673906771e-01
8.377759268313466068e-01
8.377988445250658112e-01
8.383844051772494366e-01
8.387617020457238670e-01
8.386371020762405371e-01
8.386523898997519932e-01
8.389061399496735572e-01
8.391603738188095907e-01
8.394344854918288634e-01
8.396502187528770422e-01
8.398197344282813948e-01
8.398194689156645021e-01
8.401072397197811847e-01
8.403741131507546092e-01
8.405791265341748808e-01
8.405966940876439253e-01
8.407849552051286368e-01
8.410280075643881137e-01
8.411668387413121506e-01
8.412105024816811660e-01
8.414160648399533482e-01
8.418024926084938242e-01
8.418211517275209221e-01
8.422115289303807595e-01
8.420711692146229943e-01
8.424394919755203714e-01
8.425678357832642185e-01
8.427919082151837937e-01
8.430372671924779571e-01
8.432354436791258401e-01
8.432884468014465451e-01
8.435068439050678046e-01
8.435625482474793380e-01
8.439274415089538239e-01
8.441037221854155170e-01
8.438807863867872072e-01
8.443674684165740629e-01
8.445756890931241934e-01
8.447603658753135569e-01
8.448624797056605296e-01
8.449644058175854733e-01
8.454073614599408870e-01
8.454092491127019882e-01
8.454494941438206457e-01
8.457195404555385432e-01
8.458374388610943040e-01
8.461384176830744064e-01
8.462282577663592376e-01
8.464827123791094365e-01
8.467134080131792917e-01
8.469221154798224349e-01
8.469473482523067753e-01
8.473077396773258663e-01
8.472432704094449152e-01
8.475086974861646416e-01
8.475418524277883447e-01
8.478817897338234433e-01
8.481126691347917745e-01
8.480685151811662159e-01
8.484181325727172540e-01
8.486447055125622141e-01
8.485910435733277080e-01
8.489481318589306991e-01
8.490378974562219350e-01
8.493262582352508749e-01
8.492863402426464869e-01
8.495430116426132550e-01
8.497672849684405616e-01
8.500183829941465596e-01
8.501049647658313058e-01
8.502229146694516571e-01
8.504593092216555794e-01
8.505194082134908129e-01
8.507858719841046025e-01
8.508748921237082596e-01
8.510490966893887732e-01
8.513811409933063068e-01
8.511921138822634569e-01
8.515654340226522789e-01
8.516404588907096063e-01
8.518030542937240490e-01
8.519770462906738340e-01
8.520980858085436260e-01
8.523381040849027368e-01
8.525196621356405657e-01
8.525663120155733132e-01
8.530192698751091207e-01
8.532877997137968684e-01
8.533788361018878055e-01
8.533670323665483171e-01
8.535910210065409398e-01
8.537710885608208455e-01
8.539273164343095246e-01
8.538942947751506640e-01
8.543977747693435321e-01
8.544057056346042733e-01
