3.009278514491195520e-03
2.877484802878427401e-03
2.789811707133859828e-03
3.145552860001607064e-03
3.595766734895743458e-03
3.756648157712088633e-03
3.801353637725835184e-03
3.763930630033075590e-03
3.603531112013396917e-03
3.457550496355961747e-03
3.310766961646704684e-03
2.944042617080040291e-03
3.162688918480848974e-03
4.045374122036301222e-03
4.579641720687132982e-03
5.710652147210519038e-03
6.726418879154951597e-03
6.054337690702615675e-03
5.677296436345164073e-03
5.804531758873815277e-03
5.718436637957543915e-03
6.156710869397191525e-03
7.278920256250828204e-03
9.217410089261784262e-03
8.760545388476813009e-03
1.054945332458264058e-02
1.296327530784503919e-02
1.277488409472087548e-02
1.438475217194859837e-02
1.426782092129454116e-02
1.417283950165798556e-02
1.345803485221025268e-02
1.465054251027520828e-02
1.574799106288266026e-02
1.918439031641790138e-02
2.091179682734621917e-02
2.230620090764641114e-02
2.440765373329654639e-02
2.523352208813992720e-02
2.478731123495078389e-02
2.619006828997225839e-02
2.660942828918122505e-02
2.717264949954661599e-02
2.801532746947952429e-02
2.887632294177851916e-02
3.090493897041836011e-02
3.244062656409921197e-02
3.431534772043151604e-02
3.629823952387072061e-02
3.772685784595326830e-02
3.807584607337254068e-02
3.961622627253183482e-02
4.144039447424008316e-02
4.155984720170949331e-02
4.218358362806381989e-02
4.448708946039909434e-02
4.684470457276215111e-02
4.957815583095647599e-02
5.048798617500864505e-02
5.002542900706087592e-02
5.198388346930712944e-02
5.272351700566962895e-02
5.447049664558163001e-02
5.625796071995554926e-02
5.671542030287401309e-02
5.850317138487814289e-02
6.106473910385717963e-02
6.083611163783952946e-02
6.291182875359588311e-02
6.403080835637413315e-02
6.600741549476883685e-02
6.877841952430079064e-02
6.919776638671130964e-02
7.004620277222434188e-02
7.268731872233531732e-02
7.341667009947196176e-02
7.543496756903600442e-02
7.646989088672319357e-02
7.720535523815517942e-02
8.000823752769957442e-02
8.212388576389434425e-02
8.296339631704632844e-02
8.529459727483047760e-02
8.778573991151281120e-02
8.752177723058135461e-02
8.769870464294625412e-02
8.955316444506275508e-02
9.153064009192962702e-02
9.363949645117131126e-02
9.402096700366990856e-02
9.507857342890772834e-02
9.781403443993978708e-02
9.940181819817522912e-02
1.007767934347763711e-01
1.023093977280528644e-01
1.047531063350835845e-01
1.055511255374510238e-01
1.077465607520322888e-01
1.079614399338914565e-01
1.097586664398757794e-01
1.112601636465760380e-01
1.138312452141312103e-01
1.144047939828194416e-01
1.161359902481689799e-01
1.168873156609994829e-01
1.183930890044340573e-01
1.206977060787774308e-01
1.211876253335495840e-01
1.236628785788192741e-01
1.241578998414498564e-01
1.256626647195412949e-01
1.269008419447332503e-01
1.281569267207278429e-01
1.310660477543759417e-01
1.324274847948046785e-01
1.325036579362143807e-01
1.349849473144384138e-01
1.368824834228018483e-01
1.379944951169988776e-01
1.391376590787949119e-01
1.409997537437325532e-01
1.419555836596754217e-01
1.436046435375170349e-01
1.453863303376363159e-01
1.474304211860676395e-01
1.489660622527929357e-01
1.504367463558239360e-01
1.514381420270825562e-01
1.529652470488920279e-01
1.547326321122554360e-01
1.557259000738014376e-01
1.574033536368492636e-01
1.588699030004550039e-01
1.597160450701842205e-01
1.607825117836741702e-01
1.634567739687100008e-01
1.645641527535231796e-01
1.660848549794159412e-01
1.686086720965932761e-01
1.690897372357370310e-01
1.704133202115062640e-01
1.723346879234522455e-01
1.738634874690086762e-01
1.756488438660173956e-01
1.763599544521869955e-01
1.773979342117188440e-01
1.793224838653901809e-01
1.814114253506770025e-01
1.834379601816525374e-01
1.839048468847755968e-01
1.848799047320236477e-01
1.862771003101612588e-01
1.876719908897782618e-01
1.889527304263917962e-01
1.901944237767426993e-01
1.921394952093819219e-01
1.930593217110179449e-01
1.944790976493588897e-01
1.962378581711159975e-01
1.979297481128345637e-01
1.988109611807049870e-01
2.003436304797856504e-01
2.016098275307602328e-01
2.035118529574234947e-01
2.052408834405694271e-01
2.064425083185260357e-01
2.074133511343809744e-01
2.087065968970158725e-01
2.101004737522233767e-01
2.111761668766137245e-01
2.132369847145805242e-01
2.151196776155250845e-01
2.156013061991720881e-01
2.167528289073233361e-01
2.185446389094873321e-01
2.195468794952505631e-01
2.212945280633029921e-01
2.228817411925640701e-01
2.240471098848258735e-01
2.250368682080864935e-01
2.267140313876220559e-01
2.277237369922090471e-01
2.291847265778635956e-01
2.308099852347496317e-01
2.316668650170412014e-01
2.330372373682866316e-01
2.344528438435673490e-01
2.356605414928736042e-01
2.371742492579429484e-01
2.388976417231875871e-01
2.403446411330874832e-01
2.404507576273041958e-01
2.425661605427119893e-01
2.442384318133995202e-01
2.447937066008801787e-01
2.462968942695611674e-01
2.481933848968851108e-01
2.494541315945777993e-01
2.503410513548619543e-01
2.517168596833440630e-01
2.532824838800267209e-01
2.542427614725595308e-01
2.554614679811581524e-01
2.568232037778278576e-01
2.580611392815406746e-01
2.590301949818568095e-01
2.605603392471577129e-01
2.618101715297499466e-01
2.634175246630151568e-01
2.643405505843391401e-01
2.656979164211532574e-01
2.674954091354869168e-01
2.685417291662549610e-01
2.694729643037458433e-01
2.712083062497033237e-01
2.725758011154993943e-01
2.738395191705123022e-01
2.747719485185304844e-01
2.760640517644932790e-01
2.775812231615080172e-01
2.784420560036479642e-01
2.797749481461717647e-01
2.814347393243890605e-01
2.821586823103235386e-01
2.831581757254091891e-01
2.849842624090236920e-01
2.860286045550058387e-01
2.872314710651637792e-01
2.885228313466917660e-01
2.899139982209551492e-01
2.912029917479219132e-01
2.918395551206116045e-01
2.932790286574861738e-01
2.948801094006688328e-01
2.961123677842754098e-01
2.974545022601257638e-01
2.982559666908184970e-01
2.993012688330243809e-01
3.006783685788805283e-01
3.023237556260519043e-01
3.035299362886077490e-01
3.039111458301977930e-01
3.053524622263257271e-01
3.069298763928265950e-01
3.079972620719935716e-01
3.091905770357143424e-01
3.107533123534638175e-01
3.114029167182486568e-01
3.125041081878805471e-01
3.137205543253176465e-01
3.146409950965916580e-01
3.156854063910658481e-01
3.170183414094263630e-01
3.183590735518985748e-01
3.196160042866703077e-01
3.207860689216701644e-01
3.220264650498196324e-01
3.231433633673617689e-01
3.247691836597519366e-01
3.256479699587720988e-01
3.266366498084062320e-01
3.277004847733371862e-01
3.286711032384822539e-01
3.303648517043902832e-01
3.314530890868969126e-01
3.328023340840490230e-01
3.336535102323900936e-01
3.351946836359230297e-01
3.357335634826016380e-01
3.369807664532176728e-01
3.385782947324330050e-01
3.390389630780024088e-01
3.402411470115336289e-01
3.412334851289579030e-01
3.424086696080020920e-01
3.434962785461857515e-01
3.448073934462816403e-01
3.460404574285165791e-01
3.472657358282910667e-01
3.481892299267376756e-01
3.497407284228952196e-01
3.506790464619801151e-01
3.514957088277232966e-01
3.525518231610109132e-01
3.535698978202295173e-01
3.544630372717291755e-01
3.557094762874101757e-01
3.568321668322841367e-01
3.580688935000588824e-01
3.587921648348206261e-01
3.601468197474093080e-01
3.609963382940161170e-01
3.620837473555036934e-01
3.634047065390554332e-01
3.644949908557839069e-01
3.657487641129096301e-01
3.670678336189153179e-01
3.679615899732774364e-01
3.689076870884839821e-01
3.703548287661472815e-01
3.709228080695335938e-01
3.719140085521669414e-01
3.732067832879514824e-01
3.741372481640668490e-01
3.750681476974178086e-01
3.761780978187641011e-01
3.776645852014941518e-01
3.782851978370003199e-01
3.792006271642656134e-01
3.802182637262642162e-01
3.815012646839150423e-01
3.827292847045050128e-01
3.834360595553641948e-01
3.844484631397030450e-01
3.857629351874845014e-01
3.868825456358183090e-01
3.877662412951121684e-01
3.884665674886983999e-01
3.896052577664794736e-01
3.907649758079174696e-01
3.915559378284681480e-01
3.924210089880774133e-01
3.935740743464088420e-01
3.942237895313928098e-01
3.954318936395309625e-01
3.967880079550094585e-01
3.979280501302699946e-01
3.990127252298492078e-01
3.996696888043819729e-01
4.008072235243421710e-01
4.015790010888104500e-01
4.025632246282354609e-01
4.036353697375567040e-01
4.047714774902023138e-01
4.056290238583320495e-01
4.067757552129647736e-01
4.078409191319968818e-01
4.086757151795915033e-01
4.095075805660745027e-01
4.108331431970443370e-01
4.115849989127559616e-01
4.124284637320489999e-01
4.138409653090113216e-01
4.147863853950955471e-01
4.153360435419546359e-01
4.163381514828217167e-01
4.173084651019698388e-01
4.183955225144538326e-01
4.193120916781296614e-01
4.203798902096213541e-01
4.212862906973838806e-01
4.221403334234665183e-01
4.229400235348499404e-01
4.236677656922350210e-01
4.248520659592125992e-01
4.258949134478575149e-01
4.269792475369982854e-01
4.277690829934296946e-01
4.287009327777667744e-01
4.295023409890298960e-01
4.307802710136496849e-01
4.314265452707339854e-01
4.321313058623541536e-01
4.333461320121413385e-01
4.339964552056190250e-01
4.350845298884608026e-01
4.359841300158565636e-01
4.368659023082442361e-01
4.379302329813871131e-01
4.388660185298073890e-01
4.397079554482020702e-01
4.403620886323386663e-01
4.417064742724021165e-01
4.426811799160094707e-01
4.434106865021691934e-01
4.444711804555053214e-01
4.456424763199262618e-01
4.463985391238962097e-01
4.470994461924594487e-01
4.480764111927874049e-01
4.489495120284418550e-01
4.497110687099262760e-01
4.505632569892037420e-01
4.516102856355961870e-01
4.525362774798727949e-01
4.532792816752082565e-01
4.542023652893236174e-01
4.551797162904771543e-01
4.559017593935300039e-01
4.565952260745268498e-01
4.574099788755381923e-01
4.582020496880513383e-01
4.593575904998578596e-01
4.603654567588836843e-01
4.613050409358343540e-01
4.622025861358601273e-01
4.628409378189977663e-01
4.637543873776334702e-01
4.643807880745048910e-01
4.652448531130390363e-01
4.665731813142924844e-01
4.671454085754496721e-01
4.678861159603733277e-01
4.688831869786742601e-01
4.696365282062162638e-01
4.705056490410703951e-01
4.715652421469746503e-01
4.724803226899150221e-01
4.731519838435416792e-01
4.740397238414226222e-01
4.747258208271363800e-01
4.757206546261997238e-01
4.763578374211634436e-01
4.774685204323954046e-01
4.782261879254267600e-01
4.792552232828418690e-01
4.797430816223802186e-01
4.803888237059040778e-01
4.813658342490464426e-01
4.821457208769380776e-01
4.828520864663709000e-01
4.839077918807614953e-01
4.847161004180799426e-01
4.853779156814645446e-01
4.864362126244142215e-01
4.870188603477731970e-01
4.880316252314773617e-01
4.891263057788248769e-01
4.896095016020176049e-01
4.901937974568351675e-01
4.911086284799290325e-01
4.918324470433445561e-01
4.926498794120527935e-01
4.934319914722342104e-01
4.943406846003782773e-01
4.949863612428045956e-01
4.958758357496154678e-01
4.969215502688041353e-01
4.973658292157178695e-01
4.980835582411226037e-01
4.990145738048794022e-01
4.997278226745711094e-01
5.005791996967918767e-01
5.012380573420653906e-01
5.022501168143906902e-01
5.028131366771689814e-01
5.035214155120155688e-01
5.046475103776710824e-01
5.054306638800322160e-01
5.062422147275569273e-01
5.069332469180148903e-01
5.077198920401617688e-01
5.084367679270118678e-01
5.090590049288878927e-01
5.098637591032398886e-01
5.108021332367819189e-01
5.115662982673530035e-01
5.122521039383334251e-01
5.132378369995506118e-01
5.138659679507862066e-01
5.145482803491132628e-01
5.151686190272984911e-01
5.161432837992048217e-01
5.168716805109224710e-01
5.175456939985746407e-01
5.181869899035056459e-01
5.189662212739546421e-01
5.196987971121118655e-01
5.202430971407612237e-01
5.211920207190382515e-01
5.220654742484992505e-01
5.228791815380130492e-01
5.234161219515136576e-01
5.241522345600320154e-01
5.246930499367250533e-01
5.256093405284191222e-01
5.264578761878120350e-01
5.271338241028222793e-01
5.279981676487771614e-01
5.283260567110865669e-01
5.291728382595364266e-01
5.301364343155954284e-01
5.306676352456952683e-01
5.313270536956707923e-01
5.321037399865755635e-01
5.328342369194217776e-01
5.334371622598630402e-01
5.341385921531814907e-01
5.348342781109171051e-01
5.355531517048998102e-01
5.363649563455328284e-01
5.370870949334597411e-01
5.376765404301780960e-01
5.384739137099103790e-01
5.393266555104754278e-01
5.399194473126834870e-01
5.404843692539403888e-01
5.411184797930523871e-01
5.418339313288832448e-01
5.430097512670080118e-01
5.431645922969826623e-01
5.437888555098236987e-01
5.447170984377247560e-01
5.453042698894353668e-01
5.460237451322085267e-01
5.469949750644828024e-01
5.474780846487682373e-01
5.482072032860557664e-01
5.492033205211057645e-01
5.497472045542250996e-01
5.502374022270908327e-01
5.506981671831402414e-01
5.514621661624525828e-01
5.522482393395300448e-01
5.530298131528790240e-01
5.533626473017403402e-01
5.542187658536568140e-01
5.550996097711069499e-01
5.556959646156383048e-01
5.563243288421204635e-01
5.569549710099537254e-01
5.578311786656362514e-01
5.583732163463922538e-01
5.590128072586946217e-01
5.597417987043641352e-01
5.601442346381768633e-01
5.608367528163031857e-01
5.616714544322631841e-01
5.620239859767407475e-01
5.627866138537799268e-01
5.634017164019060608e-01
5.642134376337927248e-01
5.650471757710526788e-01
5.653222268639386261e-01
5.659665967320719471e-01
5.667493029068126908e-01
5.672661111085488539e-01
5.680263025092682216e-01
5.687698990708871527e-01
5.697035537569028474e-01
5.698688667196768476e-01
5.705643606479796626e-01
5.712743542086464732e-01
5.717457000912860021e-01
5.726276286042660812e-01
5.731317228861726454e-01
5.738163737161264821e-01
5.743094610836299019e-01
5.752844400157350879e-01
5.757362619464233555e-01
5.764840511177422577e-01
5.771202885611803612e-01
5.775678330643663205e-01
5.782093313579492744e-01
5.788905232072429907e-01
5.794743199999465855e-01
5.801896553022465319e-01
5.807335281569596663e-01
5.811978528102652586e-01
5.818106440045961447e-01
5.825254701578707062e-01
5.832191994491547904e-01
5.839490101246819220e-01
5.844987484978414471e-01
5.849699419545649759e-01
5.859400343562330971e-01
5.865097119395004110e-01
5.867848848363543812e-01
5.876943821074910312e-01
5.882286213678135089e-01
5.889615776704835159e-01
5.895412635388778133e-01
5.898815423470378239e-01
5.905315053305552064e-01
5.912311705220598679e-01
5.917703214659070232e-01
5.922460182064716028e-01
5.930955853306236758e-01
5.938201165330346809e-01
5.943514206127400445e-01
5.949432840503092734e-01
5.955589108690767519e-01
5.962153331766882891e-01
5.965976643369528265e-01
5.970518304590557435e-01
5.978982237906280695e-01
5.985265327987600026e-01
5.992799518467938347e-01
5.997291240624970099e-01
6.000592443192974690e-01
6.008831406143161358e-01
6.015429905857367920e-01
6.019331718371137008e-01
6.025688389635430742e-01
6.030921153366597398e-01
6.038155818170795053e-01
6.043184294546652957e-01
6.050475070920539045e-01
6.054085332606476966e-01
6.062599365059434531e-01
6.069360785850090867e-01
6.072482626200856881e-01
6.078260127656024414e-01
6.082425317051182168e-01
6.091390950351555089e-01
6.097130481878544339e-01
6.104178818547154606e-01
6.111279314342649149e-01
6.113184689436323982e-01
6.120533973738058187e-01
6.126771567419708742e-01
6.130360527589864272e-01
6.137547201365418648e-01
6.144062909154401897e-01
6.150070004779801813e-01
6.154691109209295963e-01
6.161845813613371359e-01
6.166134279995907352e-01
6.171824369245232367e-01
6.179329511301078215e-01
6.183831121129395036e-01
6.189114050150695823e-01
6.194551116235849086e-01
6.198860351114512390e-01
6.207040430764420025e-01
6.214332767331868235e-01
6.217922080440415611e-01
6.222861731060030932e-01
6.230838987725734190e-01
6.235225835380603376e-01
6.240099398601021141e-01
6.245720801676669653e-01
6.253687544500282636e-01
6.260429329053739389e-01
6.266246016509580130e-01
6.271147954976582506e-01
6.275951048695732615e-01
6.281789647944289179e-01
6.288988245991720127e-01
6.294705639028912447e-01
6.300677030140887647e-01
6.305156298024366945e-01
6.308811812411718734e-01
6.313853132236356691e-01
6.321080944500053755e-01
6.327454203179438963e-01
6.335955558419894551e-01
6.339825494574797826e-01
6.344946252433236733e-01
6.348983674564009361e-01
6.353863847008602850e-01
6.360627615059670781e-01
6.367753432799984070e-01
6.372867709266547553e-01
6.379060512495491331e-01
6.380783551836188838e-01
6.389240518462123708e-01
6.395952824390629399e-01
6.399657866542113327e-01
6.405697813139412666e-01
6.412227816200524178e-01
6.415627344337251348e-01
6.422580710200277432e-01
6.426847358286975620e-01
6.433313445394860386e-01
6.439359195223949284e-01
6.445295155110515317e-01
6.451443993745817895e-01
6.455851373753559441e-01
6.462190739665619743e-01
6.466949159719441731e-01
6.474290448974652223e-01
6.479891815108302922e-01
6.484924298735360582e-01
6.490703770572068265e-01
6.498278911133543723e-01
6.502236973977483236e-01
6.507203024779143474e-01
6.512596768338194675e-01
6.516856254299676632e-01
6.523691155688173815e-01
6.527215568234611132e-01
6.533817642603564346e-01
6.537791642483722354e-01
6.546194140359022917e-01
6.548877212310075802e-01
6.556065217397224476e-01
6.561536203997176964e-01
6.568318531878355460e-01
6.571473436863888296e-01
6.575237051388489462e-01
6.586107267599810022e-01
6.590135518893373012e-01
6.594372215888694155e-01
6.599511017908793464e-01
6.605602819466208642e-01
6.610247441204967211e-01
6.616630620531113172e-01
6.623695647181676582e-01
6.627268276314872697e-01
6.631995057251880432e-01
6.637877729112754421e-01
6.644658884756843298e-01
6.645510752954032485e-01
6.652538839440816920e-01
6.659576265808023754e-01
6.665477741347225482e-01
6.670307528927638119e-01
6.674038292938542227e-01
6.680635423407861317e-01
6.686764553583016690e-01
6.691781794515435644e-01
6.694685598166069118e-01
6.703281245368074570e-01
6.707455207575017120e-01
6.712349210075210237e-01
6.718280528867971446e-01
6.722868568880291384e-01
6.725868512795813992e-01
6.734859617447864766e-01
6.738115225537586461e-01
6.743350829650629485e-01
6.749832248022201719e-01
6.755214610919720863e-01
6.760333110114089550e-01
6.765035195008399782e-01
6.769712910211629353e-01
6.775502889587272648e-01
6.778864196246439100e-01
6.784099593422667773e-01
6.788725159616580962e-01
6.795016538839580011e-01
6.802087884544368857e-01
6.804966272302144237e-01
6.811350135108330539e-01
6.818142145607609672e-01
6.822431681597326270e-01
6.827339195741444211e-01
6.833401265027942983e-01
6.838320734751995866e-01
6.841826978500865630e-01
6.848785557126465529e-01
6.852383321433770380e-01
6.858206004361513397e-01
6.866147769281618629e-01
6.867531421739806463e-01
6.872729473225146490e-01
6.877269155752929741e-01
6.884979021312622738e-01
6.888064690711799276e-01
6.893779542871036892e-01
6.898320349401271256e-01
6.902490080259978678e-01
6.909602168819646284e-01
6.914211087305853765e-01
6.917759451338316712e-01
6.924407656214515150e-01
6.928060692583070113e-01
6.933585248429794401e-01
6.937123141376591029e-01
6.942460923170534759e-01
6.948759245456321842e-01
6.951608921671899033e-01
6.955612111055906599e-01
6.964993542245546676e-01
6.968352100533605764e-01
6.973483871939434309e-01
6.976901379515813018e-01
6.983624353151290931e-01
6.987685241833792027e-01
6.989572637086319817e-01
6.995185394966532133e-01
7.002961948490381561e-01
7.006097118562967241e-01
7.014153581957445205e-01
7.015685769659273374e-01
7.022041411715795878e-01
7.027305555254246272e-01
7.031247845964948562e-01
7.033687118733414900e-01
7.039974041251940706e-01
7.044654076395423514e-01
7.048433655179554558e-01
7.052942096430302454e-01
7.060156007393281197e-01
7.063386796375552557e-01
7.067117353154458437e-01
7.072040212733639031e-01
7.077691779243758807e-01
7.082540892143174283e-01
7.088570948886960821e-01
7.090303927535275275e-01
7.097191369521104187e-01
7.099928204197714088e-01
7.102896660081977620e-01
7.109915228024306089e-01
7.115220426983096536e-01
7.118226630825216228e-01
7.121871366382053203e-01
7.126992495474345768e-01
7.130826630111810616e-01
7.137900619790426004e-01
7.142058211155816183e-01
7.146650601929545044e-01
7.149382604103398098e-01
7.154196243421722112e-01
7.159439165206403777e-01
7.163727519545336486e-01
7.167064641990146256e-01
7.171561934432937324e-01
7.175490780261415402e-01
7.182110554388497770e-01
7.185084915830151076e-01
7.189761235611693557e-01
7.192881824344741215e-01
7.199469211731067686e-01
7.204849845236778183e-01
7.209030495814967576e-01
7.211493231276803195e-01
7.215978102276472406e-01
7.218519235029096093e-01
7.224274584109096065e-01
7.229493701260445437e-01
7.231273516347420660e-01
7.235764821699214311e-01
7.240682160735130157e-01
7.244550453466159778e-01
7.251049252005290491e-01
7.254816188378522268e-01
7.260305561844320188e-01
7.262689791517766835e-01
7.269115038070804724e-01
7.269342039440798153e-01
7.275453804503325683e-01
7.277853079158473903e-01
7.284459046142329752e-01
7.288428799402153491e-01
7.292417082497272274e-01
7.294452038798481253e-01
7.299475758811238002e-01
7.306090859460120379e-01
7.307390583779910243e-01
7.311283788875262424e-01
7.317215055167122228e-01
7.320956280641125469e-01
7.325761477063764682e-01
7.329547741585616949e-01
7.330953288848689464e-01
7.336772883813666990e-01
7.340685932821418014e-01
7.345362216030870695e-01
7.348193641247334762e-01
7.352925079739029979e-01
7.356271179499622725e-01
7.360411712591067301e-01
7.365360484007051900e-01
7.367865545083713830e-01
7.371517047003820489e-01
7.378328549715206242e-01
7.379520159765082798e-01
7.384729807277516933e-01
7.388277679755134164e-01
7.392250138792091363e-01
7.397407621822108537e-01
7.400794599764571879e-01
7.403644622453500190e-01
7.407650715953942866e-01
7.410852188200892643e-01
7.413873286663117401e-01
7.421051441734134446e-01
7.423501081539488622e-01
7.427311477801459283e-01
7.428750162700312742e-01
7.433400832302917705e-01
7.435808310378806407e-01
7.441873420499579561e-01
7.442879797218187043e-01
7.447657240967042735e-01
7.453148764133878945e-01
7.456067757514727168e-01
7.458787461724771806e-01
7.462732194039140010e-01
7.467119083476073671e-01
7.470795572383613914e-01
7.473573782066392779e-01
7.477917422385371715e-01
7.482310296128416027e-01
7.485054869594998106e-01
7.488058338251332158e-01
7.492279924066328478e-01
7.495370911703758132e-01
7.499286809157814648e-01
7.503109392757681961e-01
7.507061554901837130e-01
7.510891371419542439e-01
7.513196894303773021e-01
7.517540872181814882e-01
7.519320558407008859e-01
7.525180498274647301e-01
7.528444122269677408e-01
7.532657094810052412e-01
7.534712240035229547e-01
7.538073650946544024e-01
7.541314744250978697e-01
7.544321268525736590e-01
7.548431951112957172e-01
7.551152756956672762e-01
7.556162027963198025e-01
7.557951377757216038e-01
7.562857040083578175e-01
7.564859391500948771e-01
7.568065031110151608e-01
7.573340205185801199e-01
7.577493803137681505e-01
7.579446527215729645e-01
7.581878746728480944e-01
7.586012806008206599e-01
7.589753707745545697e-01
7.593296458209618516e-01
7.595774342026052617e-01
7.597563738046752002e-01
7.601391211122482394e-01
7.606695068863666975e-01
7.607609541285481614e-01
7.612729262911019923e-01
7.615406728177046558e-01
7.617951907686963953e-01
7.622115993773849185e-01
7.626657459637172787e-01
7.630060715956170636e-01
7.631318018849387874e-01
7.635568557257194078e-01
7.640932782319385108e-01
7.640953720985236286e-01
7.644934612549887376e-01
7.650140472948047110e-01
7.652154010077266699e-01
7.654857107845474129e-01
7.657493707893441304e-01
7.661383572076609916e-01
7.664675967154198633e-01
7.668189612361476781e-01
7.670370017553085340e-01
7.672713094074598006e-01
7.676815219016920322e-01
7.680418551363245028e-01
7.682483541817751727e-01
7.686726669562156111e-01
7.690250394054533034e-01
7.692964907229434823e-01
7.694810719566598234e-01
7.700706727252932815e-01
7.701877678565207663e-01
7.705162001093074364e-01
7.706966919531295090e-01
7.711102845918115234e-01
7.715653276248094494e-01
7.718703390454797475e-01
7.720380529180560503e-01
7.723352112745606179e-01
7.728658214183610209e-01
7.729727442604159560e-01
7.733414393522447527e-01
7.736940486138883522e-01
7.739745767947548982e-01
7.743584273214936253e-01
7.744602925456753884e-01
7.749991328868705009e-01
7.752345446384633076e-01
7.755191669696911427e-01
7.758877641794461599e-01
7.759359071908985550e-01
7.764790985348167807e-01
7.767146948849444898e-01
7.771233005960839213e-01
7.774127767015731605e-01
7.775080772160956055e-01
7.779233484342656935e-01
7.781749843479647266e-01
7.785995284684656959e-01
7.789918683198053806e-01
7.791456347027799767e-01
7.793280792564348802e-01
7.796216719022853736e-01
7.800074996546004780e-01
7.802068914621742568e-01
7.804016226223648989e-01
7.808936581063844473e-01
7.813900833510714072e-01
7.816075801479168694e-01
7.816495042394948634e-01
7.821639234608610547e-01
7.822811829254411320e-01
7.826169089356135311e-01
7.830234175723457257e-01
7.833014104271173172e-01
7.834655810517051622e-01
7.839450009425839028e-01
7.841456172440527395e-01
7.845521383554694417e-01
7.847125121842575268e-01
7.848828623190721165e-01
7.853515425252273197e-01
7.855726563090261738e-01
7.857771210912265492e-01
7.863105023239129743e-01
7.865682469541102062e-01
7.867873713133526348e-01
7.870823803328241830e-01
7.873906592118796732e-01
7.876692962094241635e-01
7.879181981151667236e-01
7.881861506888790947e-01
7.884451867507727973e-01
7.887219698806018364e-01
7.890875638887808741e-01
7.893949965565731919e-01
7.894866458227213224e-01
7.899255797950232028e-01
7.903598253692086795e-01
7.906079736336909525e-01
7.909808384402287063e-01
7.912629067240055658e-01
7.915867084656191821e-01
