6.389520397376937874e-03
6.140946129685398262e-03
5.968306195592072531e-03
6.152618897350835454e-03
6.392068573288531980e-03
6.445524954070025458e-03
6.352719757327022002e-03
6.232670099109832371e-03
6.111066576803264941e-03
5.934966496596747083e-03
5.807925703206567002e-03
5.152391743940516050e-03
5.435996814964145010e-03
6.854611817404683040e-03
7.635380028862699328e-03
9.497295908633620817e-03
1.119810636311406593e-02
1.010748075485804441e-02
9.536026856474897478e-03
9.801492084858788589e-03
9.738086253324694519e-03
1.037887310045542202e-02
1.228977750784610717e-02
1.530088716336565346e-02
1.458790711171462778e-02
1.749904393317251727e-02
2.136001560240155528e-02
2.131416782530676929e-02
2.390027932738638533e-02
2.354720685035866998e-02
2.351301446788492747e-02
2.271555938460785226e-02
2.461814773902365819e-02
2.598092202842569587e-02
3.121231591973118794e-02
3.414529024175440297e-02
3.658823131689955405e-02
3.973431998981333951e-02
4.084952771773818492e-02
4.044009052854698194e-02
4.254878909462675440e-02
4.329002008964313170e-02
4.435554652895839362e-02
4.590745431497963991e-02
4.742669434690716807e-02
5.027604674872773044e-02
5.250804407610561858e-02
5.544000686752628693e-02
5.826262373654169519e-02
6.075849524795983586e-02
6.146675664906916386e-02
6.326012339575201593e-02
6.594623103658921182e-02
6.608766268730177640e-02
6.755225180251611672e-02
7.167214798300408640e-02
7.493154335055812743e-02
7.802952968829612868e-02
7.981228442921677046e-02
8.003709142500238516e-02
8.242165689739458512e-02
8.387588957504556186e-02
8.693543924487968921e-02
8.855371746765268448e-02
9.010309450783897389e-02
9.383003334103794113e-02
9.516926167500995570e-02
9.573015292846691338e-02
9.843189196618848391e-02
1.006451343017981115e-01
1.027562095481533572e-01
1.067032863190851971e-01
1.081180303939525272e-01
1.090570195111843915e-01
1.129472170713551743e-01
1.143654552701044991e-01
1.168547405379333493e-01
1.183491166845410808e-01
1.193243632718919561e-01
1.223735519333757071e-01
1.252986596678179465e-01
1.275777185971234406e-01
1.303890448627974818e-01
1.334343289088752715e-01
1.343165673413159455e-01
1.358058749145428235e-01
1.384321840392425118e-01
1.407476227356493359e-01
1.433735799268281708e-01
1.445588831848168831e-01
1.463304775852701800e-01
1.494961683994176227e-01
1.517843955276305945e-01
1.531843673605474687e-01
1.552291558012403871e-01
1.582574557945071736e-01
1.596755894471778847e-01
1.627609923868358899e-01
1.638781313488240632e-01
1.665156006466586569e-01
1.682201085894742543e-01
1.710924634237394326e-01
1.723583184588890205e-01
1.756464257713188371e-01
1.769744378699629195e-01
1.773540693553484759e-01
1.810664447581349645e-01
1.822992132104671037e-01
1.848758218266763342e-01
1.863827477748624950e-01
1.884726286190323563e-01
1.903248753804101523e-01
1.922441082734486217e-01
1.951520393554343202e-01
1.976526864033486264e-01
1.983320407779768924e-01
2.008240934971909919e-01
2.039527846563579383e-01
2.058889390270145781e-01
2.070438083695456954e-01
2.089915953759131362e-01
2.106494277752824495e-01
2.124473581010391798e-01
2.141482689679627127e-01
2.171882637541966421e-01
2.198133483934938404e-01
2.214244472926343577e-01
2.226491122808892387e-01
2.248975665410472002e-01
2.272273800635507268e-01
2.285140492085644126e-01
2.306582833429070556e-01
2.329390527249317056e-01
2.342953397194328657e-01
2.356253243580938850e-01
2.384038924755892130e-01
2.409575745751460774e-01
2.425724283451838048e-01
2.442987463434683759e-01
2.458404120438051066e-01
2.480788510706691541e-01
2.497104356596268337e-01
2.518512612449788080e-01
2.541536249568900896e-01
2.557141593517123224e-01
2.577211109755204177e-01
2.592376546290752759e-01
2.612361586070218178e-01
2.636554710888311948e-01
2.652418393821198150e-01
2.662913835879356927e-01
2.682787797674804908e-01
2.700060799944706824e-01
2.717583130362322130e-01
2.740834485336404724e-01
2.759642802386463312e-01
2.768360949410175742e-01
2.789217618981921776e-01
2.821352783078336923e-01
2.833347885803383370e-01
2.854140870003511465e-01
2.868014898249098832e-01
2.884097367452158056e-01
2.900530371989790690e-01
2.919380881504198832e-01
2.941785931272804522e-01
2.958431684881483448e-01
2.974564655717459316e-01
2.985792322003814059e-01
3.004760700859854805e-01
3.027438152958399353e-01
3.051272340630939994e-01
3.064322901175804970e-01
3.082125076961685362e-01
3.097058836229796830e-01
3.112725414417133463e-01
3.129586979679698233e-01
3.143806273762386194e-01
3.158938222576953003e-01
3.176076873220168850e-01
3.187892343378077586e-01
3.205533392553614469e-01
3.228482963825859975e-01
3.246526459523063624e-01
3.257148608481128527e-01
3.275328042650481053e-01
3.294421314235003173e-01
3.310577299907423998e-01
3.329321820258085429e-01
3.338068306901955662e-01
3.360340603593433562e-01
3.367930900024500573e-01
3.388156662764372773e-01
3.408809795215915761e-01
3.419235483216061522e-01
3.439593821781306016e-01
3.451662845059661477e-01
3.471948018847346162e-01
3.487045214522578318e-01
3.504185068781121015e-01
3.517983791421224193e-01
3.526028975485839267e-01
3.546071352912968933e-01
3.562710873811079093e-01
3.574034811197008832e-01
3.592652724337167536e-01
3.611423397305804639e-01
3.622921604790071415e-01
3.639082034394057752e-01
3.654040895370362363e-01
3.668977281327909790e-01
3.677408427250068446e-01
3.693356657047275338e-01
3.714013640262335270e-01
3.724474688657663513e-01
3.739786395345114922e-01
3.757196498440090182e-01
3.768859298980917760e-01
3.783299887128245831e-01
3.801150784112703462e-01
3.819429691469378718e-01
3.831256357651284250e-01
3.844680127759944055e-01
3.856653927863303855e-01
3.877186417814543762e-01
3.886895954418873589e-01
3.903596982941132665e-01
3.918979954403145616e-01
3.933226161124283582e-01
3.943903993503240502e-01
3.957213616364157471e-01
3.972310458652434928e-01
3.984242156588737038e-01
4.002152152608647873e-01
4.016709859001750815e-01
4.021635008438843029e-01
4.035454298920536087e-01
4.053490081309134019e-01
4.069681107513755114e-01
4.083699436241105540e-01
4.094667405627329670e-01
4.105849553188222201e-01
4.120165750948469041e-01
4.137075212550470060e-01
4.150147225557362374e-01
4.162004445314480550e-01
4.178067952044645650e-01
4.190631733122651692e-01
4.201012962223094060e-01
4.216324779272724310e-01
4.226806032280523429e-01
4.239267346784337809e-01
4.250518547654374979e-01
4.265027924986942720e-01
4.281638612637774233e-01
4.293683457380674806e-01
4.307513189996969860e-01
4.318295967004789349e-01
4.326472534234902523e-01
4.341779811947040213e-01
4.355154515714725894e-01
4.368534871841132650e-01
4.379139812723792380e-01
4.394161929036496939e-01
4.405730390781535388e-01
4.419071952074395959e-01
4.432860232526834032e-01
4.444359990222856993e-01
4.456516291411031783e-01
4.469506098901129820e-01
4.483219928992372427e-01
4.497546763326902841e-01
4.507701875220602727e-01
4.518499988470190964e-01
4.525325497498100535e-01
4.540811996082678159e-01
4.554785058850145951e-01
4.566560819235380708e-01
4.581306825786511938e-01
4.586462275237826458e-01
4.601908785533462276e-01
4.615260482726741276e-01
4.630884656263079546e-01
4.635536941538444533e-01
4.643692127786838153e-01
4.658193534480555287e-01
4.673595995377784473e-01
4.683757261371001013e-01
4.696590958312361619e-01
4.705801657389004911e-01
4.719038270854302719e-01
4.729688223558896620e-01
4.741539099786545863e-01
4.755540497975562775e-01
4.762801829998321579e-01
4.772676088063853017e-01
4.783589397067487536e-01
4.797107920399427128e-01
4.806887344052592215e-01
4.818732388313055059e-01
4.832346570251177531e-01
4.843211427119614720e-01
4.853075142622211846e-01
4.866400151475116509e-01
4.876260025617157878e-01
4.884982357874604886e-01
4.894593860563513643e-01
4.903784830954828755e-01
4.914419092950742529e-01
4.924140520433585300e-01
4.934493421703736726e-01
4.949075677871526691e-01
4.955828962177964980e-01
4.968731662804423688e-01
4.979015669290585144e-01
4.990610571081196545e-01
5.003980414609984217e-01
5.016732906418552851e-01
5.025650142773396833e-01
5.033397247199142832e-01
5.045209506070112981e-01
5.052802020997873012e-01
5.066970584949068712e-01
5.076331580242737784e-01
5.086255471249551130e-01
5.095925090631707732e-01
5.107419368978769469e-01
5.117630815395949329e-01
5.124147912254158888e-01
5.132395851502096207e-01
5.147054192403102135e-01
5.155864838384269788e-01
5.164947079272809161e-01
5.170597343451767136e-01
5.184919945006172259e-01
5.195719460225336483e-01
5.203653556362407562e-01
5.211624079709648028e-01
5.220808757446497861e-01
5.228307303326936717e-01
5.241034483090218909e-01
5.250717674890303943e-01
5.256638575545886649e-01
5.271421873522329493e-01
5.278255886961203958e-01
5.287360613008176280e-01
5.293202321147518763e-01
5.305527144004258400e-01
5.312829727632345511e-01
5.326414255844902357e-01
5.334448897953580904e-01
5.343091660824390576e-01
5.353580590120181615e-01
5.361685633834586406e-01
5.372686605927274872e-01
5.379593898351882064e-01
5.390232893828952321e-01
5.398397979409221836e-01
5.406014215301888637e-01
5.413139757471917557e-01
5.421967240635126029e-01
5.434453650927774104e-01
5.440880347582386367e-01
5.451812994325040407e-01
5.460683065769805777e-01
5.470949218340309672e-01
5.476077234877627653e-01
5.486889921133585313e-01
5.494264614166196603e-01
5.501067060389650543e-01
5.511804343249903093e-01
5.521664685304350506e-01
5.530504784350598335e-01
5.537354711904953763e-01
5.547516436323577382e-01
5.553583196820459644e-01
5.560928091545438434e-01
5.572425773794651427e-01
5.579990436811068655e-01
5.588796229219478162e-01
5.598764031803469265e-01
5.605988053570019058e-01
5.614532037090904648e-01
5.623949148098656980e-01
5.628228610127073983e-01
5.641038491620501416e-01
5.650481043622962440e-01
5.656183760837323327e-01
5.664846508102098221e-01
5.674768835810638512e-01
5.681453532303447629e-01
5.687250195851433210e-01
5.695785514366091817e-01
5.707460307090254092e-01
5.714471864286279068e-01
5.720326520006833171e-01
5.728902424372530611e-01
5.737596926195230873e-01
5.745623983730288042e-01
5.752938584468121341e-01
5.759682825493541714e-01
5.767753941516883254e-01
5.775314746676195599e-01
5.781738356018655267e-01
5.790441548470457445e-01
5.796839493023620005e-01
5.804356262617609286e-01
5.812835582486287622e-01
5.822425639731880764e-01
5.831823171353299751e-01
5.837174525666347646e-01
5.844722084698116271e-01
5.852829705734537979e-01
5.862022121806359509e-01
5.869577776352127296e-01
5.875021662457201588e-01
5.884565979465810059e-01
5.891379296482269767e-01
5.894660159820539480e-01
5.901539958898585070e-01
5.913922804246366516e-01
5.919754136231804020e-01
5.928454776612218646e-01
5.933811930810153346e-01
5.937871197070712093e-01
5.949989690374559714e-01
5.953814054712348591e-01
5.961124854513688565e-01
5.971713802214211331e-01
5.979241270020996257e-01
5.984036497574574121e-01
5.991486705272406343e-01
6.000572960997321292e-01
6.006886285386258129e-01
6.014835402387567198e-01
6.021189981762560262e-01
6.027832282102747463e-01
6.037357140179484549e-01
6.043037870327142569e-01
6.047316075753083053e-01
6.053290072643361386e-01
6.062108148111489125e-01
6.067950890722414448e-01
6.074378373932988184e-01
6.082546385980978076e-01
6.087131723805035977e-01
6.096938820138944060e-01
6.101110247462981917e-01
6.107782600307353205e-01
6.116194083154384842e-01
6.121298152349624599e-01
6.129655770345103782e-01
6.137139874920566340e-01
6.144338677959622075e-01
6.149869976745652167e-01
6.155156761005844412e-01
6.162547829753680650e-01
6.167769308346495727e-01
6.175262314196902080e-01
6.183025184191598411e-01
6.188475143877087969e-01
6.197820833100795568e-01
6.202420155275381042e-01
6.206343847351821763e-01
6.213467752487722429e-01
6.218741006576827823e-01
6.226354839014814901e-01
6.235031525104025585e-01
6.240817736693433648e-01
6.247530991289275137e-01
6.253056222482755722e-01
6.256373225332564347e-01
6.265996041319136234e-01
6.271326362680358368e-01
6.277156472285594369e-01
6.280723354643125145e-01
6.289763915544319683e-01
6.295796616805028334e-01
6.303310868258112931e-01
6.308480582738598130e-01
6.313701032417731174e-01
6.324908161969379217e-01
6.327236318613438382e-01
6.334405912555931550e-01
6.338744457953375822e-01
6.340916230442528168e-01
6.352143018423226373e-01
6.356150347773437126e-01
6.362732414361840227e-01
6.366941074764213004e-01
6.374252539873321854e-01
6.383526043676379658e-01
6.390987159709444754e-01
6.393347776109440384e-01
6.399133804365699785e-01
6.406090921889641132e-01
6.408329219738823079e-01
6.416770305555313803e-01
6.423119857621760742e-01
6.428456843815462118e-01
6.434792185636186712e-01
6.440844912774496001e-01
6.445459340518389091e-01
6.452700694139928972e-01
6.458765946087947629e-01
6.464503822896926488e-01
6.469066806397782976e-01
6.474222465608905352e-01
6.480637884239424107e-01
6.486109633722995094e-01
6.492628518009539995e-01
6.497912155237060006e-01
6.504906096293681106e-01
6.507277878395276716e-01
6.514100044518780219e-01
6.520620582779557139e-01
6.526824779222569761e-01
6.529631707638930971e-01
6.535292756472285136e-01
6.542367400809595557e-01
6.546271221328406886e-01
6.552724721836793442e-01
6.556777432707541209e-01
6.565474292292529102e-01
6.570825452948894085e-01
6.574516008919023546e-01
6.579554115781180990e-01
6.585726694109327317e-01
6.588859146852041881e-01
6.599415077637565963e-01
6.602007527222003569e-01
6.607140488925935529e-01
6.612317572788619646e-01
6.618489699621877831e-01
6.624821760607456644e-01
6.630733218009963181e-01
6.632201084114435208e-01
6.640774887516317504e-01
6.642660394656944023e-01
6.646869819336030938e-01
6.655797457389108773e-01
6.658764677061218551e-01
6.666144233960090704e-01
6.668047130064235217e-01
6.675734316998271911e-01
6.680164033647614241e-01
6.687657932971683428e-01
6.689901798579812597e-01
6.696838467109116344e-01
6.698292358563492366e-01
6.706000634259826620e-01
6.711233015287162429e-01
6.717387084921887519e-01
6.720714787891742814e-01
6.726772290766782625e-01
6.732614584545708603e-01
6.737031935900873458e-01
6.740841883221412312e-01
6.746837579814858321e-01
6.751168328470916746e-01
6.754715320279547353e-01
6.760870275474011315e-01
6.769438914518580708e-01
6.771805579182540447e-01
6.778523051834973723e-01
6.781059428986943027e-01
6.786771901206891666e-01
6.792174791581652160e-01
6.797484538306695079e-01
6.798610733671464068e-01
6.807182810496411607e-01
6.810071253301346328e-01
6.815482053716912514e-01
6.821719526536703659e-01
6.825130600743064546e-01
6.831074609096446926e-01
6.836061388662437732e-01
6.840010127810203233e-01
6.844956385786281627e-01
6.849710704879241607e-01
6.854867892287174191e-01
6.857011977512228462e-01
6.863167946186174984e-01
6.867290420712302002e-01
6.873765284073298787e-01
6.877018408949979733e-01
6.884245808895202989e-01
6.886020413802280693e-01
6.890239307270833446e-01
6.896726349863676608e-01
6.903234886114054669e-01
6.904673226053817947e-01
6.912105344133017137e-01
6.914606091353519002e-01
6.919711529924399418e-01
6.925103313096282465e-01
6.930700410281835921e-01
6.933900455481696312e-01
6.939509723990084922e-01
6.943603299308691579e-01
6.947416706962245003e-01
6.952705294913112954e-01
6.957796443132525654e-01
6.963375941746542397e-01
6.964300343217678657e-01
6.969097406803146377e-01
6.976473520629464797e-01
6.978722729378999956e-01
6.983391089576796995e-01
6.988450470609568477e-01
6.993348187896099022e-01
6.997565991628894588e-01
7.001459748694955909e-01
7.006668202825138136e-01
7.007821433856251669e-01
7.014536063140613953e-01
7.018693251734963168e-01
7.022354723923917019e-01
7.028452325528246059e-01
7.028610395399934596e-01
7.035108735234993915e-01
7.041727703407866246e-01
7.046672583466788709e-01
7.048517618139846785e-01
7.052220076505409940e-01
7.057445688265291395e-01
7.064176877792942566e-01
7.067309491444099256e-01
7.072108436245925223e-01
7.075568659104021219e-01
7.080626599320737347e-01
7.083147281038618681e-01
7.087068314513416123e-01
7.091363624175370806e-01
7.096340548580525320e-01
7.099015115154005962e-01
7.105132579667196024e-01
7.109143044775548814e-01
7.114877383300757252e-01
7.118342421217015437e-01
7.121600416900162323e-01
7.124785007997990194e-01
7.129606479890656656e-01
7.136830241282823284e-01
7.136745627254562629e-01
7.141448679405936195e-01
7.146518369281396055e-01
7.152000914832425948e-01
7.156633961682036249e-01
7.158150367046787199e-01
7.163720440011860369e-01
7.167651520385596164e-01
7.170068421272324244e-01
7.175419169856871449e-01
7.178604838193123339e-01
7.184117745927970367e-01
7.187199795198643271e-01
7.193312180378739207e-01
7.195981978387533395e-01
7.198968912475298687e-01
7.203849013257197509e-01
7.207296656875087359e-01
7.211802497453539962e-01
7.215992779830837645e-01
7.218553859035766740e-01
7.225234479852773450e-01
7.228088341561250685e-01
7.231582691617647329e-01
7.235197734437214256e-01
7.241197993982571024e-01
7.244841110147666186e-01
7.247952665590056132e-01
7.251033515807590035e-01
7.256291349357780751e-01
7.259506257895910197e-01
7.263110896528623961e-01
7.267399962187052198e-01
7.268806731995202108e-01
7.275245841078756825e-01
7.278283137267598235e-01
7.280196662284770248e-01
7.287106025710654578e-01
7.289623796682157542e-01
7.294892991116680436e-01
7.297672650636713998e-01
7.300725253058962805e-01
7.306662589284745879e-01
7.308903519338016963e-01
7.313941061626413331e-01
7.316579107889055189e-01
7.319271026772800059e-01
7.324987143002522627e-01
7.327532231512866590e-01
7.333272623198873186e-01
7.334890722372783278e-01
7.340100876315198697e-01
7.341907453030616093e-01
7.345063054964371396e-01
7.349730178146252069e-01
7.353032701430970430e-01
7.357921352951879435e-01
7.361072668200860925e-01
7.366147739156390095e-01
7.368724240828226080e-01
7.374315607993490174e-01
7.376668392435743460e-01
7.383077372551994921e-01
7.384087819355856785e-01
7.386218002387561210e-01
7.390069343391663104e-01
7.392179755256763629e-01
7.399892841218946860e-01
7.403526899874506295e-01
7.406540632167062377e-01
7.408882084785584077e-01
7.412365400754942213e-01
7.417381466835964998e-01
7.420583835424919839e-01
7.423988244341910292e-01
7.426648603647606484e-01
7.428173713273568124e-01
7.435929248655511747e-01
7.438874674163877820e-01
7.439461957504679424e-01
7.444710682185262662e-01
7.448057113155825970e-01
7.451323012649193611e-01
7.455979359684485885e-01
7.456776694088224078e-01
7.461228484120598914e-01
7.466410772501380633e-01
7.467680563475518341e-01
7.472334897806542919e-01
7.476010815896084738e-01
7.479195322737693941e-01
7.484858183045698388e-01
7.487631099713435434e-01
7.490166996331200089e-01
7.491328565540659179e-01
7.495153346910634617e-01
7.498810345578472702e-01
7.500402571767855742e-01
7.507637239703696119e-01
7.512572471712322120e-01
7.511643826608032093e-01
7.515854316161925119e-01
7.518086506233454536e-01
7.518920148143080073e-01
7.525987093376985682e-01
7.528146824433900042e-01
7.534098857648241498e-01
7.536769533477376548e-01
7.541762373788786222e-01
7.542639732855307422e-01
7.546441876849049324e-01
7.547838893986417164e-01
7.553160068780322423e-01
7.554499077001094465e-01
7.558881534442615235e-01
7.563477380824369378e-01
7.566450898398703329e-01
7.569870623886838512e-01
7.572565563046100845e-01
7.576539221292690751e-01
7.579162528117194819e-01
7.582070811834394908e-01
7.586997304620298754e-01
7.588586939724732972e-01
7.591409627376123348e-01
7.595863024509169614e-01
7.598119206471367626e-01
7.601634334488193145e-01
7.604088885671370646e-01
7.608082392804491612e-01
7.608638544225171385e-01
7.615525019905843296e-01
7.617317728513874897e-01
7.619867130268221933e-01
7.625026129348775328e-01
7.626394829637145323e-01
7.628075166089750558e-01
7.631344006822160519e-01
7.635354447308061454e-01
7.637691799105469359e-01
7.643320090089669172e-01
7.644387165787476235e-01
7.647345666366298644e-01
7.650016752354847904e-01
7.655107311309560236e-01
7.656995815900041746e-01
7.660501641875180345e-01
7.664176278045453650e-01
7.667374535004524150e-01
7.668819189164789440e-01
7.673091489706274082e-01
7.675787401559601708e-01
7.680013161565522051e-01
7.681017324919059419e-01
7.684242967223332554e-01
7.688179759269837543e-01
7.690511971249758272e-01
7.695463013833913068e-01
7.695245283956435589e-01
7.698958607656816167e-01
7.703399961023602582e-01
7.703489224222909160e-01
7.709070934505291017e-01
7.710995246693086447e-01
7.713186654643797713e-01
7.715614379184991822e-01
7.720673589692468308e-01
7.720533111761131995e-01
7.725735850219599410e-01
7.728184763073433494e-01
7.731622390951384816e-01
7.734167621580779750e-01
7.736438615513663297e-01
7.738906400718673639e-01
7.744743149978451369e-01
7.746466987241075186e-01
7.748047043064941741e-01
7.750714806713943084e-01
7.754319340384863146e-01
7.755160459290331154e-01
7.759472510978993043e-01
7.762708257223096542e-01
7.766329601801064131e-01
7.767990219761974346e-01
7.770328032989409772e-01
7.773981926399176068e-01
7.777138752626794327e-01
7.780519709418761698e-01
7.780277559031685275e-01
7.783691139777646484e-01
7.786049863923816261e-01
7.790207178899732909e-01
7.792348639584836256e-01
7.794360935347302011e-01
7.798111057234013987e-01
7.800938717544017020e-01
7.804816398440640457e-01
7.808567599198040776e-01
7.811093771636612448e-01
7.811274584292868806e-01
7.814339935267254900e-01
7.816920014605428513e-01
7.820599801118928163e-01
7.824020507514767298e-01
7.824860500256894946e-01
7.826770466095392953e-01
7.828904850641629221e-01
7.834844163915072324e-01
7.834637398394015406e-01
7.838534010950877207e-01
7.839641802710417551e-01
7.842661854307053648e-01
7.845863734284768132e-01
7.849876515411362554e-01
7.851734588729309960e-01
7.853802107004803634e-01
7.857406333080225735e-01
7.857588591552046031e-01
7.859678706840280693e-01
7.865846591298398804e-01
7.866545591736864296e-01
7.867753280268361404e-01
7.870712381266187219e-01
7.874398538925225788e-01
7.876465323939239038e-01
7.878105348704592670e-01
7.880625127583726908e-01
7.885073739849211005e-01
7.886031798475424681e-01
7.890301068654239636e-01
7.891386755927639607e-01
7.895628394135314476e-01
7.898003929641908005e-01
7.897364424237582892e-01
7.903123216407828000e-01
7.904704865452528706e-01
7.908679069679712681e-01
7.907936691526222805e-01
7.912637702151201768e-01
7.915596351026489286e-01
7.915418473980178060e-01
7.917995406532166713e-01
7.920198082296796560e-01
7.922063571581261510e-01
7.926093087757462019e-01
7.928775804349454948e-01
7.931564884451014485e-01
7.934328232737317688e-01
7.936655304336294181e-01
7.938391108620997949e-01
7.941066864068692110e-01
7.943633361751978317e-01
7.943244722620610432e-01
7.948244316164234657e-01
7.949158872271531173e-01
7.952949750872057022e-01
7.956457896919043593e-01
7.957774013074572217e-01
7.957922124962110155e-01
7.962112282032048904e-01
7.963935740215407622e-01
7.967092195299376733e-01
7.971458072956997265e-01
7.971106350178385203e-01
7.975640053287951226e-01
7.974734882598386587e-01
7.976606399179513307e-01
7.982283138448658111e-01
7.983161480780429642e-01
7.986460685862504238e-01
7.987469063377246048e-01
7.989536518496561657e-01
7.994321807015454251e-01
7.995939680913892733e-01
7.996484832108704532e-01
7.999108271949402216e-01
8.001741598134085587e-01
8.002523048727975263e-01
8.005560190231281181e-01
8.009017747689221034e-01
8.010610684454956276e-01
8.011005964934454493e-01
8.013541388756740824e-01
8.015477803696697823e-01
8.019191633633262484e-01
8.021618631259694876e-01
8.024135051107932348e-01
8.027268201019711613e-01
8.027754236824975465e-01
8.030655809239172216e-01
8.033453013931820541e-01
8.033914792988683384e-01
8.035362454121397491e-01
8.039025434764702771e-01
8.040971297335262058e-01
8.043350387064235330e-01
8.045247494100324914e-01
8.047251443507973390e-01
8.050173580211272828e-01
8.052604330053653170e-01
8.054440062288782398e-01
8.057314053864308434e-01
8.059759697229184061e-01
8.060571878845366189e-01
8.064099864342429980e-01
8.066678949383949693e-01
8.066077886849339906e-01
8.068846000707701194e-01
8.071493925633010935e-01
8.074021633802123121e-01
8.076712362344581342e-01
8.078848471322592761e-01
8.082512924963246581e-01
8.081607107921672251e-01
8.083942278648561519e-01
8.086046243933122657e-01
8.089188556224758964e-01
8.089768400621807354e-01
8.092198748779813045e-01
8.095618760648892742e-01
8.096816300806262134e-01
8.099239057162926914e-01
8.101729914537605381e-01
8.104493012829625531e-01
8.107233246997859188e-01
8.106112845657266197e-01
8.109285299199120445e-01
8.112182486310820506e-01
8.113390995972700193e-01
8.117059608754166877e-01
8.116508504529749146e-01
8.118483921032292328e-01
8.121222492701096751e-01
8.122596726368718212e-01
8.125661605693190737e-01
8.128125871811485714e-01
8.128411816199538897e-01
8.133144636792465354e-01
8.131048697780954848e-01
8.135590445168788820e-01
8.137532690395168355e-01
8.141365030830209903e-01
8.142227660663589051e-01
8.143285988291709687e-01
8.145849041962758275e-01
8.148610185705724707e-01
8.151080284515660468e-01
8.151320690817160930e-01
8.154371894791618836e-01
8.157027091946055242e-01
8.158225451703026154e-01
8.160785974865554238e-01
8.161509183003068379e-01
8.165399956116021762e-01
8.165227466227011899e-01
8.168467969182454658e-01
8.170944555634239714e-01
8.169583841415004599e-01
8.174415654401349096e-01
8.174909816776023685e-01
8.177431450201740892e-01
8.179368203291776940e-01
8.181423731603334470e-01
8.183474562775088224e-01
8.185823962185468927e-01
8.186592003137799223e-01
8.187371739574307306e-01
8.191720031076588082e-01
8.194199415658556251e-01
8.194946028808836047e-01
8.197855013218205977e-01
8.200582017750153163e-01
8.200123173334923354e-01
8.203692043544031920e-01
8.204992014187056926e-01
8.207089566082934606e-01
8.208753614039423496e-01
8.209464627391253044e-01
8.211469174780035019e-01
8.213408424686605702e-01
