1.858324167325841811e-02
1.863253204212781886e-02
1.864197543706194726e-02
1.925472387641255154e-02
2.002384369223042873e-02
2.034736881958855784e-02
2.054199036997474137e-02
2.056953504017159512e-02
2.031241229869795370e-02
2.014033074327243114e-02
1.992776957447537842e-02
1.978450544324705448e-02
1.994205984375574392e-02
2.034363005694828433e-02
2.064457687282574005e-02
2.107700460066575313e-02
2.139938177764650826e-02
2.114909527520209692e-02
2.087564257260925149e-02
2.078440817319950756e-02
2.064575146726093172e-02
2.076578266420017055e-02
2.113796050773057017e-02
2.182294673386202949e-02
2.178168555750950933e-02
2.239021086840688179e-02
2.311502190542848861e-02
2.296166296085922973e-02
2.341177897536574765e-02
2.332235118824331488e-02
2.324385082549276088e-02
2.294961127006887175e-02
2.331910080165087995e-02
2.375785985991820531e-02
2.485915576601675780e-02
2.536580488914617210e-02
2.579072950397039155e-02
2.645719850360472511e-02
2.674290050533079457e-02
2.648913610185967341e-02
2.694555495182235014e-02
2.702548193531247728e-02
2.714645627198985015e-02
2.734687151020426948e-02
2.758812627354195052e-02
2.837969546229630532e-02
2.893533505522820348e-02
2.945718695931246606e-02
3.005330494412236306e-02
3.045337631249795882e-02
3.053326948102962415e-02
3.116954626865205136e-02
3.169794774485778371e-02
3.174013895135002761e-02
3.185065520200467543e-02
3.232564836395517699e-02
3.316560793890511311e-02
3.453968613987752623e-02
3.458400991502071087e-02
3.402005181049197469e-02
3.501810357900128623e-02
3.500340092783239820e-02
3.573908075088635949e-02
3.620987632143229246e-02
3.656703207819762824e-02
3.627086811928133259e-02
3.798250695298699409e-02
3.794621859978471873e-02
3.866603065769373682e-02
3.866607051397306927e-02
3.960536681506434536e-02
4.064938482963076360e-02
4.058016821217713677e-02
4.103955751044033318e-02
4.188371294396798367e-02
4.181648562164706762e-02
4.243207357390726964e-02
4.261686779317260670e-02
4.325918007547923522e-02
4.480918760326804001e-02
4.544377549950769091e-02
4.492799521849352024e-02
4.580610379540193261e-02
4.689504327339259065e-02
4.636773576012051534e-02
4.644549605648919111e-02
4.701271597307898203e-02
4.743631458444950294e-02
4.817477612281611393e-02
4.779915139350441461e-02
4.850685725175270246e-02
5.021344477895901826e-02
5.058463084932966758e-02
5.093795292396934016e-02
5.166339403972469713e-02
5.289855455050426758e-02
5.171377944320567493e-02
5.355784522872838321e-02
5.384090393596580038e-02
5.400689433976849779e-02
5.527453730806705656e-02
5.520168730310642813e-02
5.523705401568933249e-02
5.580181268222186852e-02
5.592798193282705332e-02
5.765150486429457266e-02
5.780806031183234606e-02
5.795617718495009452e-02
5.943860921215719795e-02
5.922501669344173297e-02
5.948107430452323485e-02
5.902795258591161942e-02
5.921126416905996698e-02
6.024549257102657096e-02
6.230756694984502381e-02
6.216834830228867154e-02
6.208075139115298846e-02
6.286192230191720021e-02
6.267548555723621850e-02
6.319147163665324307e-02
6.502074869651687516e-02
6.539803590639307884e-02
6.525692397565951985e-02
6.595150479423915468e-02
6.696378596965082974e-02
6.786032036735639705e-02
6.824600392609793398e-02
6.840950112058816202e-02
6.878575019182468775e-02
6.872680761856309051e-02
6.944809490622838588e-02
7.087106483447902505e-02
7.073136337954559483e-02
7.096636476123281689e-02
7.151770686630762319e-02
7.183362330252085481e-02
7.252174383765541688e-02
7.393275847742407370e-02
7.434294146213429877e-02
7.541285682449500039e-02
7.545526343707203987e-02
7.604418233003854000e-02
7.607137244821825239e-02
7.705796393570756020e-02
7.770322957725835089e-02
7.769374157047631568e-02
7.857132396934143892e-02
7.897026704764435745e-02
7.965249702356611006e-02
7.935975549000376383e-02
8.073014552460108795e-02
7.944875715336560673e-02
8.188378858732667243e-02
8.119734339135119272e-02
8.175896180053719708e-02
8.307699590168930726e-02
8.313620057891819848e-02
8.380391597140819659e-02
8.306855703500744259e-02
8.386422736903301201e-02
8.544170344472964973e-02
8.628376074263616191e-02
8.704276488930787203e-02
8.686475379455947665e-02
8.739300504985278439e-02
8.760367099580823602e-02
8.770820417532811109e-02
8.800692285984763885e-02
8.869345619654739332e-02
8.926487157618087642e-02
8.997378914234040181e-02
9.094312173192048432e-02
9.147187674889968589e-02
9.212203671937137239e-02
9.238109087605134162e-02
9.264771180530743944e-02
9.326878345017541871e-02
9.335977471546223760e-02
9.387251414004454952e-02
9.473463896860652433e-02
9.459855801592115254e-02
9.551156495047219419e-02
9.649168205653831099e-02
9.689269657006177594e-02
9.728071641021834859e-02
9.746840930932423874e-02
9.732431651169554110e-02
9.883464641879395607e-02
9.928501393459628066e-02
9.955129206249116458e-02
1.001092627494185594e-01
1.007601742532952954e-01
1.005632801633012524e-01
1.011899638767475712e-01
1.022998540184567040e-01
1.015253179867346284e-01
1.026636018957635538e-01
1.041033721540018386e-01
1.039999573532791044e-01
1.037746753099961367e-01
1.049516752054295426e-01
1.062014073966460054e-01
1.064008399282109912e-01
1.061030127187953670e-01
1.063574394417260705e-01
1.067659780971680072e-01
1.078147928227560504e-01
1.082596586331313893e-01
1.083182827571422396e-01
1.084706027756889707e-01
1.092223811531606859e-01
1.104208421222999670e-01
1.107293017633154131e-01
1.111950126504616804e-01
1.121019585152487757e-01
1.125049144583445959e-01
1.129270231631476357e-01
1.134867547085500472e-01
1.141982032468831371e-01
1.144276247133194785e-01
1.142090134328400675e-01
1.148723326866010613e-01
1.162129298702287428e-01
1.166222553387610411e-01
1.169423264041509064e-01
1.167419772318756266e-01
1.177910693410766235e-01
1.182926213668692855e-01
1.187004494116078862e-01
1.191659669475396283e-01
1.205684461947772457e-01
1.192070191204938345e-01
1.215261554233157959e-01
1.220527383691451528e-01
1.208654029052678991e-01
1.227358996492977777e-01
1.219493350283737260e-01
1.229927212731384972e-01
1.238235628454227161e-01
1.242540897871495242e-01
1.242921510851112826e-01
1.253016265866378764e-01
1.251435745568227065e-01
1.261895886181527149e-01
1.261716827946940955e-01
1.265111739070409469e-01
1.272507060983606997e-01
1.277867152843891185e-01
1.278823873454862925e-01
1.284922528724614654e-01
1.289621182953881451e-01
1.293122319056146108e-01
1.296665700272750799e-01
1.302844592693873371e-01
1.309021672040896478e-01
1.309516201308281447e-01
1.316015874196403146e-01
1.325211185169280215e-01
1.328018642657024795e-01
1.331413850055160331e-01
1.334542410861719874e-01
1.341062125886779144e-01
1.350963011189273699e-01
1.354777483669788174e-01
1.360096524732206380e-01
1.365343643914160854e-01
1.369592721605198682e-01
1.371160591179530486e-01
1.373789011801370141e-01
1.380068564096300077e-01
1.385675607002244958e-01
1.386339853877061878e-01
1.393869782579377770e-01
1.400991548012880950e-01
1.408067764202476368e-01
1.409202468168894440e-01
1.412761723851642948e-01
1.418260627045725697e-01
1.428823912810776586e-01
1.426010710713823681e-01
1.431781849285011232e-01
1.435997558283604314e-01
1.437842051537975285e-01
1.442587033457137791e-01
1.451301472661178371e-01
1.458795194265069262e-01
1.458310483243140110e-01
1.462708334679147792e-01
1.467655283792804743e-01
1.472497130157454648e-01
1.475508086149203146e-01
1.478292657416623024e-01
1.483528679696910491e-01
1.488120027737503959e-01
1.488289773944480032e-01
1.494202576422773154e-01
1.504861619641476578e-01
1.514766491889715516e-01
1.518639832651131893e-01
1.518727824738842491e-01
1.521446739887854227e-01
1.524997815154773007e-01
1.527888558499567451e-01
1.537740435314889076e-01
1.539043360736398192e-01
1.543102884886458637e-01
1.552845861296747176e-01
1.555268503874280284e-01
1.557635414799233287e-01
1.562045993048848669e-01
1.567840984418341910e-01
1.573726704159750522e-01
1.577457444861591063e-01
1.582052353489759311e-01
1.585340963227871991e-01
1.586436850514350849e-01
1.590393705379263278e-01
1.595312114252786517e-01
1.599257401917953125e-01
1.603481085972903175e-01
1.606869182298280296e-01
1.610518302922452627e-01
1.616990034091991268e-01
1.628486418922392431e-01
1.628238815438001474e-01
1.630916131919685208e-01
1.637598662646747305e-01
1.640901778886874607e-01
1.646025485672222288e-01
1.651736937241997105e-01
1.657522676540221784e-01
1.660267291727470507e-01
1.662351546354851051e-01
1.664928252997854852e-01
1.672055336281546289e-01
1.675255907687317192e-01
1.677360208673629727e-01
1.686299102786404103e-01
1.693265453907683016e-01
1.694406155518822787e-01
1.696208708788589370e-01
1.702735859756357994e-01
1.703542609173805955e-01
1.708661891209139472e-01
1.714735068279519825e-01
1.719800129327395677e-01
1.725343735638460996e-01
1.726632405977193696e-01
1.731027079978788019e-01
1.738717258576407410e-01
1.743533071521951860e-01
1.749493749728123215e-01
1.750702496237482864e-01
1.753782189164646010e-01
1.756308636048623806e-01
1.761260536962727108e-01
1.765800988637321878e-01
1.771003752352503791e-01
1.777357856007428516e-01
1.779016654942582598e-01
1.778884209543978578e-01
1.789355490416521810e-01
1.795220109621438742e-01
1.796648218407932984e-01
1.799831155117266601e-01
1.800304960521088571e-01
1.809056723364957930e-01
1.813694157754656144e-01
1.818101436420574979e-01
1.821474259806254714e-01
1.827784115192712111e-01
1.831283173694454591e-01
1.833470205419811816e-01
1.838396729856583423e-01
1.844395534865149178e-01
1.848535779249200206e-01
1.852732737045503786e-01
1.857573646446095128e-01
1.862247165961454232e-01
1.864910032041373622e-01
1.868271625244368184e-01
1.874148301307139441e-01
1.878147049706942739e-01
1.878662039769402325e-01
1.884131543743184922e-01
1.888588422784932552e-01
1.893942756296956020e-01
1.897197199992474714e-01
1.902169791854729231e-01
1.906721015667056929e-01
1.913546725135782112e-01
1.916164537370020071e-01
1.918980391248661377e-01
1.921603209731495565e-01
1.924705383459135166e-01
1.928012402767979028e-01
1.935094788987416214e-01
1.939375220848872650e-01
1.945132326995647476e-01
1.948715868152674779e-01
1.949375472289189559e-01
1.954195156588640070e-01
1.959524173093748767e-01
1.964432917166747117e-01
1.968050423264450510e-01
1.971958250859646988e-01
1.975511321050781310e-01
1.977840951480118736e-01
1.982091065659687679e-01
1.986548573951110175e-01
1.992100568990972653e-01
1.995934938408770454e-01
1.999979360191634081e-01
2.004545410461362198e-01
2.009707819956255415e-01
2.015711317641540323e-01
2.017789668167076222e-01
2.021523179528173231e-01
2.025466003679285976e-01
2.029025757138995523e-01
2.033631664421074736e-01
2.037315685497436135e-01
2.039933753197439303e-01
2.043401605984065950e-01
2.048205524895384266e-01
2.054335938086691848e-01
2.059714192581250936e-01
2.063664994774681571e-01
2.067901889623949552e-01
2.070095719556875602e-01
2.074033285198754184e-01
2.077060997798824971e-01
2.081780057829918928e-01
2.085000514824710549e-01
2.089064051994159732e-01
2.092558457583592602e-01
2.097090803529839953e-01
2.100996732951035395e-01
2.104864992229170950e-01
2.106294940008969219e-01
2.111829531429238183e-01
2.116292928759964942e-01
2.121903623686418883e-01
2.126022471968643801e-01
2.130667110263190500e-01
2.134633449494157953e-01
2.137223201665110761e-01
2.140896265069048288e-01
2.145048427606102148e-01
2.149701134254712598e-01
2.154385605627838207e-01
2.157911242992886502e-01
2.162629349370690235e-01
2.165608027376292044e-01
2.166345262625239410e-01
2.170789157385966950e-01
2.176642731389916152e-01
2.180777963586656432e-01
2.184086854793525212e-01
2.186683356081049467e-01
2.190573373617065722e-01
2.193689524558666837e-01
2.199896630835322109e-01
2.204295107620231897e-01
2.210294422646022772e-01
2.213563780995013719e-01
2.217389852507667680e-01
2.222471622540899694e-01
2.224673277430414542e-01
2.229515440360244904e-01
2.233245420368187573e-01
2.238209993066856973e-01
2.243984104206624419e-01
2.246732448735481447e-01
2.250252520482803331e-01
2.251965799184772743e-01
2.255636493535754517e-01
2.259735141391473467e-01
2.262272350704172541e-01
2.266948920109841947e-01
2.272177553098082003e-01
2.276201630887431937e-01
2.279768118609048488e-01
2.283291162311449907e-01
2.284513972518036062e-01
2.288296071238828666e-01
2.292557684045226918e-01
2.297327200006406278e-01
2.301843514168725180e-01
2.306014103259560466e-01
2.310299263507988865e-01
2.314625262781130066e-01
2.318137384882302254e-01
2.321410722923620829e-01
2.324290251414782571e-01
2.330303051403644354e-01
2.334207685006582378e-01
2.339117047071669342e-01
2.341351934426973702e-01
2.345212759882511211e-01
2.349246659833187367e-01
2.352576119902879959e-01
2.355704203405664665e-01
2.360561878803309199e-01
2.363876304898003544e-01
2.369871718603362987e-01
2.373426977512394509e-01
2.375914236420962611e-01
2.378105888228956299e-01
2.381411823546717987e-01
2.387183356724666694e-01
2.391935321024366012e-01
2.394827233414018874e-01
2.398555531610214453e-01
2.400642581926123176e-01
2.405121899362003546e-01
2.406705256925264491e-01
2.409865854762851256e-01
2.415507861553023716e-01
2.420643064145855672e-01
2.424273379175826137e-01
2.427076684273156149e-01
2.433182549183589005e-01
2.435954348354481824e-01
2.439422603829600467e-01
2.441654503535312104e-01
2.445051150463986578e-01
2.449278781550367490e-01
2.450715495883179773e-01
2.457232925474539531e-01
2.463401134905000289e-01
2.465210873695705129e-01
2.468859756690835183e-01
2.471921379618232661e-01
2.476880046264823554e-01
2.478767747511861075e-01
2.484705403621121633e-01
2.488723837682613738e-01
2.494728337557264863e-01
2.496696412358375694e-01
2.500371218652476246e-01
2.506031529285421833e-01
2.506707894685535898e-01
2.510902432739104961e-01
2.514387746775044175e-01
2.518414413350231751e-01
2.524195539075904104e-01
2.527819632115538839e-01
2.533877778035397710e-01
2.535850323866729594e-01
2.537185205710943414e-01
2.541772627903243764e-01
2.545837983538919991e-01
2.550212413593983540e-01
2.554890471716902423e-01
2.559329342049194711e-01
2.562325587576401165e-01
2.566000137345231802e-01
2.570616119702250346e-01
2.573058285847411586e-01
2.576685379559714995e-01
2.581002061354163990e-01
2.584666385717463988e-01
2.589478939629724641e-01
2.592916355854303911e-01
2.596047874417621859e-01
2.601509206834798360e-01
2.604260082165906209e-01
2.610530975972405465e-01
2.614526734092161853e-01
2.617078590954783901e-01
2.621484191552641563e-01
2.623256794525323232e-01
2.627649915927057211e-01
2.630667837604949155e-01
2.635413268266030840e-01
2.639255622468612561e-01
2.645864601348890122e-01
2.650544728592029720e-01
2.654631339464845752e-01
2.656652403803723139e-01
2.661400788478554547e-01
2.664416784921936898e-01
2.668383243951742978e-01
2.672918036885080229e-01
2.676407772258663775e-01
2.680241170610002110e-01
2.682218689320104432e-01
2.686703922263470878e-01
2.689677780794791917e-01
2.693872381833010143e-01
2.699152225221156387e-01
2.702892294163535269e-01
2.706733315717849142e-01
2.710877849784606997e-01
2.716260768531877368e-01
2.719249470264990531e-01
2.723212299876303089e-01
2.726549018734967245e-01
2.729745435680389631e-01
2.732617974493656843e-01
2.737738291365969245e-01
2.740259316628410602e-01
2.746045892127130794e-01
2.750921911062713665e-01
2.755234750712138303e-01
2.756408618357819584e-01
2.761169164553318733e-01
2.764606379494592425e-01
2.771045397645340302e-01
2.775541989614379035e-01
2.778316755459874776e-01
2.781361815652239056e-01
2.786407861076161674e-01
2.789413214671168095e-01
2.795851257170157700e-01
2.797823674072081324e-01
2.800204169717213643e-01
2.806303998424119484e-01
2.810117556704373465e-01
2.813566286663387594e-01
2.817709669631882630e-01
2.820513610527311532e-01
2.825210834445974206e-01
2.830256906760625357e-01
2.833861050376172419e-01
2.840359264398957806e-01
2.842321834213970000e-01
2.847304289139825362e-01
2.849813303492677585e-01
2.852698819277350584e-01
2.856639587407518999e-01
2.859865582410273666e-01
2.864748912751886589e-01
2.870103373377949074e-01
2.873468234844278046e-01
2.877122933351395906e-01
2.879252863687645769e-01
2.884437395535988657e-01
2.887050275252191489e-01
2.894009284979660035e-01
2.897385294642375597e-01
2.898120629033847373e-01
2.904010909273988528e-01
2.906680512493815538e-01
2.911462741557778733e-01
2.912729333587408265e-01
2.919251025281985323e-01
2.923138122674652228e-01
2.925454520183569107e-01
2.930118489228181189e-01
2.934402886854018400e-01
2.939292356817154173e-01
2.941439678618673059e-01
2.947197755625409754e-01
2.948495750577938557e-01
2.954060917861848767e-01
2.957186769783628488e-01
2.959512704161990082e-01
2.964342748668147287e-01
2.969411748132719242e-01
2.972397527200927869e-01
2.976443887851238923e-01
2.981610569247516440e-01
2.984793075408048169e-01
2.987545149092354357e-01
2.991432022237450195e-01
2.995223798551703287e-01
3.000789425470984373e-01
3.003515756632462175e-01
3.003750910920474637e-01
3.008026837010603916e-01
3.014451003084980263e-01
3.016785055606037713e-01
3.019846162500220421e-01
3.024064037882899236e-01
3.027926193630656737e-01
3.028943546062004000e-01
3.035251495146537581e-01
3.039988041099327409e-01
3.041397111437592060e-01
3.047179637298649268e-01
3.052807088397071489e-01
3.053242503161421872e-01
3.056151267746776146e-01
3.057151617529073606e-01
3.062104355368217568e-01
3.067539328310996960e-01
3.070772716961849280e-01
3.075293072754068380e-01
3.078585905239186737e-01
3.082745125577757150e-01
3.087602010214130499e-01
3.091008156323765133e-01
3.091488817391689903e-01
3.098883466283041122e-01
3.100410495686592993e-01
3.104431387796706132e-01
3.104522163532753010e-01
3.111589597530454721e-01
3.111711336120566163e-01
3.116868059121529755e-01
3.119493271723158268e-01
3.124614605283135282e-01
3.129041065715628123e-01
3.129423810982331355e-01
3.135432950059934276e-01
3.138919594658036716e-01
3.138793584490047750e-01
3.148010697384653334e-01
3.147531037269850063e-01
3.151749922627050671e-01
3.153607243944775429e-01
3.157369046355025799e-01
3.161046070967775679e-01
3.162597703062720034e-01
3.165476018939480940e-01
3.171785232405125998e-01
3.175769086050814760e-01
3.178467378176049185e-01
3.180818231914287475e-01
3.184322934902054092e-01
3.187106549873512940e-01
3.192334880533678199e-01
3.195428706817869946e-01
3.195365911781443691e-01
3.198668953708971863e-01
3.202958864915314563e-01
3.207689931873574096e-01
3.212753177662519000e-01
3.216707537114775750e-01
3.219846514152772121e-01
3.220260596201498515e-01
3.223156414725349417e-01
3.226888913700156625e-01
3.229788972676010395e-01
3.231298472839060354e-01
3.237078769594809446e-01
3.239802794368809025e-01
3.244071096495552697e-01
3.247682956220438455e-01
3.250606010334243234e-01
3.254504492248661562e-01
3.259899793674056467e-01
3.262840881544781801e-01
3.263735521352951752e-01
3.267353601717719047e-01
3.268662327704695558e-01
3.272594475160480187e-01
3.277380306818326039e-01
3.280148373890126590e-01
3.284013046315491513e-01
3.288851803882363312e-01
3.290656831213101263e-01
3.292420048151298850e-01
3.294879832845746259e-01
3.298042005006303623e-01
3.304287401649318445e-01
3.307345339153544006e-01
3.309535671231859655e-01
3.315986923854472024e-01
3.317916452309803144e-01
3.320527012576450221e-01
3.320691289022461579e-01
3.325423246404825006e-01
3.329303831869935282e-01
3.332685546827655054e-01
3.338008935395155863e-01
3.337660189943486566e-01
3.341998532925594123e-01
3.345127075314199838e-01
3.353135924755015762e-01
3.352799296403208285e-01
3.357492156875483968e-01
3.354258384842669360e-01
3.359614859313663215e-01
3.366006745268437239e-01
3.370281759700908264e-01
3.372112884527438403e-01
3.374702122838902918e-01
3.381378801319214755e-01
3.383108539260862302e-01
3.386646650268748671e-01
3.388685868545319724e-01
3.389987198992610029e-01
3.396070421241575432e-01
3.399631471981924835e-01
3.402657121675180529e-01
3.406905416605540138e-01
3.411234813926183884e-01
3.412045984641707275e-01
3.419474477910624532e-01
3.422405508608757363e-01
3.425818863088197497e-01
3.428799487916059929e-01
3.431559735374585807e-01
3.437487211153591460e-01
3.440801799357652846e-01
3.444231307272426212e-01
3.448608385763459183e-01
3.448549350781198730e-01
3.452651090077978324e-01
3.462210128835531142e-01
3.461445689971299200e-01
3.465170163962267291e-01
3.469655877765287499e-01
3.471858632738563655e-01
3.477922154909063313e-01
3.483541002484231708e-01
3.483121230146792868e-01
3.490007249731541528e-01
3.491172662507640023e-01
3.496852542593636981e-01
3.498425105005690261e-01
3.501926978869260298e-01
3.508032824188496157e-01
3.508550207530469756e-01
3.516129304894251573e-01
3.518299548322715853e-01
3.523522550418040078e-01
3.526594281034038381e-01
3.529416151581398764e-01
3.535198379158871473e-01
3.541915277144241370e-01
3.541559433038081739e-01
3.544276147733315674e-01
3.552254598011166387e-01
3.554655719624923438e-01
3.559362546671626104e-01
3.561975663967050787e-01
3.568165712439620996e-01
3.567065340617545655e-01
3.576101083123284230e-01
3.582644789643241179e-01
3.583818683597481680e-01
3.590460872068020892e-01
3.592906555095580767e-01
3.599533675172698066e-01
3.600573858444826025e-01
3.604060253871753106e-01
3.611569578539240988e-01
3.611599667644141975e-01
3.620940839110630693e-01
3.621900371035360888e-01
3.630343747842877389e-01
3.632903274401367844e-01
3.637923763420530809e-01
3.643619273051664220e-01
3.646658075256264953e-01
3.650671562538667647e-01
3.652957466129284070e-01
3.656956425797990295e-01
3.664108968403613220e-01
3.668065441100691326e-01
3.671937306111883736e-01
3.679051952420208105e-01
3.684580239604918761e-01
3.689411366975058892e-01
3.690935502609777319e-01
3.699455450864590489e-01
3.698976038008345846e-01
3.707238900921054903e-01
3.709521854234502092e-01
3.715863255203523119e-01
3.723910860939904088e-01
3.726950938568782123e-01
3.732493661537549245e-01
3.732160707568067948e-01
3.741200362942473934e-01
3.743783866344261857e-01
3.749039297350854616e-01
3.758509516128543670e-01
3.764202060361697688e-01
3.764036249341227158e-01
3.769384681016633709e-01
3.774748040762188617e-01
3.777655480676843092e-01
3.787936858176086941e-01
3.791202356831677722e-01
3.795595420826161082e-01
3.799839645698376844e-01
3.808347416197899182e-01
3.812313603137046369e-01
3.817760442734954851e-01
3.820591393482349885e-01
3.821785296751858962e-01
3.829751111433881139e-01
3.838929959576493633e-01
3.840816983984947641e-01
3.845250455356157282e-01
3.852859186734456376e-01
3.854183955474573264e-01
3.866264289025068135e-01
3.870018834008021047e-01
3.868582746942446082e-01
3.876132123465548807e-01
3.881591272480593990e-01
3.890955167061199149e-01
3.892193002376309052e-01
3.900211314110680338e-01
3.903317306007644816e-01
3.908381118380072072e-01
3.912907862151658311e-01
3.917669592969356684e-01
3.928578140533559582e-01
3.931703776332948763e-01
3.934779741286533183e-01
3.942542540606486789e-01
3.949861101106658667e-01
3.950731542125205387e-01
3.954965389709683699e-01
3.960811566721934573e-01
3.967758154778875390e-01
3.973737382972909460e-01
3.976496358544716059e-01
3.983397137996958493e-01
3.985508887251335008e-01
3.991644062963106143e-01
3.998139343222222863e-01
4.008312021871707209e-01
4.007900541345390533e-01
4.015460788702731598e-01
4.020614991553476680e-01
4.025702936228982010e-01
4.027564052790302829e-01
4.034500989971104290e-01
4.041960736824815603e-01
4.049080092404029330e-01
4.052506215809125734e-01
4.058149092959075221e-01
4.066069090629955696e-01
4.067320412032209842e-01
4.071363546406208123e-01
4.081693041451130988e-01
4.082548216078590309e-01
4.084024284276942529e-01
4.093043757156113460e-01
4.100915467252860824e-01
4.099997010515534779e-01
4.109119160272045601e-01
4.109165926974512884e-01
4.114703317632241730e-01
4.118359370946687581e-01
4.128528713643738191e-01
4.130060129531903379e-01
4.138703297351325472e-01
4.143340553817005389e-01
4.145238270333585495e-01
4.152762575282761270e-01
4.154757537561767355e-01
4.162651523823532318e-01
4.165303540858601994e-01
4.173595829605153407e-01
4.174418173112743324e-01
4.179356804916282142e-01
4.184040922811246843e-01
4.189389657504049569e-01
4.194637510899424382e-01
4.197253465378891213e-01
4.200401274579417810e-01
4.204449877885547138e-01
4.215407516112485986e-01
4.216192625704910379e-01
4.223822908841363688e-01
4.222341105748601553e-01
4.231125134533446075e-01
4.233374984454246759e-01
4.238818654917859141e-01
4.239681163433377531e-01
4.243846221685038111e-01
4.247732696497506510e-01
4.252963409388932359e-01
4.255174461413245290e-01
4.262889909903948560e-01
4.269189618041946965e-01
4.268141903726601627e-01
4.275695816288172524e-01
4.280467608969822368e-01
4.284712995046616180e-01
4.285031865672628282e-01
4.289239985296764979e-01
4.291760459681247530e-01
4.296841123254198092e-01
4.301662825137025914e-01
4.303970631990888251e-01
4.306984923778632290e-01
4.310021641587595820e-01
4.313539200554473707e-01
4.320199923607001558e-01
4.319231428426957842e-01
4.324485147172770771e-01
4.326144696051399952e-01
4.330885890456198095e-01
4.339357773008833963e-01
4.339818977442457260e-01
4.343844245449524077e-01
4.348206126360170676e-01
4.350496282183490826e-01
4.353343278761086510e-01
4.355996680373499519e-01
4.357697253273878357e-01
4.358430683141344963e-01
4.360710474197524444e-01
4.365239770986649726e-01
4.368465074661547209e-01
4.372979799355711794e-01
4.373497259896156342e-01
4.374626075762842459e-01
4.377272952431762731e-01
4.382864478214076875e-01
4.384117163342559076e-01
4.386460501385613386e-01
4.392396082070909036e-01
4.389789564494299134e-01
4.394662500734696775e-01
4.395560754992162145e-01
4.395783546809412523e-01
4.398859990225487127e-01
4.399292315683422383e-01
4.402510852389472928e-01
4.404663081720823770e-01
4.406040141219011996e-01
4.405607886986965260e-01
4.392104237218985019e-01
