1.059193441260156392e-03
1.015110091290836927e-03
9.805607055253507103e-04
1.453000920990737965e-03
2.050948811696847243e-03
2.286522990179865652e-03
2.412033215899897845e-03
2.414184384753058181e-03
2.214874535924247611e-03
2.071517224958888039e-03
1.899158883788862806e-03
1.678054611710858186e-03
1.855645181875969964e-03
2.432863883694925348e-03
2.820288288798838364e-03
3.517850199557704879e-03
4.118743027596048940e-03
3.706924783404861277e-03
3.412950809587661331e-03
3.424666126876129216e-03
3.320859208410601501e-03
3.583687405041796441e-03
4.249601458086951604e-03
5.446674541314160470e-03
5.222070455795415830e-03
6.302596336820923302e-03
7.723835282519169593e-03
7.542057566161958042e-03
8.479644546969596075e-03
8.414184608118945724e-03
8.324886905977581242e-03
7.830180638862418649e-03
8.539212572586272684e-03
9.295744547038083117e-03
1.138435775986369400e-02
1.238039371282871962e-02
1.317732462194555650e-02
1.446820542986258784e-02
1.500889127597675003e-02
1.465301768033635925e-02
1.552125891672200518e-02
1.573964403552907329e-02
1.602967603462977786e-02
1.646410311643742644e-02
1.695482581877385403e-02
1.833324336128475812e-02
1.933849239621477853e-02
2.040458657700727416e-02
2.160040489224154120e-02
2.240666562129268666e-02
2.259892142101298587e-02
2.369958371040557440e-02
2.479877011748032531e-02
2.488139697622899355e-02
2.516699519545003913e-02
2.630348369605529577e-02
2.784352706874025293e-02
3.002802895059926425e-02
3.034010908021935252e-02
2.965441544747257629e-02
3.120275259453294397e-02
3.144394887847464654e-02
3.263572482660598989e-02
3.374143101040050219e-02
3.413430002605923053e-02
3.441710168233961392e-02
3.697133512211168288e-02
3.676885676845511458e-02
3.818460167381283049e-02
3.848429774850067875e-02
4.002274475878039167e-02
4.185831707389151002e-02
4.188984364344405104e-02
4.260306233314598706e-02
4.422885507040729552e-02
4.444176916309076908e-02
4.573593786126846361e-02
4.625253689005855151e-02
4.705804369080147237e-02
4.938488662211198282e-02
5.066385930381580444e-02
5.048010747807343823e-02
5.212106140835763568e-02
5.396273393265421658e-02
5.334778229917933740e-02
5.331913606604083561e-02
5.442910092237052133e-02
5.552934514686791445e-02
5.696439860992558862e-02
5.684422382827695325e-02
5.774434276059626364e-02
6.005773006164682321e-02
6.102467166367568641e-02
6.193506029770318166e-02
6.311249099477120317e-02
6.491863889895385653e-02
6.424794517348812739e-02
6.654352041990888034e-02
6.680571713380256682e-02
6.756131419295778595e-02
6.922193595127590360e-02
7.019545666111709492e-02
7.042988379438169799e-02
7.136176865971048666e-02
7.185916466115646606e-02
7.403543005554952261e-02
7.480353294516885188e-02
7.517441412737635442e-02
7.737977415119993985e-02
7.706480004441501608e-02
7.805366484632850210e-02
7.824329328598243760e-02
7.904774344847875778e-02
8.071554010505532784e-02
8.270371047217617289e-02
8.260190716750517859e-02
8.347860449169659802e-02
8.484935555941723606e-02
8.519996080640794556e-02
8.626227060429454696e-02
8.836412720943315202e-02
8.866446336012794027e-02
8.943116392737085474e-02
9.073668635954286465e-02
9.215080756008790785e-02
9.325489836463195237e-02
9.430705267315557527e-02
9.491517893418693896e-02
9.591663801643200704e-02
9.657937196759509846e-02
9.730534652033563658e-02
9.908353422143643952e-02
9.954367690001647562e-02
1.001741134230073604e-01
1.012145566079465236e-01
1.025437819573414844e-01
1.031739331823317563e-01
1.045850840386787634e-01
1.065225882979235900e-01
1.069640106373725696e-01
1.076413547517473951e-01
1.091796314396200895e-01
1.097749604109004018e-01
1.108134609684362504e-01
1.118305958779980402e-01
1.122159337899812093e-01
1.137413154369865953e-01
1.145965673255038147e-01
1.166089439046223003e-01
1.161065873857827779e-01
1.175085624102876758e-01
1.167666305418647021e-01
1.191267289139226332e-01
1.199318597270805503e-01
1.200850344988588086e-01
1.224450503334159751e-01
1.227487379502478354e-01
1.239232084654656452e-01
1.241274982346603634e-01
1.253628313454826781e-01
1.263537176505775128e-01
1.276033858179896618e-01
1.290844298873043416e-01
1.298338663116710701e-01
1.314461433643553667e-01
1.315268196635929199e-01
1.315907232317971853e-01
1.328633781875090958e-01
1.342703412092837445e-01
1.349323153525938401e-01
1.362237782098495720e-01
1.375390638061056992e-01
1.381768251517540846e-01
1.392378903930787948e-01
1.402360559899610282e-01
1.409341370038000030e-01
1.417228283830253288e-01
1.425115224089097410e-01
1.430072203059613578e-01
1.441990067180968782e-01
1.452297388174313419e-01
1.461428406527543189e-01
1.474041547780931549e-01
1.489613528456419922e-01
1.496806369832550110e-01
1.499219591121386252e-01
1.502282740124648575e-01
1.517702116522130218e-01
1.524750685304370468e-01
1.544455786137585440e-01
1.550159814902568323e-01
1.551665045759791361e-01
1.562867321942624788e-01
1.570634236204234147e-01
1.583642941392978121e-01
1.586886652953617416e-01
1.603810729595593065e-01
1.611435449715356572e-01
1.621400368918262669e-01
1.623206372382115237e-01
1.638273663736437846e-01
1.650651047924358295e-01
1.656377455095577045e-01
1.662578684141159668e-01
1.669863386988051090e-01
1.675209569463616543e-01
1.688796902960541801e-01
1.701380519302028160e-01
1.710404781912064076e-01
1.716270355132624159e-01
1.727370295748313911e-01
1.739888791216445685e-01
1.743496413095889930e-01
1.754711611968320928e-01
1.768895476190610050e-01
1.778281554073117554e-01
1.784045687724240270e-01
1.790286929377101210e-01
1.802580305776850245e-01
1.809650571787571049e-01
1.813591081866424704e-01
1.823428613949819865e-01
1.841535952669640930e-01
1.847492941626409646e-01
1.851373357920873264e-01
1.861419498854036958e-01
1.873379343202494218e-01
1.882675787865915051e-01
1.890857534739459889e-01
1.899471832545356897e-01
1.908449963939916338e-01
1.914462840265432897e-01
1.926649736011007974e-01
1.939806840957296330e-01
1.939399316067836332e-01
1.954420043410572128e-01
1.960402876908695080e-01
1.971096431037698826e-01
1.980927563094912747e-01
1.989601510833235720e-01
1.995290679771407616e-01
2.006026811378660568e-01
2.012994381315387493e-01
2.022544473448771030e-01
2.031938567311419308e-01
2.041929828927978585e-01
2.050279879140002592e-01
2.058997832313696208e-01
2.059614966369280875e-01
2.070828483826615274e-01
2.080062831275487356e-01
2.090138232258201834e-01
2.098784773278553617e-01
2.102222174230977680e-01
2.115761432451305490e-01
2.125845152643430769e-01
2.132484757762281580e-01
2.142491869948999761e-01
2.154170398640904982e-01
2.161122106466003001e-01
2.167925910530184297e-01
2.177369890236466043e-01
2.188981117374609597e-01
2.195800412517552869e-01
2.204165809970560774e-01
2.212426872252368781e-01
2.222289644640129680e-01
2.227475230929707450e-01
2.238536282683160628e-01
2.243962912547219912e-01
2.253636208191078516e-01
2.263448314994766508e-01
2.271660213609033030e-01
2.282059825406515807e-01
2.292685943337382515e-01
2.299140936708134464e-01
2.302891241272183587e-01
2.312979630325148195e-01
2.326521014772172657e-01
2.331615526383286896e-01
2.338000446399293164e-01
2.344672303889589748e-01
2.353953490294110051e-01
2.363472948153039488e-01
2.373465387365177592e-01
2.379646291370183797e-01
2.383616263399096213e-01
2.392012052382821718e-01
2.401295022923705114e-01
2.412821739734664628e-01
2.417239655502880502e-01
2.425681469493838893e-01
2.432685992599987745e-01
2.443532511313029065e-01
2.452920680977666301e-01
2.461191492736954645e-01
2.469241516104682677e-01
2.481229823188348393e-01
2.489297184776041172e-01
2.496119108878021853e-01
2.498889703387103256e-01
2.505911336512594012e-01
2.515772353349562951e-01
2.527987526979298405e-01
2.535051118420822425e-01
2.544104511565638549e-01
2.551204942370176587e-01
2.561061733376578942e-01
2.567414119825590646e-01
2.573523967650159783e-01
2.585920469146822387e-01
2.595722027840345891e-01
2.600247462094898987e-01
2.605657641485950027e-01
2.613229993851747812e-01
2.617990592844774422e-01
2.628034095798365000e-01
2.639439359072728308e-01
2.647079808995696504e-01
2.653023647443466526e-01
2.658395903339155208e-01
2.669910904608093216e-01
2.678095443708098378e-01
2.685066399319206987e-01
2.692427320153743531e-01
2.700102027220133150e-01
2.712012149828353369e-01
2.721093738908001436e-01
2.729853456300980752e-01
2.736011677512548146e-01
2.744596906774667278e-01
2.748697221042389338e-01
2.755827789254587379e-01
2.763695913145294281e-01
2.768976218324497585e-01
2.775914544156696806e-01
2.787765008413928824e-01
2.795474009524485104e-01
2.803397874709403492e-01
2.814399538839843506e-01
2.821951589500142354e-01
2.827533153185162185e-01
2.833838055018291779e-01
2.840823029624685025e-01
2.849957439642313295e-01
2.858972248013574302e-01
2.867946619684210718e-01
2.872003297040540692e-01
2.878743187831551698e-01
2.887904532720101392e-01
2.897382085118827000e-01
2.904989869419429271e-01
2.909308585793068391e-01
2.915367089101950637e-01
2.924136765797509252e-01
2.933781766757360132e-01
2.941687861790148184e-01
2.949972363948637488e-01
2.957579644219776038e-01
2.965833783176683447e-01
2.975549471305154459e-01
2.980207272631159587e-01
2.987334357953158048e-01
2.995779570304009098e-01
3.001195011219938702e-01
3.006634371582193044e-01
3.015587594843615604e-01
3.021962429963589436e-01
3.029763763808064336e-01
3.040536995947105137e-01
3.047238904840536278e-01
3.054960063365061429e-01
3.061884698767222135e-01
3.070238400368599518e-01
3.077823102485295892e-01
3.086324114372255845e-01
3.093565459813077956e-01
3.100790815910666742e-01
3.107753551847264872e-01
3.114099519896991186e-01
3.122066871014275713e-01
3.129331016981242719e-01
3.137318305954767128e-01
3.145071566557519072e-01
3.150367699236557018e-01
3.158118066812160563e-01
3.164475424651041480e-01
3.173040694764491243e-01
3.177309928272408768e-01
3.183869090974906779e-01
3.193188063402144228e-01
3.201720868813850984e-01
3.209839296132214193e-01
3.217678034673321918e-01
3.225040884537423991e-01
3.234704963056173610e-01
3.238412326119178286e-01
3.247911894621012263e-01
3.253791290897672384e-01
3.262446962373931059e-01
3.269560224698816464e-01
3.275945015400879012e-01
3.282061746046610051e-01
3.287216225167553518e-01
3.297450840374264724e-01
3.304771787299389807e-01
3.309528627817669433e-01
3.316432925981306346e-01
3.321931391691360091e-01
3.329730539482991802e-01
3.336844713835463994e-01
3.343760632144804346e-01
3.351339722961758638e-01
3.358185485177508922e-01
3.364773582728048940e-01
3.371806977302426178e-01
3.380828810323643352e-01
3.388045435111858850e-01
3.393461575844806677e-01
3.401502026368976583e-01
3.408676355744965081e-01
3.415457262917527270e-01
3.421778878913596111e-01
3.429697012086262986e-01
3.437089226524291385e-01
3.444112078804867361e-01
3.449054778092919826e-01
3.457396165930191057e-01
3.464695041496220762e-01
3.469918103837856815e-01
3.477217901352384621e-01
3.482939408332375586e-01
3.490322078614888079e-01
3.496586650490567383e-01
3.504481749526651146e-01
3.511865161028277504e-01
3.519039024401713900e-01
3.527523333311194942e-01
3.533799933522615011e-01
3.539721813616171220e-01
3.548757075026348073e-01
3.552854611320162559e-01
3.559894896081081117e-01
3.568776170211832022e-01
3.574818225173443387e-01
3.582189184981233177e-01
3.590500113016946715e-01
3.596113023911355899e-01
3.603170979219355030e-01
3.607166624832542912e-01
3.613457380902281857e-01
3.622491250495106230e-01
3.628777966127457177e-01
3.635501059219224396e-01
3.642169023945522888e-01
3.647780685541313073e-01
3.654196124459391237e-01
3.661445413483693234e-01
3.669088158814446943e-01
3.674150498713487645e-01
3.680264226239710057e-01
3.687993748699633922e-01
3.695247285797582659e-01
3.701292574468787455e-01
3.707288417973530481e-01
3.715051244296355137e-01
3.720741807979565108e-01
3.727418041182513631e-01
3.737534823888343793e-01
3.741632096946193031e-01
3.747470615964558771e-01
3.755292988177014735e-01
3.761036279137883187e-01
3.767082335543781579e-01
3.773305283194222648e-01
3.780963169532685630e-01
3.786921516052044745e-01
3.793974762729824812e-01
3.798200216129288820e-01
3.806776815739666975e-01
3.812828890638212953e-01
3.820516109183476616e-01
3.825023530243579217e-01
3.833240797842787373e-01
3.839511653577888373e-01
3.845765352580797769e-01
3.851347079130133522e-01
3.858326936280105368e-01
3.863461530665269761e-01
3.871184458880725932e-01
3.877174467309075778e-01
3.886633550644907342e-01
3.892166577087142199e-01
3.898448369411258163e-01
3.904526538955975234e-01
3.910109649164346668e-01
3.918340670220603061e-01
3.924086548739607605e-01
3.930708481809653265e-01
3.937864533164772696e-01
3.942769774200866051e-01
3.950239167115958128e-01
3.956261786493198707e-01
3.960353770333312484e-01
3.968333368376659176e-01
3.975545245872313949e-01
3.982235380594759122e-01
3.987333368476670414e-01
3.993410541038982520e-01
3.999386446547706919e-01
4.006183274530242255e-01
4.011377711336321372e-01
4.017619073556161768e-01
4.024193258199186274e-01
4.031453508727378954e-01
4.038443999136902551e-01
4.044706860668432769e-01
4.051609567887316521e-01
4.056190380104796600e-01
4.063064071470681160e-01
4.068065098250536193e-01
4.071937102154323807e-01
4.076348453708471542e-01
4.086324851120918811e-01
4.093596815029647007e-01
4.098887969005037268e-01
4.105400181822795869e-01
4.111181646343693985e-01
4.116890406146094805e-01
4.123393051944950760e-01
4.130484735677796282e-01
4.135115386546662219e-01
4.143325954002479716e-01
4.148249350232139920e-01
4.154248101881529709e-01
4.157247203421101656e-01
4.165077640239209233e-01
4.171916797827865953e-01
4.177342750919846859e-01
4.184424489396003088e-01
4.189062500540543521e-01
4.197960673190040404e-01
4.202981804372273311e-01
4.209164065951692124e-01
4.214476321015125371e-01
4.221322950439256316e-01
4.227596614891196980e-01
4.233098312167489774e-01
4.237199553348695025e-01
4.243555168736843353e-01
4.250860093331791933e-01
4.256426148186320813e-01
4.263023628092013073e-01
4.267101778841879689e-01
4.274667107370756503e-01
4.280088528600490827e-01
4.287425867689294012e-01
4.291559889634360414e-01
4.298140373299924044e-01
4.305538867329643526e-01
4.309276226983678737e-01
4.315976789094371768e-01
4.321049288991847259e-01
4.327013681923441712e-01
4.335149442245065377e-01
4.341248156774494826e-01
4.347194931042793753e-01
4.351273496953201869e-01
4.357562169183064604e-01
4.362578875119919042e-01
4.369026602162178197e-01
4.375355163587332785e-01
4.381470176793565430e-01
4.386443448870011030e-01
4.394769718116554591e-01
4.398878450290071296e-01
4.405903535162811746e-01
4.412167785072589332e-01
4.417385286010132583e-01
4.422858434681199991e-01
4.430130761129218997e-01
4.434065336091125298e-01
4.440365032251926691e-01
4.444510940809643373e-01
4.451813414021553728e-01
4.456563697041767691e-01
4.463853392015366683e-01
4.467488706086777950e-01
4.475187143075518570e-01
4.482543918679061656e-01
4.485253735426829036e-01
4.492052395559623656e-01
4.498953754895113621e-01
4.502847174984011547e-01
4.509979568321949017e-01
4.515564361912509650e-01
4.520651951103270005e-01
4.526587327521220949e-01
4.533787149693791485e-01
4.539064618123049843e-01
4.544045487864865618e-01
4.549484953526098940e-01
4.556374920600532175e-01
4.559551129767964173e-01
4.567981462460653508e-01
4.572839741409212011e-01
4.578198263398319812e-01
4.586305763832084770e-01
4.589667260736031706e-01
4.596852453087627577e-01
4.601917196217643058e-01
4.607284427259660253e-01
4.613567619961059796e-01
4.619646393644303850e-01
4.625059082161756541e-01
4.630891746588521318e-01
4.636525433311334266e-01
4.644200900121523423e-01
4.649917878816227645e-01
4.654574276344765060e-01
4.660108450566375904e-01
4.665086120684183713e-01
4.670513098169689625e-01
4.676521566895338045e-01
4.681830860919719561e-01
4.687313630195706349e-01
4.693863186520463304e-01
4.700323565760880506e-01
4.705065791401277231e-01
4.712013413223594127e-01
4.714304412638747888e-01
4.721167624111495265e-01
4.728038241883013582e-01
4.733060497214880979e-01
4.738714798801311190e-01
4.745085203489037284e-01
4.750560920570095491e-01
4.755885405920598497e-01
4.759371823176765104e-01
4.768242314560776629e-01
4.774641543503225227e-01
4.779730242949916108e-01
4.784944834436701822e-01
4.791479141151568921e-01
4.797345366182159676e-01
4.802505605295004920e-01
4.807348841339315060e-01
4.813460922615468984e-01
4.818959320500602606e-01
4.823078223064369841e-01
4.828465922837955060e-01
4.834046051921834786e-01
4.842949701529393192e-01
4.848873352702817163e-01
4.853989022680355037e-01
4.860470443646927041e-01
4.866848987306227059e-01
4.870313827562267606e-01
4.876752540428748728e-01
4.881758677425107051e-01
4.886715272387907039e-01
4.892385547595748951e-01
4.899545415149272332e-01
4.905775167964268046e-01
4.912084468142854932e-01
4.920478681419901967e-01
4.926149576324451718e-01
4.930684960499895353e-01
4.935610895311388080e-01
4.942024638278020854e-01
4.947865027471788357e-01
4.953540217560419845e-01
4.957566152985000696e-01
4.965050382293689224e-01
4.969030082241881474e-01
4.978294539159143772e-01
4.980459533825584151e-01
4.988175152858906891e-01
4.993520907744342652e-01
4.999927601497215490e-01
5.004304384069553358e-01
5.011939391400391797e-01
5.015906079362770775e-01
5.024798656749936976e-01
5.029346377254967360e-01
5.034636540679129357e-01
5.041370823890853892e-01
5.047695170210539928e-01
5.051639591446910327e-01
5.056942810344043915e-01
5.064355665517308314e-01
5.070713521629620635e-01
5.074690350013530971e-01
5.081289465867699917e-01
5.086361636716032475e-01
5.093776922392958539e-01
5.100311480008781206e-01
5.106509181302228972e-01
5.109826852015685317e-01
5.117827773709308081e-01
5.126210962615150857e-01
5.129399541945350860e-01
5.134393447813995204e-01
5.142868599763279480e-01
5.148351317043285968e-01
5.155335901696318501e-01
5.158765699162061180e-01
5.165968561479175047e-01
5.172281570407998297e-01
5.176570587895225062e-01
5.183542853244933468e-01
5.189621396277471765e-01
5.195875602454754771e-01
5.201923270179079628e-01
5.207187854230049817e-01
5.212532847866754304e-01
5.219312709719227117e-01
5.224078603935423670e-01
5.231064301955953288e-01
5.239415809254704959e-01
5.244538689437225898e-01
5.251909926747562185e-01
5.257092882676150936e-01
5.262386473745869209e-01
5.269492520430730798e-01
5.276364209112385240e-01
5.284272167126486952e-01
5.288683324867053948e-01
5.294985923912646220e-01
5.299451404688777512e-01
5.305707788773230682e-01
5.313195877982630488e-01
5.319949326096820030e-01
5.323450730963255051e-01
5.332617317347955188e-01
5.337207187922857754e-01
5.343633988771271381e-01
5.352135262646118274e-01
5.358496340961008686e-01
5.363782514940080848e-01
5.368672116639010561e-01
5.376352508685275922e-01
5.381882836305119655e-01
5.389337776783876821e-01
5.393862456666755900e-01
5.400071316159007484e-01
5.406752695629156724e-01
5.413609689914674616e-01
5.419170627009177732e-01
5.426549881236900630e-01
5.429404540075368768e-01
5.437301850752693788e-01
5.447766893062382376e-01
5.447960761833988697e-01
5.455209578550564986e-01
5.464613398382259790e-01
5.467394509035717887e-01
5.474243291014618817e-01
5.483627352238272801e-01
5.487310005832077842e-01
5.493895882144403942e-01
5.500321600896649343e-01
5.512604511436332011e-01
5.514087028121569256e-01
5.520171047181932078e-01
5.527186569075730471e-01
5.535882384421441094e-01
5.541075967619805143e-01
5.545337750329715210e-01
5.553278960795011709e-01
5.559400586837763836e-01
5.567774987381681751e-01
5.572093668039894698e-01
5.577026707800165628e-01
5.585212203247218454e-01
5.589038848338326870e-01
5.597048573521844483e-01
5.601923955080301276e-01
5.608166505049728690e-01
5.614178450607583137e-01
5.620055581078154949e-01
5.627929765633179482e-01
5.632483167804646085e-01
5.640290999723182042e-01
5.645056896532558710e-01
5.652326637842416401e-01
5.659879854098154306e-01
5.667437283211785859e-01
5.672635496468358962e-01
5.678164975486731381e-01
5.683868381748755638e-01
5.694548653667617089e-01
5.699772615763084582e-01
5.703452931718611119e-01
5.710707393902246798e-01
5.716632352258000926e-01
5.724793825405949388e-01
5.727641841637320930e-01
5.734079502592974720e-01
5.739235804229712024e-01
5.746933864565231254e-01
5.754514225184632625e-01
5.759680758649479149e-01
5.766626503526901537e-01
5.773777046877417440e-01
5.778338652716507040e-01
5.786478345699207493e-01
5.790871823955264786e-01
5.799292240274254162e-01
5.801345538473643426e-01
5.810298448711858077e-01
5.816686701619446787e-01
5.822566639746789008e-01
5.826414620756142915e-01
5.833869882814218810e-01
5.840461869021600361e-01
5.845228023950058693e-01
5.852620908618415552e-01
5.857160215752551524e-01
5.863707511248865689e-01
5.870756958961141914e-01
5.876140419940163451e-01
5.883612223604715030e-01
5.888714023553207610e-01
5.893664104458761210e-01
5.903363639521025386e-01
5.909067896207351733e-01
5.914081721248025669e-01
5.919566692114931472e-01
5.925575247379915034e-01
5.934115717957988423e-01
5.938426476057733217e-01
5.944941653071463827e-01
5.949970124768627633e-01
5.955097056396667643e-01
5.960784732356185778e-01
5.968234292027529975e-01
5.973182962437433297e-01
5.977849595017484807e-01
5.985742498781472243e-01
5.993005016269931096e-01
5.997811573050166878e-01
6.000593551459905139e-01
6.008885457717506595e-01
6.016698655060650491e-01
6.019591163713269300e-01
6.025535896341635000e-01
6.033513475743419452e-01
6.035282866394632295e-01
6.044794623160059110e-01
6.049199314477913259e-01
6.057391756079499867e-01
6.058351914917622372e-01
6.064091678305097988e-01
6.071682997850628150e-01
6.078619387987259648e-01
6.082863367158701795e-01
6.088248878321373958e-01
6.095408604529931607e-01
6.100349399446953758e-01
6.106014589237532819e-01
6.111394080290371011e-01
6.116984981512569863e-01
6.122267157293991291e-01
6.126677400715835331e-01
6.135607346120559580e-01
6.137933471330722091e-01
6.144666451663067797e-01
6.148947960179212968e-01
6.153514306265244205e-01
6.165344057783807008e-01
6.166299564872790295e-01
6.172960006435228575e-01
6.178011454356516774e-01
6.182938765226976274e-01
6.187834173066648624e-01
6.192600830058259120e-01
6.198287184547122131e-01
6.203585559901789726e-01
6.209274382524812008e-01
6.214922192951541913e-01
6.217618739294432650e-01
6.221990796181720018e-01
6.229159015908201091e-01
6.232712270001734556e-01
6.239980373548320580e-01
6.242603469007845796e-01
6.250521422709102159e-01
6.254405813333800968e-01
6.259204909050981591e-01
6.261959843076327914e-01
6.269376813402062210e-01
6.275202475615515585e-01
6.281760514897696268e-01
6.284903567586166417e-01
6.290050427035945857e-01
6.295652129868128943e-01
6.298343796065057898e-01
6.305025203149756674e-01
6.308214673674451545e-01
6.314436782036351170e-01
6.318245813617990869e-01
6.323158299196708354e-01
6.328884312802515177e-01
6.331916970113943277e-01
6.337141131982120257e-01
6.342314717739711005e-01
6.348181165575094154e-01
6.351519870035247095e-01
6.360083200437302020e-01
6.362640074256973310e-01
6.366247241976954463e-01
6.370455442584963546e-01
6.375387003299325395e-01
6.382193077133752057e-01
6.384870410271340502e-01
6.389832848271519428e-01
6.392595183837044281e-01
6.400316926941491680e-01
6.402764234760978113e-01
6.407694991282670838e-01
6.410510710902450615e-01
6.414180639747227852e-01
6.420208804305636008e-01
6.428277907966151172e-01
6.429923618164650190e-01
6.435091709013529560e-01
6.438837841058504541e-01
6.443574748807116004e-01
6.447657985443630002e-01
6.450427491712119599e-01
6.457035686800459695e-01
6.461066301224428488e-01
6.463246174161079161e-01
6.470636748822136131e-01
6.473452701107461627e-01
6.477509306422800650e-01
6.481564428497819108e-01
6.483706522451201382e-01
6.491137103338040504e-01
6.493852323942548299e-01
6.499131727850792073e-01
6.501872870563017992e-01
6.505621018293064051e-01
6.509948088434051039e-01
6.512250056075195026e-01
6.517379806006938781e-01
6.522947750638945497e-01
6.526455492131087999e-01
6.529843292453290093e-01
6.536106831369788983e-01
6.539401028934708204e-01
6.541796378961908243e-01
6.546027761733406169e-01
6.549298455386213247e-01
6.554397686508290910e-01
6.555065898046522621e-01
6.562391102698420520e-01
6.565330025860153240e-01
6.568438063307411312e-01
6.573175150445079717e-01
6.575840759101797550e-01
6.580413425840405672e-01
6.585406913697013920e-01
6.587877814591311942e-01
6.590687278136866389e-01
6.594736025194216644e-01
6.599160955444260956e-01
6.602469758978241066e-01
6.605283917706380459e-01
6.611042149684142055e-01
6.613414982181764490e-01
6.619366079270722070e-01
6.623381416534711574e-01
6.626054017894601467e-01
6.628715771841214854e-01
6.631598004305325755e-01
6.634445599762830437e-01
6.638926589364386732e-01
6.641944814484540549e-01
6.646017885815139747e-01
6.650414197040425135e-01
6.653793897962794190e-01
6.655841832759635812e-01
6.662238021906022878e-01
6.663802943276161406e-01
6.667050973996094809e-01
6.669967669400841404e-01
6.672846181452375403e-01
6.679878116813086075e-01
6.681085624745338736e-01
6.685278057420080966e-01
6.687308348739355868e-01
6.690877436456333927e-01
6.694225771217706678e-01
6.699666077427990363e-01
6.703518052257086968e-01
6.705647492049889857e-01
6.711294536847682846e-01
6.714986994365075290e-01
6.717956210662400229e-01
6.721000535705773382e-01
6.724753270840317931e-01
6.727244015490390083e-01
6.730274208777315970e-01
6.733944640891086353e-01
6.738942076228155997e-01
6.742139928425244788e-01
6.744654025767207184e-01
6.747218881435660398e-01
6.751732962580393460e-01
6.754953123111405722e-01
6.760754156724096964e-01
6.760931850023765843e-01
6.764675504075589041e-01
6.766765429047107983e-01
6.771031169133610028e-01
6.773969322988671049e-01
6.781582397615586455e-01
6.782261841033768723e-01
6.786656406013175102e-01
6.789863794744530612e-01
6.791514671638659850e-01
6.791858519354591062e-01
