2.661914616679040332e-03
2.543398556169525898e-03
2.465540490881618779e-03
2.840156284243715735e-03
3.314394063860039239e-03
3.486617440782721535e-03
3.545920149503003441e-03
3.515485673355898000e-03
3.349820296101113995e-03
3.207024707354207919e-03
3.056821335095323382e-03
2.717005654636677099e-03
2.928888533828752187e-03
3.754080569640374718e-03
4.265828068959112013e-03
5.317383385228056231e-03
6.259976961184385985e-03
5.634163021269048346e-03
5.274047628582034970e-03
5.382837168874567667e-03
5.294260519550270279e-03
5.705243743530132028e-03
6.745289079207593408e-03
8.557131416639784244e-03
8.139004707909123712e-03
9.802840301283914648e-03
1.204789855360457497e-02
1.185588317684730178e-02
1.335082243440892380e-02
1.324991092919423213e-02
1.315267367050773108e-02
1.246826520297751248e-02
1.357845626081500764e-02
1.462685436488608305e-02
1.783823914143069234e-02
1.943650770767135771e-02
2.072298586732045436e-02
2.269263565696461385e-02
2.347640667765082609e-02
2.303856011942887611e-02
2.435239366219345281e-02
2.473633844252183175e-02
2.525007928950915442e-02
2.601823249712638397e-02
2.681330233042266906e-02
2.873957109324686010e-02
3.019211795819286628e-02
3.192911226411781350e-02
3.378643731793476435e-02
3.510349648701891617e-02
3.542355101854554461e-02
3.690528409706499841e-02
3.861452797049971797e-02
3.872760377486243744e-02
3.928253065283823092e-02
4.137576493710422298e-02
4.360696167591097266e-02
4.628045223443151557e-02
4.707622522633383988e-02
4.655270793997085682e-02
4.845940484292796807e-02
4.911049748085907773e-02
5.075454546065193834e-02
5.246294941065057088e-02
5.287977364248831746e-02
5.438961117904987652e-02
5.703042166350687225e-02
5.677555753514209463e-02
5.876539979743884701e-02
5.972259929596905603e-02
6.165665870927148490e-02
6.427517942793914418e-02
6.460696746082657260e-02
6.544420203508571898e-02
6.791664552621132223e-02
6.855995400814225704e-02
7.048373732053712926e-02
7.143116900515128487e-02
7.218270942318832928e-02
7.493306860389069290e-02
7.691948366415404803e-02
7.756446841727772379e-02
7.980786020146375670e-02
8.221743551936656902e-02
8.185902514087300963e-02
8.195644291065704024e-02
8.368755886078874107e-02
8.554458066057453458e-02
8.756347371199106611e-02
8.785871323056987370e-02
8.887637534652099991e-02
9.154851434684264933e-02
9.305678732199863801e-02
9.438280431124806968e-02
9.586679367862688261e-02
9.820446804505145177e-02
9.877305963401174227e-02
1.009589386507059733e-01
1.011652130907728375e-01
1.027968781761509076e-01
1.043411313948086477e-01
1.067096141668134185e-01
1.072056942774290700e-01
1.087639127752893092e-01
1.094985666983963601e-01
1.111788114360309498e-01
1.131898993565900180e-01
1.136536440840810874e-01
1.161259249163699575e-01
1.164441226977841609e-01
1.178983164638875702e-01
1.189982230715549427e-01
1.201827593138962286e-01
1.229138878564114828e-01
1.243104045128320817e-01
1.243676871963710212e-01
1.266415138816830988e-01
1.284154920797495048e-01
1.294265872087076996e-01
1.305995119998922538e-01
1.325074872984823293e-01
1.333005490511553204e-01
1.348765055026598936e-01
1.366243284905845901e-01
1.385035889454145352e-01
1.399229577924383516e-01
1.413857494192330144e-01
1.423573016054691387e-01
1.438211269375865020e-01
1.454376987700016777e-01
1.463608788504504321e-01
1.480100077941255421e-01
1.493336326509180911e-01
1.501416498298676072e-01
1.512359906768313833e-01
1.537253482182492637e-01
1.547096936954270308e-01
1.562159572308134958e-01
1.587900691621255411e-01
1.591526446372143189e-01
1.603789734803180989e-01
1.622990986942794978e-01
1.636831960793606877e-01
1.653165057399519633e-01
1.660649893551358891e-01
1.669954705036267584e-01
1.688922338525731814e-01
1.708197592359197714e-01
1.728826922230942698e-01
1.731826005789794398e-01
1.741650831249477449e-01
1.752363072370494990e-01
1.767794045202714381e-01
1.780605297160326173e-01
1.789660549071702411e-01
1.811099159082301957e-01
1.819378748248429156e-01
1.833213086216777254e-01
1.848314590787948353e-01
1.865227909519027727e-01
1.873037008875779730e-01
1.888133596514580403e-01
1.900870269715708438e-01
1.919115250890129909e-01
1.936869199421786536e-01
1.946868590402816568e-01
1.954994399041184994e-01
1.968175548573402878e-01
1.982331861802821282e-01
1.992323201920309927e-01
2.012203778238657315e-01
2.029720087472280388e-01
2.034497899870759963e-01
2.045410622019192548e-01
2.062815219967957525e-01
2.072906244654201535e-01
2.088925047323124951e-01
2.103687681427130196e-01
2.114070540643166740e-01
2.124269311177043595e-01
2.140431191075214123e-01
2.149487214118753209e-01
2.164614784909945078e-01
2.181218826765835561e-01
2.189424249711410531e-01
2.201570360856036912e-01
2.213933088024548357e-01
2.226275555537090833e-01
2.239808310565259697e-01
2.258347925871522499e-01
2.273213164409265963e-01
2.272772555376141035e-01
2.292986479139827727e-01
2.307626878219687372e-01
2.314168776387773019e-01
2.328314946224263327e-01
2.347628257827064635e-01
2.357753138628189138e-01
2.368123402441736358e-01
2.379445657755479837e-01
2.395664493771820502e-01
2.405310539765789235e-01
2.416203838859103947e-01
2.429405041588720560e-01
2.440957309784080598e-01
2.450027629379650240e-01
2.464430776854553418e-01
2.477626641182492095e-01
2.492967041288650931e-01
2.501606764970120689e-01
2.514814479137112979e-01
2.533156799580767449e-01
2.542541159314016253e-01
2.551351849109253500e-01
2.569027572097933865e-01
2.581937654210718636e-01
2.592986643407155789e-01
2.601451770207137137e-01
2.614812391834711591e-01
2.628965189443366879e-01
2.636419902449926300e-01
2.649238217058639822e-01
2.667044520954028886e-01
2.674062035628491651e-01
2.682677006456229418e-01
2.701177547601745221e-01
2.710960753104083576e-01
2.722234751928394036e-01
2.735258871153816718e-01
2.748042093381713458e-01
2.760046628849044947e-01
2.766918585064391811e-01
2.780957369837371851e-01
2.796760662892653349e-01
2.807054225128465808e-01
2.820303916273622646e-01
2.829349747352684630e-01
2.839522423071248469e-01
2.851785166185605291e-01
2.868104061222945256e-01
2.878794507304150985e-01
2.882956158571198801e-01
2.898387193307693233e-01
2.912200260929952988e-01
2.922430870920524337e-01
2.934773637364102017e-01
2.948859753080064761e-01
2.954986133422953798e-01
2.966406548943918420e-01
2.977961494392361574e-01
2.986532806294992515e-01
2.997752874160550807e-01
3.010199804593384210e-01
3.022506552936242707e-01
3.035251115915355569e-01
3.046551224966164151e-01
3.058766659685843159e-01
3.069973079929791959e-01
3.085374705903449755e-01
3.093755574219431148e-01
3.102790723346721680e-01
3.114308431847583880e-01
3.123887029548835792e-01
3.139300209487415616e-01
3.149925143764122915e-01
3.162611325382079230e-01
3.171181607023660365e-01
3.184990152050879986e-01
3.191147552394825726e-01
3.203563681311276667e-01
3.219337149866858261e-01
3.224188932453204148e-01
3.235960264207100590e-01
3.245405353806601334e-01
3.255790425022203616e-01
3.269745864834574522e-01
3.280605811932649218e-01
3.290981189798397599e-01
3.304257205627670890e-01
3.312660207217373309e-01
3.327523193036523441e-01
3.336571625948162034e-01
3.344380382490486636e-01
3.356589708763905167e-01
3.365172516720218443e-01
3.374068325039690786e-01
3.385429630748237884e-01
3.398050351962929039e-01
3.410032791101617056e-01
3.416298757905114614e-01
3.427964421739673750e-01
3.436887106011054516e-01
3.447478984071851715e-01
3.460939251107698067e-01
3.471494796468128641e-01
3.483712646141265967e-01
3.496130995180064538e-01
3.505044410615725803e-01
3.515539818156527274e-01
3.529140465085625067e-01
3.534005701628729623e-01
3.544122060400760610e-01
3.556504348683875438e-01
3.565602144018981123e-01
3.574352822834507282e-01
3.584559737308252725e-01
3.598818875892814684e-01
3.605139519016203886e-01
3.615208743049473372e-01
3.625094270049440404e-01
3.638094905215135677e-01
3.650324715310477863e-01
3.655925452797317288e-01
3.665969757398840900e-01
3.678746305197064803e-01
3.688273152948980393e-01
3.696643203893665297e-01
3.704208951953694151e-01
3.715920249049912139e-01
3.727607759130137088e-01
3.738047403173104244e-01
3.745345616803860689e-01
3.755072502012036795e-01
3.761729274950257329e-01
3.773834730097667678e-01
3.786396196859753149e-01
3.798156995580746487e-01
3.807868243055411717e-01
3.814506559104692274e-01
3.825373641803866964e-01
3.834414110846692259e-01
3.844205815503453083e-01
3.853900327592436614e-01
3.865463590763259516e-01
3.873752715811559777e-01
3.884938099511721088e-01
3.894835737388246399e-01
3.903261800825691963e-01
3.911399764396892853e-01
3.923384539675360272e-01
3.931512995831210056e-01
3.940018157265892107e-01
3.953459828257168684e-01
3.964000984544053807e-01
3.968705205848098716e-01
3.979538064061319824e-01
3.988633819496769095e-01
4.000216322172444605e-01
4.008630947088450136e-01
4.019322472795224810e-01
4.027097078446699729e-01
4.035616532448151883e-01
4.043865522228947129e-01
4.050984390234486088e-01
4.061826877013095527e-01
4.072651414151728377e-01
4.083859185196710984e-01
4.090952881939735608e-01
4.099546565638664264e-01
4.109317357917343094e-01
4.121320942487466388e-01
4.127160447632129414e-01
4.133944879442321696e-01
4.144979063178342304e-01
4.151953583048350049e-01
4.162075023356139325e-01
4.171728888350316744e-01
4.181340747107858968e-01
4.191929181086546663e-01
4.201774221680707466e-01
4.209400645869821878e-01
4.216474126906179509e-01
4.228764636251630682e-01
4.238432080601676200e-01
4.247274913215408620e-01
4.257175901079108815e-01
4.269698963547727266e-01
4.275320003000069313e-01
4.282468119725478251e-01
4.290734467046213307e-01
4.300494111582780499e-01
4.308522345279982568e-01
4.317034424548178428e-01
4.326392674708119945e-01
4.334907738435395674e-01
4.343373235775861430e-01
4.351878334596549491e-01
4.359222139538694862e-01
4.368050046381237728e-01
4.376174500798331035e-01
4.384804790682118592e-01
4.393367988880103603e-01
4.404269729897800079e-01
4.412882564136530461e-01
4.422223900984607048e-01
4.430372970004292643e-01
4.438909115733517541e-01
4.446981636788700509e-01
4.453416590789665008e-01
4.461987197981430731e-01
4.474601062640559679e-01
4.481039331724616659e-01
4.489171454602026712e-01
4.498729649493387051e-01
4.505272907723322229e-01
4.515007724374703324e-01
4.524728282961516523e-01
4.533083771043819876e-01
4.540418862869506911e-01
4.549193042166229106e-01
4.556166710894696270e-01
4.565466333997960091e-01
4.572557869312950385e-01
4.582332282028178660e-01
4.591504566128034592e-01
4.601531642445718107e-01
4.606169166202445653e-01
4.612425297270211777e-01
4.620938868732623050e-01
4.629283313518072762e-01
4.638771773922139574e-01
4.648070605383292642e-01
4.655427618388551236e-01
4.662165322202481699e-01
4.671869754862861823e-01
4.678494322840049402e-01
4.687832619277593760e-01
4.698880433597928397e-01
4.704491408534949848e-01
4.710109521919421116e-01
4.719123921184915083e-01
4.726159094227699864e-01
4.735263452352158620e-01
4.742174858742995713e-01
4.751706387310552504e-01
4.757835478275582175e-01
4.767242011580579142e-01
4.776700079166535939e-01
4.781924293856413266e-01
4.789649111217480493e-01
4.797460926236685186e-01
4.804059128930195932e-01
4.813751954729255655e-01
4.820173239107182761e-01
4.830133369910075136e-01
4.836487968985796471e-01
4.843896805452803100e-01
4.854605844490083033e-01
4.862646227414309519e-01
4.871504668559863416e-01
4.878378386910316999e-01
4.885816685855651764e-01
4.891506830158630081e-01
4.900346809191953867e-01
4.907406989542374975e-01
4.916898736883264509e-01
4.924034259023033488e-01
4.929517178656012688e-01
4.939802407012555130e-01
4.946398823972758541e-01
4.954038553774515186e-01
4.959804228155729189e-01
4.969794995009822469e-01
4.975601070342905996e-01
4.982872426895016971e-01
4.991817712427641940e-01
4.998473234191734282e-01
5.005490696275092244e-01
5.010410980777270096e-01
5.020205231728898099e-01
5.027702563626459398e-01
5.035956293207307644e-01
5.042405375823042490e-01
5.049980118045970245e-01
5.054616184218398978e-01
5.064816136563490279e-01
5.073251232778036579e-01
5.078974668927201952e-01
5.087274777800976366e-01
5.092657752698903639e-01
5.100181492082175305e-01
5.109011038889628153e-01
5.115285917909225821e-01
5.121326692340886222e-01
5.130482461494763058e-01
5.136971662147741258e-01
5.143966451002899287e-01
5.149655602445541991e-01
5.158206014424143726e-01
5.165587596535894388e-01
5.173204687006205393e-01
5.177161743366496260e-01
5.184850983356678045e-01
5.193058766985820807e-01
5.201308186365750652e-01
5.207988318596036281e-01
5.214577637572659352e-01
5.220783342307272479e-01
5.229030007234576338e-01
5.237467802132779182e-01
5.241186765917809076e-01
5.247494349201570207e-01
5.256497604645932187e-01
5.261773649709134970e-01
5.271249728237309418e-01
5.278855076307246152e-01
5.284043767474642106e-01
5.293232524345072854e-01
5.301624522744738943e-01
5.307009054232902923e-01
5.310565812852954259e-01
5.316666759038186640e-01
5.324523283134346974e-01
5.330875969958971394e-01
5.339123901630861146e-01
5.342977666865637021e-01
5.352017916715906543e-01
5.360378879199584334e-01
5.367071728393285612e-01
5.373575391420306602e-01
5.378964632037984694e-01
5.387014732488574209e-01
5.393303184398571259e-01
5.399352134961542538e-01
5.406932961768963208e-01
5.412108505065400532e-01
5.419541986345324247e-01
5.427326163628095612e-01
5.429536028462407238e-01
5.438649132066324388e-01
5.445090106368885019e-01
5.453748839303841356e-01
5.461126569676821862e-01
5.465501452733704246e-01
5.470719704893833857e-01
5.478204870888599975e-01
5.484585394509898792e-01
5.490578757458769443e-01
5.497817725227457375e-01
5.506320867162406429e-01
5.508946224019870552e-01
5.517216246241383182e-01
5.523724087709458441e-01
5.530255912043764432e-01
5.538350171392373289e-01
5.543759980251712349e-01
5.549555269132504520e-01
5.554329237994574120e-01
5.563462070734377374e-01
5.569814532181969202e-01
5.576084239583767310e-01
5.583553356253759814e-01
5.589560637465311732e-01
5.592799083908560620e-01
5.600756424707448167e-01
5.607808218422767332e-01
5.614350327214587821e-01
5.620111711950712685e-01
5.624554948504133511e-01
5.630877992533265264e-01
5.637573985645988328e-01
5.643637377368064811e-01
5.652407296313465279e-01
5.659476193188038851e-01
5.663950550140947060e-01
5.671117591933551028e-01
5.677917472616083039e-01
5.682020440671240458e-01
5.689367401446631112e-01
5.696272412145323427e-01
5.701755163462206566e-01
5.709188100815364431e-01
5.713531050346479789e-01
5.720076381439462843e-01
5.724686440974529056e-01
5.731046264571085791e-01
5.736265202963015675e-01
5.744491528648523193e-01
5.752273132554172053e-01
5.757482866139332911e-01
5.762342070525100501e-01
5.769392327607489879e-01
5.778000332298300901e-01
5.780820542250210137e-01
5.784503601506608694e-01
5.792058873667437213e-01
5.801129163664182631e-01
5.806758188399396836e-01
5.811804839332170847e-01
5.815835304331700151e-01
5.823811110800500845e-01
5.830176602890673188e-01
5.833020714547203500e-01
5.842177809316901893e-01
5.846209027834242677e-01
5.854893690386481220e-01
5.857067209541948483e-01
5.865168363445047994e-01
5.870209519508887697e-01
5.877857657087302012e-01
5.886593697036768269e-01
5.888355578195039186e-01
5.895605145913674905e-01
5.899329057445499291e-01
5.906856363371865148e-01
5.913331544553410701e-01
5.918467570004450895e-01
5.927294443335927587e-01
5.930263417313466068e-01
5.937492228343531631e-01
5.942431038387092634e-01
5.947415862716922685e-01
5.955197202293730507e-01
5.961049566643492614e-01
5.965927732754986446e-01
5.973071940722595174e-01
5.979258815855306164e-01
5.983632397756074583e-01
5.988398802819560052e-01
5.997177024209709995e-01
6.000932848329285640e-01
6.005769963911237186e-01
6.013177980832757896e-01
6.018658388004767268e-01
6.025556146837132143e-01
6.033634077395328976e-01
6.036652883111633949e-01
6.041886446131125021e-01
6.050100033130434429e-01
6.053735822357020346e-01
6.059908996762238820e-01
6.065034604689553133e-01
6.074402548058430718e-01
6.078811222852396057e-01
6.085237537258478824e-01
6.091294535057392157e-01
6.095419002808042386e-01
6.103206063106442203e-01
6.107895929502378252e-01
6.115987187479211551e-01
6.120372526936992408e-01
6.124630567283574356e-01
6.130173240234554344e-01
6.135427474441511597e-01
6.143244481170598847e-01
6.149135562449530301e-01
6.154814199858980039e-01
6.161847411116763151e-01
6.168720679136032725e-01
6.171594306094548843e-01
6.176520089260868485e-01
6.182168874195157482e-01
6.190772770174706174e-01
6.195444260261984137e-01
6.201482695853282046e-01
6.204932015753297225e-01
6.211397629868833370e-01
6.218145949952427198e-01
6.222343964230483415e-01
6.228653093913972816e-01
6.236672812697587887e-01
6.240204132574873608e-01
6.247140335422242119e-01
6.251460702467124264e-01
6.257628448423466772e-01
6.264245390128141411e-01
6.270002222561845695e-01
6.276507382839566773e-01
6.281196159216270170e-01
6.287509553210365310e-01
6.294164099875333429e-01
6.299955948331090738e-01
6.304176593557401231e-01
6.311513790724702089e-01
6.317192188683685705e-01
6.323325426654042847e-01
6.327436804754509314e-01
6.333710712243237895e-01
6.337960520312049262e-01
6.343536833073938341e-01
6.350159829595660721e-01
6.353817194658462064e-01
6.362339362785763841e-01
6.366681556584145030e-01
6.373286715386256018e-01
6.377804493743800540e-01
6.383428456892893399e-01
6.390113887129321713e-01
6.396131180723130250e-01
6.400804507829007672e-01
6.405000038796139217e-01
6.415538502528032039e-01
6.419260593933772130e-01
6.423103346457225138e-01
6.430367612782152964e-01
6.436093802572885325e-01
6.440424795117242196e-01
6.446730794462545155e-01
6.454302211792483090e-01
6.458121617947153448e-01
6.462467219935663643e-01
6.468490939921690552e-01
6.475504130594194052e-01
6.480409587142414995e-01
6.484448866120693378e-01
6.491503149252699778e-01
6.497946173745158260e-01
6.503866002041409633e-01
6.508254285718628740e-01
6.512924573199840861e-01
6.519278784513615754e-01
6.525396787028823198e-01
6.530070623515219497e-01
6.536830215414619616e-01
6.541365420523023166e-01
6.545403088686899684e-01
6.553066988441491603e-01
6.557567036111571213e-01
6.562305725640427134e-01
6.567530419844134215e-01
6.573922103091495162e-01
6.580329859940079462e-01
6.585695091878710494e-01
6.592025610732519247e-01
6.596748650917726442e-01
6.601878206757586520e-01
6.609469986725676760e-01
6.613087576347628227e-01
6.617135672089951015e-01
6.624640777683780124e-01
6.628318907957279071e-01
6.634872851634828761e-01
6.641870273797643165e-01
6.645672013265370159e-01
6.652939243032213179e-01
6.657607463634823697e-01
6.664017732114699832e-01
6.667809768791288505e-01
6.674547635481701269e-01
6.679631877957260544e-01
6.683779350838829902e-01
6.689251015725922178e-01
6.693618830862253510e-01
6.701414063116822861e-01
6.706993476979995483e-01
6.711130804359138891e-01
6.715147121123028473e-01
6.720061557930188112e-01
6.727510654619635044e-01
6.732299364392827501e-01
6.737292673852079972e-01
6.743208822434054728e-01
6.748342416272815614e-01
6.754852774437503093e-01
6.761478549714178277e-01
6.764075422490460898e-01
6.768646882938945675e-01
6.774956600756428804e-01
6.780814877719120171e-01
6.784946340824815625e-01
6.787845969201359297e-01
6.795918979069418553e-01
6.799086858323384330e-01
6.803247012773424585e-01
6.809828625101327360e-01
6.816623543779392058e-01
6.821663843207476097e-01
6.827005978783238227e-01
6.831663873358363448e-01
6.836278735917354910e-01
6.838467975808480981e-01
6.846171653866568452e-01
6.852726075393507088e-01
6.855327013272608516e-01
6.863132786811114716e-01
6.865808583527471809e-01
6.874651056044784880e-01
6.877553607657600487e-01
6.883088617819788091e-01
6.887319566908096657e-01
6.891683871286555796e-01
6.896645754656050009e-01
6.902477183169739572e-01
6.905550003322278307e-01
6.912399544446162780e-01
6.919267051178187300e-01
6.923596565637726297e-01
6.926833747608993619e-01
6.931231014527234890e-01
6.936484214288850536e-01
6.943594720833214939e-01
6.944986119360783139e-01
6.952764698382506436e-01
6.957858852492020407e-01
6.961365664374855600e-01
6.966963498870680782e-01
6.971875670824804194e-01
6.975249890968772126e-01
6.979489923376885896e-01
6.985867115714805564e-01
6.990207631191702742e-01
6.995050721541951066e-01
7.000521182813231880e-01
7.005878445354786210e-01
7.007969116193305537e-01
7.014403340108175122e-01
7.017849605866531837e-01
7.024122532998999802e-01
7.029150194606230695e-01
7.032743401626548874e-01
7.036147620255838175e-01
7.043188571005526422e-01
7.047551843808774752e-01
7.051884503408953897e-01
7.057654870890703869e-01
7.061488474733974563e-01
7.067290722654090418e-01
7.071134176036522057e-01
7.075947665340739379e-01
7.080031320122409655e-01
7.082171190459520815e-01
7.089763089270371132e-01
7.093173868819762085e-01
7.099162469473030423e-01
7.101786435561707744e-01
7.106211472295487219e-01
7.110287091673923587e-01
7.117021241992307345e-01
7.121071427476473037e-01
7.127147334817297564e-01
7.130294063062896370e-01
7.135344002927519469e-01
7.138391035562225984e-01
7.144282376089498010e-01
7.147186281687347709e-01
7.153579137649025421e-01
7.157042381129301578e-01
7.159497062153465929e-01
7.163841088499348642e-01
7.169031135386232378e-01
7.175787322121007783e-01
7.178108671944680719e-01
7.181468625508241610e-01
7.187401112234707012e-01
7.191473198422053681e-01
7.196274791621913858e-01
7.199808590141535403e-01
7.204507935941393271e-01
7.208142553679148801e-01
7.211876485776617107e-01
7.215920580365299264e-01
7.221503117081975454e-01
7.224507036416929484e-01
7.228929482470012324e-01
7.232962339217161585e-01
7.238186454496258193e-01
7.240996145081127766e-01
7.245958980943685290e-01
7.252024505426659662e-01
7.254456483547579992e-01
7.258666676941359919e-01
7.261438254517045277e-01
7.267559908283334202e-01
7.271251273725302111e-01
7.275601657273342848e-01
7.279931070393109716e-01
7.281248483728969267e-01
7.287044123447857791e-01
7.289862719766898591e-01
7.296518699703997690e-01
7.298875154237733920e-01
7.303181271929420904e-01
7.305656283147538010e-01
7.310533105482526217e-01
7.313308696832920841e-01
7.319535863520794106e-01
7.322077420018229255e-01
7.325408706608479426e-01
7.331780904180642544e-01
7.333989858893155134e-01
7.337982861836508386e-01
7.342012604900908235e-01
7.345763232831837852e-01
7.351249506144322821e-01
7.352063972055918883e-01
7.356214911009490987e-01
7.362647747377241148e-01
7.364173796163505648e-01
7.369249250978565646e-01
7.372378417400871076e-01
7.375266507687867623e-01
7.379550041876438149e-01
7.383787051042829397e-01
7.387715393778142570e-01
7.390979284574593633e-01
7.395097515779460728e-01
7.399765656632897315e-01
7.402130506716527725e-01
7.406046844588984879e-01
7.409376183937759208e-01
7.414762317543750481e-01
7.416417876052903146e-01
7.421829232240009233e-01
7.425684603516217175e-01
7.429738248699802039e-01
7.431342616757353747e-01
7.435364875825827280e-01
7.440479992699835510e-01
7.444210488957662131e-01
7.447010486246492533e-01
7.449111473352683088e-01
7.453182777292384209e-01
7.458745731652203226e-01
7.458837139579188591e-01
7.465160334052144409e-01
7.468091694119778357e-01
7.470306620242811446e-01
7.474321197508788650e-01
7.478505314812019522e-01
7.481393202268153964e-01
7.485591996044754781e-01
7.488746607073990535e-01
7.493937913334753897e-01
7.495555272649996326e-01
7.500331801079821448e-01
7.504963147634897691e-01
7.505839317530742516e-01
7.510262086966538186e-01
7.513267931769972430e-01
7.517874541725589888e-01
7.521012891100188336e-01
7.522687377893819693e-01
7.528948774750774398e-01
7.529577969537981641e-01
7.533047585418871650e-01
7.537258073230568289e-01
7.539277069996411784e-01
7.544933109671135840e-01
7.547203588895637916e-01
7.550768588751134436e-01
7.552727318658647437e-01
7.557427663154970832e-01
7.561646231640536397e-01
7.562503327777645445e-01
7.566963764929265368e-01
7.570430427336046764e-01
7.573345911091774463e-01
7.576453707206889376e-01
7.581055910627386707e-01
7.583781802312397069e-01
7.586251370065564270e-01
7.591549990865855690e-01
7.593585246706741065e-01
7.597400287250627438e-01
7.600929346744029758e-01
7.602657736822469037e-01
7.606617548458335376e-01
7.611416679236286953e-01
7.613388109481218358e-01
7.615482426751392087e-01
7.618931074231001244e-01
7.622859992789595696e-01
7.625715348323011122e-01
7.629342970177175332e-01
7.633898386019198901e-01
7.636173031108114406e-01
7.637143124201548616e-01
7.642536937482148351e-01
7.645476409124687400e-01
7.648967618697478654e-01
7.651929937298871387e-01
7.655523198464324608e-01
7.658558821565409902e-01
7.659513623193331400e-01
7.664682323814716591e-01
7.667741470574844787e-01
7.670731499325422753e-01
7.674637420161914969e-01
7.677150781234449717e-01
7.679932208091905244e-01
7.684388651586878671e-01
7.688111594011780570e-01
7.689078010165664168e-01
7.692554056551699215e-01
7.695700772129907552e-01
7.698105595626643094e-01
7.702071067800109194e-01
7.704652204411402971e-01
7.709338628327803145e-01
7.714156811454003781e-01
7.714238010676046642e-01
7.717799395632143344e-01
7.721544771057835543e-01
7.722839234955891641e-01
7.727897571908769470e-01
7.732222637349788208e-01
7.731742094605563720e-01
7.736123202271233401e-01
7.739554306845920495e-01
7.743149465023922984e-01
7.744851207707558194e-01
7.748601691240395439e-01
7.752827857149826585e-01
7.754567256664225416e-01
7.756929991089898113e-01
7.762515998563210839e-01
7.764739684121075847e-01
7.767639755363445753e-01
7.771083347963593235e-01
7.772782392674484342e-01
7.776473811979471851e-01
7.781135545384901819e-01
7.783556100263335775e-01
7.786192575819849138e-01
7.789107056065648349e-01
7.791522309514580247e-01
7.796168422800038300e-01
7.796445502049791365e-01
7.801954631460055190e-01
7.804989431602842309e-01
7.806121265682268717e-01
7.811745543868885422e-01
7.816514433614507595e-01
7.817311482933001487e-01
