9.272056604463306539e-03
8.930461715294775449e-03
8.684362035609415748e-03
8.734643636963706007e-03
8.809068326023574216e-03
8.777917148700808275e-03
8.567231947211855630e-03
8.370114440445351744e-03
8.272725148098417081e-03
8.058064300616519723e-03
7.932592298080907642e-03
7.013203660408842167e-03
7.350911729881387871e-03
9.230548847325459674e-03
1.021686701412363903e-02
1.268564723054278927e-02
1.495011404769441832e-02
1.355327740022107402e-02
1.279623453370855660e-02
1.314342592759517453e-02
1.310452573642510374e-02
1.384960618279834632e-02
1.644553889117252032e-02
2.018553683414751193e-02
1.938331477433461597e-02
2.317102649576856591e-02
2.805156276838783810e-02
2.826570514558428976e-02
3.152833425817555546e-02
3.090143107962764479e-02
3.098503701847926325e-02
3.036934568462076531e-02
3.276508869764396120e-02
3.421108394387337853e-02
4.052554065041928666e-02
4.439188691699664374e-02
4.775330014961569336e-02
5.153918769635214975e-02
5.280813262038655531e-02
5.257324341517537192e-02
5.513303701855367528e-02
5.617305294520265335e-02
5.762802446528631634e-02
5.971897911534431586e-02
6.183479592741347036e-02
6.537675344993118531e-02
6.819889008009810683e-02
7.168925984529933570e-02
7.476853181510650925e-02
7.815552737442717224e-02
7.923648803760789672e-02
8.105012851556291087e-02
8.421055883101105644e-02
8.445018627437511638e-02
8.672581522507227803e-02
9.185199349193549911e-02
9.562623338592628197e-02
9.902104676430027730e-02
1.013673626642395270e-01
1.021168254443135665e-01
1.050118989890190119e-01
1.068477042118778225e-01
1.110202888742810173e-01
1.119971924619939385e-01
1.149202399823819054e-01
1.191338450072964711e-01
1.199529703742559517e-01
1.215958562629755602e-01
1.247545620887824808e-01
1.271419707005786159e-01
1.292353781011166547e-01
1.338593573744256970e-01
1.360219448067017944e-01
1.370003090406122781e-01
1.416318375689019637e-01
1.435786759706867144e-01
1.464277788119742185e-01
1.479594877927154495e-01
1.495550706615391967e-01
1.526005632688960112e-01
1.558958696647896602e-01
1.586039412104463808e-01
1.616803321492805978e-01
1.650793118262531278e-01
1.669030383644868887e-01
1.695011771537112411e-01
1.722276601236340798e-01
1.745480366498653457e-01
1.772547519428481766e-01
1.792828155097471177e-01
1.817121256054120559e-01
1.850699541257967429e-01
1.880217874758106089e-01
1.893875179327536573e-01
1.917797136340402553e-01
1.947362987112463972e-01
1.961315702604160549e-01
1.996197800393995081e-01
2.017967544979958339e-01
2.048735853146390895e-01
2.075447576213625689e-01
2.097573316581730352e-01
2.114833074064977614e-01
2.151339786918693431e-01
2.173254975470672312e-01
2.179704680453830035e-01
2.210075149492818636e-01
2.235734530198664471e-01
2.261847111435119351e-01
2.283796079773878496e-01
2.303606830235130076e-01
2.325046891463870835e-01
2.347902057255585317e-01
2.374803129149825054e-01
2.406731221191026615e-01
2.421492041616365165e-01
2.446347319729297587e-01
2.476515475022587898e-01
2.498984268003769660e-01
2.517395081125937684e-01
2.537715789860097160e-01
2.556652802287104342e-01
2.580759453287094773e-01
2.598371891612156204e-01
2.626224965074293038e-01
2.652964153451451979e-01
2.673595864633680486e-01
2.689956126828624283e-01
2.716694724912550041e-01
2.742861308837885592e-01
2.760752842519448857e-01
2.781323600686715913e-01
2.803476254181524463e-01
2.824157651825644488e-01
2.841709382551256269e-01
2.862352713181628983e-01
2.891245502229721209e-01
2.911618301671307085e-01
2.928818547492297863e-01
2.951332628568179017e-01
2.973853360778145882e-01
2.992053557515144679e-01
3.013764933496239640e-01
3.039271766591770674e-01
3.057310780368057701e-01
3.083935605009033298e-01
3.097980366708023570e-01
3.114467355340670429e-01
3.137957133656506525e-01
3.160627297182335704e-01
3.170471959879940238e-01
3.192651321111267815e-01
3.216798682118533481e-01
3.240001332083461971e-01
3.255010679171537746e-01
3.275724873445258201e-01
3.288343329238656576e-01
3.309767898167760292e-01
3.342422627322291229e-01
3.357343048323934154e-01
3.378613652524306010e-01
3.393874900897454472e-01
3.408713232568942875e-01
3.426776421136670248e-01
3.442500604807504638e-01
3.469603227910901255e-01
3.493533258026375599e-01
3.509028648176228948e-01
3.523189341310307143e-01
3.545195183543763395e-01
3.566495821180994397e-01
3.586240395117071822e-01
3.607958762935670749e-01
3.622907889831255002e-01
3.641806003298359018e-01
3.659969513606470271e-01
3.677827650067262977e-01
3.694526930986608559e-01
3.710535070328651597e-01
3.729147386472115300e-01
3.739875527244844178e-01
3.757154853834440700e-01
3.782874493778243807e-01
3.797062761757411531e-01
3.812978645603938843e-01
3.829536620113004886e-01
3.848898162878341411e-01
3.864982407868924330e-01
3.885524603954926270e-01
3.895260040723006467e-01
3.917285871569059497e-01
3.936527303803307176e-01
3.949524781866663448e-01
3.968598795366108378e-01
3.984401866470688724e-01
4.000338778932375217e-01
4.018339792564635249e-01
4.031277028567352705e-01
4.054979024153319012e-01
4.065901058456741768e-01
4.084836775926467545e-01
4.099335252144999386e-01
4.111472351955086646e-01
4.130191988571997319e-01
4.146025171689126654e-01
4.160992066968349223e-01
4.184022580789736878e-01
4.198188475672597342e-01
4.208947949910896158e-01
4.221424817714733435e-01
4.240750302430329466e-01
4.252638259165666401e-01
4.269434166933157582e-01
4.285899903381485965e-01
4.301896302770389924e-01
4.317484952110242080e-01
4.331423837630481444e-01
4.349606503348379394e-01
4.364493774560420092e-01
4.375358980526024011e-01
4.390581876793763771e-01
4.408744332920589426e-01
4.415641567370220399e-01
4.432654945197859186e-01
4.451138340669139604e-01
4.461282657328821677e-01
4.479906112306302202e-01
4.493137951501290916e-01
4.510691465765465091e-01
4.526679771093893301e-01
4.533347447877992820e-01
4.547321961416019298e-01
4.562153734163245655e-01
4.578590993114532437e-01
4.594197446730106105e-01
4.602881241346493124e-01
4.618120844129426916e-01
4.632092959428352752e-01
4.648991107578625548e-01
4.664149136097901494e-01
4.667504239841516744e-01
4.689334208343783894e-01
4.701084362115914850e-01
4.708551406980105991e-01
4.724736667977260662e-01
4.738112154118947483e-01
4.752105544634463996e-01
4.766992761662749434e-01
4.778748789436126909e-01
4.794032822561897222e-01
4.806107295667941814e-01
4.818061418252134742e-01
4.829152711412259547e-01
4.841409294146271081e-01
4.854624194661955050e-01
4.870042808394989264e-01
4.881707629553445060e-01
4.898344618321393562e-01
4.906868438495806117e-01
4.916135553928180912e-01
4.931436517418992804e-01
4.942358956986842022e-01
4.960868859057926405e-01
4.971075119950206789e-01
4.977179881122122951e-01
4.991124290599533442e-01
5.006868965903418234e-01
5.018840102892871968e-01
5.028053112250728818e-01
5.036866030792147564e-01
5.054983149046721191e-01
5.064854820585150685e-01
5.078344947788441255e-01
5.087067235377644714e-01
5.094003190959514038e-01
5.110430902124323271e-01
5.125743618256600742e-01
5.135215354698975387e-01
5.143633514355829828e-01
5.158733487255997563e-01
5.168419569112014944e-01
5.178903777015970711e-01
5.191300140684883546e-01
5.199426509859568224e-01
5.212972875897242675e-01
5.223438098373587302e-01
5.233458867534672709e-01
5.245859364874541075e-01
5.256123857583091530e-01
5.271642895990571454e-01
5.274983297407107585e-01
5.287250525775732957e-01
5.297702974729692205e-01
5.311239112759055248e-01
5.317749286733575165e-01
5.332602850246898063e-01
5.343530127790578899e-01
5.357823129824499375e-01
5.364090981919837908e-01
5.372111007966093865e-01
5.390369542203332642e-01
5.397714622327484113e-01
5.408033986382224656e-01
5.416756686449141212e-01
5.426833900075045403e-01
5.435730719253938359e-01
5.446513443979829061e-01
5.452369758478223805e-01
5.464736255536757348e-01
5.476077952261428905e-01
5.486020255009487201e-01
5.498286349846142063e-01
5.509256439160317154e-01
5.516556179787953651e-01
5.522099369923179069e-01
5.537365254502747414e-01
5.548315414200698514e-01
5.556879817283310041e-01
5.564638885071605534e-01
5.576537064667658194e-01
5.580374566770079925e-01
5.595606216322248638e-01
5.605126045228020493e-01
5.610199275720747503e-01
5.620942333273988289e-01
5.630721994621754600e-01
5.642351434516531539e-01
5.652409478434159418e-01
5.659945734436763187e-01
5.669084517353986108e-01
5.679804596135137329e-01
5.686595011883794903e-01
5.695271403522152998e-01
5.706792769183046676e-01
5.716729326388038102e-01
5.722419482869338658e-01
5.728939282752957274e-01
5.742267078331081409e-01
5.750935711853419896e-01
5.759447360197237353e-01
5.769084271625954941e-01
5.777821789628643234e-01
5.786614112815724464e-01
5.793166922880781389e-01
5.802983870248000775e-01
5.812120621325400638e-01
5.823438499657176415e-01
5.833571083540181057e-01
5.841906682196025269e-01
5.847259080056462777e-01
5.857188182160464329e-01
5.865769484511202947e-01
5.873944568856479531e-01
5.884185952868198344e-01
5.888026966857828892e-01
5.896243510354346462e-01
5.907665580169242370e-01
5.914475052485261841e-01
5.922827202329808971e-01
5.928647931293582474e-01
5.935115216415072226e-01
5.945756848289269758e-01
5.954559235770564563e-01
5.961580912130074461e-01
5.976082586723846513e-01
5.979763258526863412e-01
5.990234658020563430e-01
5.991701325952454305e-01
6.002347174966032872e-01
6.009072080338619948e-01
6.020885819581079934e-01
6.027199866954142671e-01
6.039311875211630376e-01
6.044809806603427260e-01
6.049862896869541151e-01
6.058751223845978418e-01
6.067086687639180465e-01
6.077099868504789448e-01
6.080705966348776137e-01
6.086089930600642184e-01
6.097793027583895409e-01
6.105518573504085111e-01
6.113168136504807393e-01
6.119500189907838283e-01
6.124936721617681989e-01
6.135654874093237066e-01
6.140196702738909273e-01
6.150756746070552561e-01
6.154065118880408525e-01
6.164422229169223000e-01
6.172198193174923686e-01
6.179627668769759330e-01
6.182397718133954001e-01
6.189845092026502460e-01
6.197307508346838745e-01
6.203051083184579761e-01
6.214600012715619792e-01
6.221813169794901954e-01
6.227944432829086718e-01
6.231120774536667017e-01
6.242605402590053476e-01
6.247745165292120095e-01
6.255366047529844487e-01
6.264595374482432311e-01
6.268339206332111946e-01
6.277671454680385787e-01
6.284459154208807963e-01
6.292828201790787723e-01
6.299538978794122501e-01
6.305616098157174054e-01
6.312439204492246159e-01
6.319841643516602714e-01
6.321380363117360401e-01
6.330226266298593085e-01
6.335320258540323435e-01
6.344869910010740854e-01
6.350617193498319102e-01
6.357722753832715235e-01
6.365758733857413976e-01
6.371108509013834187e-01
6.375140459217929489e-01
6.384081703621723447e-01
6.390977488740261503e-01
6.395007951830857795e-01
6.402336263076081613e-01
6.413143657116552321e-01
6.417162545169405874e-01
6.424584657657458342e-01
6.430707023930449795e-01
6.432680842565210444e-01
6.442231324566332074e-01
6.449325333142756911e-01
6.456751924425748745e-01
6.460004371823591107e-01
6.465095333435662006e-01
6.473701470827023519e-01
6.480242147851801304e-01
6.483772119738674400e-01
6.492105980151542388e-01
6.497589470901352637e-01
6.506068814616322582e-01
6.512846062116977031e-01
6.515899235212926355e-01
6.520606934144319577e-01
6.526821837067328103e-01
6.533108875416588912e-01
6.540863747338399037e-01
6.545938659208532240e-01
6.548947285721401501e-01
6.557917184850191594e-01
6.562825817394862815e-01
6.567638034299502214e-01
6.578165275037420878e-01
6.578971893713762009e-01
6.589889254210397063e-01
6.591330534821255860e-01
6.598582350862585155e-01
6.602607833604143828e-01
6.611452324508837464e-01
6.617481412008712205e-01
6.621530656178638008e-01
6.623190583032784184e-01
6.631841360649128880e-01
6.637939810029352961e-01
6.641896916282441499e-01
6.650684178999618501e-01
6.652053708551228794e-01
6.657923790637519934e-01
6.663997521840169247e-01
6.670820799407917168e-01
6.672703944464680736e-01
6.682003064496945255e-01
6.687377859959479087e-01
6.692164742586700354e-01
6.697789662569314517e-01
6.704562319344660182e-01
6.708709895995849104e-01
6.713877519949023043e-01
6.716731721694368940e-01
6.726085600438438394e-01
6.730287337343002774e-01
6.737517781407433848e-01
6.741242504120377177e-01
6.743660428335255252e-01
6.750716806643362045e-01
6.759420083201903573e-01
6.764748852950475122e-01
6.768195028768851929e-01
6.773664007409808674e-01
6.775305012154366757e-01
6.782557736737550025e-01
6.789393853901932729e-01
6.791507689125448888e-01
6.796760645740953510e-01
6.803457548427301882e-01
6.807459377930383804e-01
6.815385313011154134e-01
6.813390015324877202e-01
6.821834367592216619e-01
6.826753765522566297e-01
6.831331333254963001e-01
6.839483710888536461e-01
6.844332328376997454e-01
6.845699083487043479e-01
6.851062391085330772e-01
6.857878227078313405e-01
6.863212222156225284e-01
6.869699938980464715e-01
6.871292830557780285e-01
6.879348847895534469e-01
6.882372852475104885e-01
6.886324744717611246e-01
6.887763768059707026e-01
6.895958731277205267e-01
6.902134149501740756e-01
6.905797280302904406e-01
6.910122730861963936e-01
6.916796826191894398e-01
6.919526365839598903e-01
6.926581837739620440e-01
6.928994398746627370e-01
6.934310301936666976e-01
6.941319728531645250e-01
6.947507412220709222e-01
6.946280786027118070e-01
6.953596418410592506e-01
6.960016105793479513e-01
6.963727849140984860e-01
6.969344427624052374e-01
6.971823557359598800e-01
6.978357552370867412e-01
6.983291655461898451e-01
6.989351995689899733e-01
6.992555361105289302e-01
6.996064432586363013e-01
7.000954953305880135e-01
7.007295285893576642e-01
7.010352706776761256e-01
7.013605730111223124e-01
7.018471215786763473e-01
7.023120602480958929e-01
7.027385943520578770e-01
7.034839764320263145e-01
7.037381330269897317e-01
7.043499908096024775e-01
7.041976788129855613e-01
7.051119596513349963e-01
7.055873726886048303e-01
7.060296126677225725e-01
7.066830164924664537e-01
7.069944807312705803e-01
7.071471017592021457e-01
7.076449293966845522e-01
7.081468212215932256e-01
7.081790260554210459e-01
7.089927483455963353e-01
7.093493043574207180e-01
7.098991779516814482e-01
7.099527350814507365e-01
7.106063616491592461e-01
7.112154950898108563e-01
7.114171458570733853e-01
7.117646675628894748e-01
7.123852728530407630e-01
7.125656024506785702e-01
7.133066003570163183e-01
7.136062954064109620e-01
7.139399585148028526e-01
7.143733830674092733e-01
7.149187391631254274e-01
7.154561767572815700e-01
7.158004565265758679e-01
7.162542658978189314e-01
7.165191740456269276e-01
7.169615585608936081e-01
7.172709436678430528e-01
7.178424453593703625e-01
7.180156741851462243e-01
7.186104188212373289e-01
7.188850776113211438e-01
7.193254447667822848e-01
7.195322128260731587e-01
7.200422148341985018e-01
7.204900419006911028e-01
7.207491909916334816e-01
7.213931385137474228e-01
7.216078698450348883e-01
7.223490919525989984e-01
7.224772622136552691e-01
7.228664934870697723e-01
7.232568550512199490e-01
7.237515160633316569e-01
7.243225347470637621e-01
7.246551728113551638e-01
7.248800770663532678e-01
7.252195981999020047e-01
7.258350406782732023e-01
7.262390131584990360e-01
7.262385880806787597e-01
7.265712166661153493e-01
7.275631742579014016e-01
7.275381068695374598e-01
7.280028228744575003e-01
7.285724195919430768e-01
7.288545662895152821e-01
7.291593109438884168e-01
7.296556879344332502e-01
7.298170788849634993e-01
7.302236610620880253e-01
7.305328667700089484e-01
7.308354472363383092e-01
7.313620922682768644e-01
7.317287634496458804e-01
7.323170209376519413e-01
7.325652757429488293e-01
7.328615274390599676e-01
7.333951381325334307e-01
7.334631897797013744e-01
7.342140023529210024e-01
7.343296413780828757e-01
7.346858015294343014e-01
7.353439105509584905e-01
7.354877066912129946e-01
7.358291060931640981e-01
7.363141041498439954e-01
7.366477068687901086e-01
7.369721328672887983e-01
7.371882613896698633e-01
7.376782000822325047e-01
7.381048396105471809e-01
7.383697439920186012e-01
7.386308912232196766e-01
7.391889648021066073e-01
7.393655570038742963e-01
7.398339290337416774e-01
7.402953773401929061e-01
7.403238273372997336e-01
7.407568326045705920e-01
7.410627430208813760e-01
7.417755570431568968e-01
7.420324293429569895e-01
7.423251577597766993e-01
7.424474009851087519e-01
7.430067369821977685e-01
7.432897279299924831e-01
7.436534046147194044e-01
7.441951746551614955e-01
7.444256097113225445e-01
7.449578045912325086e-01
7.450955145498515675e-01
7.455724348444209282e-01
7.455452654695737813e-01
7.460883938801993187e-01
7.461299693016359980e-01
7.468202716846857880e-01
7.472907361615075406e-01
7.475799657012592858e-01
7.475259083974503671e-01
7.479347246843471853e-01
7.484519525337920420e-01
7.489186718553129118e-01
7.493013685319520611e-01
7.497395090636119752e-01
7.499466705916556508e-01
7.500573435705103487e-01
7.503035341627992683e-01
7.506274845746321311e-01
7.509444157951744581e-01
7.513935599859398184e-01
7.519314661938829580e-01
7.521721448437692636e-01
7.525001829151797272e-01
7.527154989777895544e-01
7.532027739909998854e-01
7.534396787909072302e-01
7.538736246704318411e-01
7.540437571512361714e-01
7.547763102701088300e-01
7.548198246185120475e-01
7.552199487248087983e-01
7.555087021037805162e-01
7.555662000218995589e-01
7.559466210236286399e-01
7.564554980515076910e-01
7.565847909679140892e-01
7.568412197391947149e-01
7.572317533106986964e-01
7.575406244854676618e-01
7.579256112639966014e-01
7.582076655758069883e-01
7.586834860136727476e-01
7.590761677311401723e-01
7.589109822415157636e-01
7.593947058169767672e-01
7.599258795301403469e-01
7.601170603972957629e-01
7.603757281404079915e-01
7.606151187417209414e-01
7.610906674103021796e-01
7.614134999652931723e-01
7.617691683247035384e-01
7.619356106624800562e-01
7.624794897237470170e-01
7.626885452517949693e-01
7.629203763397037763e-01
7.631072667323368641e-01
7.633103399858499616e-01
7.638040644139740820e-01
7.641458323364175298e-01
7.641683951124690344e-01
7.648794638404505797e-01
7.651318014657997324e-01
7.651622637503406876e-01
7.655663700172179453e-01
7.659615178411010028e-01
7.662144970947702971e-01
7.665903797896852501e-01
7.667985527006387914e-01
7.670841534160254271e-01
7.677517747697603090e-01
7.677922030738861814e-01
7.681460816649550161e-01
7.682708823028124856e-01
7.685802173112118441e-01
7.689840988149410084e-01
7.692990149321764504e-01
7.692417080603385360e-01
7.696742124197710755e-01
7.699625625671580043e-01
7.702682558511665389e-01
7.707725817653795497e-01
7.707652775571898207e-01
7.710759444064487766e-01
7.715038760570362975e-01
7.720979784866056628e-01
7.721021103433953758e-01
7.720367142837541996e-01
7.723942736227589201e-01
7.727333973993306682e-01
7.729321603572774091e-01
7.733154350140533095e-01
7.736679089509800322e-01
7.739702264346571825e-01
7.742612948228888570e-01
7.746001981030241623e-01
7.748833295528038123e-01
7.751461075348524687e-01
7.752835329907561412e-01
7.757665810744914792e-01
7.759503669420968475e-01
7.761608484061193192e-01
7.766210772776810378e-01
7.766712676396572146e-01
7.771218854374499774e-01
7.770992360296928858e-01
7.776222371332015548e-01
7.778973115932066307e-01
7.781941197059571991e-01
7.785149954758096014e-01
7.787274539819958319e-01
7.789768163045240890e-01
7.793896152910546604e-01
7.794272136507507387e-01
7.798070424153942248e-01
7.798978418414254099e-01
7.800454778656968902e-01
7.803438610200318371e-01
7.806199035578498258e-01
7.811216392179436419e-01
7.814362457749769453e-01
7.816204569134241886e-01
7.818818490477468242e-01
7.819262867270160289e-01
7.826893857873029603e-01
7.826705374255016334e-01
7.828943784387578653e-01
7.832611523772512463e-01
7.834452450764703979e-01
7.836359152714940102e-01
7.840250930564818255e-01
7.840363851699799769e-01
7.844373223067659939e-01
7.847750985868823248e-01
7.850489921374270708e-01
7.851938529402686662e-01
7.855631402100172744e-01
7.858782664396225526e-01
7.861480936321573187e-01
7.863022967966708521e-01
7.866212843879352157e-01
7.867662944950772896e-01
7.871896203054159491e-01
7.872485098355075372e-01
7.877102702290593728e-01
7.878248797731859376e-01
7.880760554985514199e-01
7.885985426877394344e-01
7.886170379768033811e-01
7.889260532438427953e-01
7.889292941207783905e-01
7.892611211339030097e-01
7.896453857759365702e-01
7.898287661191809583e-01
7.900795451669955227e-01
7.903285354801136142e-01
7.906013310051429599e-01
7.909491280277295422e-01
7.909530573464529368e-01
7.912962219345196502e-01
7.914853490358682020e-01
7.918216501227043347e-01
7.921086817995310891e-01
7.924366185573226140e-01
7.926422834395850936e-01
7.928582037702521790e-01
7.930246583500345503e-01
7.932160521774921369e-01
7.934016404637680431e-01
7.936279582501968299e-01
7.940129480839580589e-01
7.940264149261322402e-01
7.946583328092081677e-01
7.949089612753015288e-01
7.948458123411424880e-01
7.951947200328229881e-01
7.954740788701225584e-01
7.956589547819674646e-01
7.959654275759895370e-01
7.960711795730329721e-01
7.963822382436979153e-01
7.965814013096731427e-01
7.969489326801441065e-01
7.970513810633808038e-01
7.974492688164440679e-01
7.976148456724710956e-01
7.979300292555733254e-01
7.980340369245179089e-01
7.981877870608456993e-01
7.984854239706308254e-01
7.986453744708409408e-01
7.989545465307401617e-01
7.990496824531782005e-01
7.995174461777092567e-01
7.995884695008441678e-01
7.998019791057626726e-01
8.000056201636833730e-01
8.001380666414563692e-01
8.003481881071610182e-01
8.009220178693456926e-01
8.009957613134275345e-01
8.013038508417535954e-01
8.014529730229575932e-01
8.017762553769521849e-01
8.019362490444350566e-01
8.023092441764957394e-01
8.021334567811190253e-01
8.027064032506333602e-01
8.027840050843344510e-01
8.027911639074861716e-01
8.031112148413729335e-01
8.034999196182824877e-01
8.035482473438455564e-01
8.037262887467825356e-01
8.044558840140689782e-01
8.043474247790785014e-01
8.045476983981879604e-01
8.048482097441946870e-01
8.050238477138691451e-01
8.053185671774734100e-01
8.054243752344751872e-01
8.056022439218130105e-01
8.059844562837410464e-01
8.060804767122351500e-01
8.062777200576346504e-01
8.067306362383116491e-01
8.067712219957043907e-01
8.069029596435420837e-01
8.072976591709720706e-01
8.074557022045764088e-01
8.076568172494136277e-01
8.079311348559015116e-01
8.080137902991648691e-01
8.083842806576955198e-01
8.084358438939246438e-01
8.085237455624627589e-01
8.088698723550235004e-01
8.090997436624189909e-01
8.092811897215966832e-01
8.095949221205681612e-01
8.096694095319183493e-01
8.100263365234813273e-01
8.100672647726649966e-01
8.101762558730141173e-01
8.104545872141823981e-01
8.108247399090952046e-01
8.106997753504079363e-01
8.110736058434930840e-01
8.112189296585197162e-01
8.115730486329421067e-01
8.117833128414473354e-01
8.119155619010252067e-01
8.122688303773175633e-01
8.123979797751870180e-01
8.125033300856489005e-01
8.126957920104111999e-01
8.127075414735881465e-01
8.133869109633929950e-01
8.134715197802381281e-01
8.136914166573399054e-01
8.137824822264667635e-01
8.139805269541966481e-01
8.141852488327089299e-01
8.144234996126425985e-01
8.146182220368552995e-01
8.147206993045892354e-01
8.151109735749538787e-01
8.151147128526921026e-01
8.155023448300389166e-01
8.156017562580760716e-01
8.157007363039913139e-01
8.160255706778083429e-01
8.160698268432357017e-01
8.163915525061909984e-01
8.165782915473639436e-01
8.167144576646818699e-01
8.170622894193484420e-01
8.171668575759554187e-01
8.174806191154401214e-01
8.175422000812724299e-01
8.177531705760305858e-01
8.180454978114147790e-01
8.183413256339591157e-01
8.183476839839752826e-01
8.186520786659123861e-01
8.187027942742040043e-01
8.190795414918445871e-01
8.192417359813094491e-01
8.193440129754159251e-01
8.195337747219316737e-01
8.197274590297440877e-01
8.200665911091191695e-01
8.200709840181603649e-01
8.203153579936888207e-01
8.203909549197916373e-01
8.205291911467036403e-01
8.209132054184806737e-01
8.212778130291644718e-01
8.211284680221249133e-01
8.213804546480723001e-01
8.218708408427051193e-01
8.216680367865241141e-01
8.221406293632311790e-01
8.222175309525454612e-01
8.223852005606602233e-01
8.227254461760914461e-01
8.228028898319499351e-01
8.229586837968121404e-01
8.232839030316720930e-01
8.230858712285373802e-01
8.234149480376578012e-01
8.235466159324421609e-01
8.238098790022102547e-01
8.242370125361153654e-01
8.243656359666008404e-01
8.245699518651240512e-01
8.247153145281047593e-01
8.246101192246009237e-01
8.249566380383944741e-01
8.250990694502369216e-01
8.252879618666884021e-01
8.257355714700049809e-01
8.257246604475383389e-01
8.260276702827319406e-01
8.262641549196537705e-01
8.263314082178547793e-01
8.265977490706665209e-01
8.267303155301162221e-01
8.265961811658724123e-01
8.269458632690850353e-01
8.271514237027395300e-01
8.272808759834553438e-01
8.274971603944537568e-01
8.275254404032237332e-01
8.278972937601949411e-01
8.280055156477440503e-01
8.281787301143185287e-01
8.283621120395727733e-01
8.285323902794594630e-01
8.287601282440297812e-01
8.289471194150660471e-01
8.291702785182403224e-01
8.292488236689169456e-01
8.293684090148871757e-01
8.295034128739472434e-01
8.297414492843576683e-01
8.300165211392451781e-01
8.300200443499912151e-01
8.304172485656544644e-01
8.305331810248336444e-01
8.305342975981711007e-01
8.308190973018276804e-01
8.310294384874744589e-01
8.312350140903526086e-01
8.313444968997241169e-01
8.316282773918574067e-01
8.316552331716812185e-01
8.320188658395782921e-01
8.321241455299924761e-01
8.322273235628740995e-01
8.323360271138181554e-01
8.325035882286507816e-01
8.327813051511140374e-01
8.329894524927236032e-01
8.329090688302360768e-01
8.332290931519520383e-01
8.335988730989356554e-01
8.335885251735197787e-01
8.338387264624147477e-01
8.338550550112492354e-01
8.343409675086658206e-01
8.343273757729567919e-01
8.343476532348229613e-01
8.347233202944096542e-01
8.348439135096772379e-01
