9.268389829333192973e-04
9.319435681610032350e-04
9.244238460404698415e-04
1.473948260057474135e-03
2.159564673602088272e-03
2.445243783927699820e-03
2.611290723332906211e-03
2.630604831621956990e-03
2.399759239760896039e-03
2.243347039776109626e-03
2.049774846578289542e-03
1.880494265464737998e-03
2.043591105489598811e-03
2.505735349504589586e-03
2.835137656960140095e-03
3.362453925063306828e-03
3.788025905468197368e-03
3.481463837538441557e-03
3.204012907009378634e-03
3.156014067790699658e-03
3.034161174704225541e-03
3.209218296102599264e-03
3.689416403270600123e-03
4.565673226781578886e-03
4.453091091401502853e-03
5.233800296941307738e-03
6.220453818449632639e-03
6.054144559536193439e-03
6.692255513669542050e-03
6.616691001778259897e-03
6.535620264556782529e-03
6.165475586272072678e-03
6.661105335882602611e-03
7.225659013653451361e-03
8.700969174306606713e-03
9.387462891724642974e-03
9.949246642728752296e-03
1.085379903861827949e-02
1.124301989860470100e-02
1.094669478251136981e-02
1.156149549568675182e-02
1.169592009149943157e-02
1.187853838480846733e-02
1.216039618095004181e-02
1.249677457945796467e-02
1.352323339757228148e-02
1.425770560441868076e-02
1.497901634338650277e-02
1.580123038253662335e-02
1.635247611073657389e-02
1.647766232166140293e-02
1.730455839389506353e-02
1.805197488021702962e-02
1.811097156629759911e-02
1.828503875749131272e-02
1.898599073813210525e-02
2.010540791624545326e-02
2.183723340636465823e-02
2.195847537549707948e-02
2.131297267824348862e-02
2.255690670569797732e-02
2.262247176845911742e-02
2.355319727639947069e-02
2.425542614332907784e-02
2.465277495471912897e-02
2.449370701098434189e-02
2.661851178719651378e-02
2.652191540472163128e-02
2.751732503113109296e-02
2.759679676806067392e-02
2.879483392910062167e-02
3.015742341934614726e-02
3.011286308415904445e-02
3.069152876882007622e-02
3.183507349484527432e-02
3.185269801977280019e-02
3.272595269795808975e-02
3.302665461415631859e-02
3.377282333166016504e-02
3.568615765792646638e-02
3.656195046472901500e-02
3.610298136014591930e-02
3.729529135396793954e-02
3.870117034742170947e-02
3.809629685688578626e-02
3.813693087395490094e-02
3.890965352939439181e-02
3.956871550780203389e-02
4.059021206105340590e-02
4.027862483083070183e-02
4.109673596812846857e-02
4.310424976243198286e-02
4.369903757960896806e-02
4.426426913089488713e-02
4.519796330854004146e-02
4.668612031670136414e-02
4.556153779358704942e-02
4.770473353262219551e-02
4.799993837723907919e-02
4.834696246846263701e-02
4.985702688929666976e-02
5.007757531388048328e-02
5.020142362352493504e-02
5.090942995457831827e-02
5.116855650960361324e-02
5.319068773432920200e-02
5.352789831834695033e-02
5.378083342127663868e-02
5.560321275808537828e-02
5.528649523822336959e-02
5.583039181868441198e-02
5.554274807527758567e-02
5.599048937476183013e-02
5.722276307004237755e-02
5.942818789165186383e-02
5.926742156034573578e-02
5.944616834330775090e-02
6.051801217942830852e-02
6.049090097261902027e-02
6.125250179532432115e-02
6.328199607500596680e-02
6.360830919847931808e-02
6.377858313887624364e-02
6.472763962410439664e-02
6.594798815950757287e-02
6.695854619480806624e-02
6.759629373847315936e-02
6.789705371887934382e-02
6.851709895030257125e-02
6.868970818050799954e-02
6.944404283848318316e-02
7.113009281139183460e-02
7.116480614302762853e-02
7.158448050857443845e-02
7.236417287181065583e-02
7.301827649578723767e-02
7.368234238637834388e-02
7.508553386790392525e-02
7.608530657507631134e-02
7.696695773013102759e-02
7.725820719377007872e-02
7.829156052341854077e-02
7.848493997570563097e-02
7.947198765095257744e-02
8.032915310062907488e-02
8.045139899843686826e-02
8.164699488974391794e-02
8.210614461388390795e-02
8.344377889888904276e-02
8.294510004371062617e-02
8.449853324687715828e-02
8.315062531862597861e-02
8.573332414400804125e-02
8.566885349001747418e-02
8.607881189080913986e-02
8.781002577714853985e-02
8.799974907004398661e-02
8.890209877098867453e-02
8.841816294076759730e-02
8.938190941839138648e-02
9.080523225293951617e-02
9.180440873442213823e-02
9.298599497593754148e-02
9.312391448963641682e-02
9.407859560668228871e-02
9.406225345523040737e-02
9.405112586904897098e-02
9.490073215241098814e-02
9.597310729433454479e-02
9.657169327314449325e-02
9.746839409589704017e-02
9.856291821688945021e-02
9.920331387261697997e-02
1.001281189485803691e-01
1.006541196991868198e-01
1.010106494813379219e-01
1.016495265772908996e-01
1.019859747077964396e-01
1.024736050004565330e-01
1.035413407446113543e-01
1.038471422373612174e-01
1.048286141806834271e-01
1.059722811529794084e-01
1.068575532743497314e-01
1.073788033061433139e-01
1.074407553188269082e-01
1.074922045173335589e-01
1.091943894528947939e-01
1.096311723221006090e-01
1.107071562282823662e-01
1.110469618362832367e-01
1.115612522064963891e-01
1.118816837514314544e-01
1.126088452390794775e-01
1.139648821782556776e-01
1.134612790623006490e-01
1.147857377353152242e-01
1.159997272653888745e-01
1.163846473807335913e-01
1.163019279601475581e-01
1.176593320508524110e-01
1.190380882690654091e-01
1.193883535668165546e-01
1.193471907620736044e-01
1.197348254505660181e-01
1.201601852991157904e-01
1.215570146591396367e-01
1.224272436610515935e-01
1.226687029727894507e-01
1.230536885232789007e-01
1.238754283296558401e-01
1.250465710220821924e-01
1.253723574361782223e-01
1.261325401039025684e-01
1.272654289671439065e-01
1.279211683352594608e-01
1.284000654234226935e-01
1.290518092718115906e-01
1.299286711665888494e-01
1.302675288325578218e-01
1.303974196641287664e-01
1.311451634187505155e-01
1.328028810453482089e-01
1.332514041449710529e-01
1.336263554210138649e-01
1.337065204985311562e-01
1.350659237353834530e-01
1.357234094058659413e-01
1.363668345372422708e-01
1.369992597277228386e-01
1.380542895342221910e-01
1.374230403040694604e-01
1.394564513170214459e-01
1.404585562047644953e-01
1.397575048102478457e-01
1.413178311357153882e-01
1.411164496418912395e-01
1.421625666860475423e-01
1.430422524978108290e-01
1.436463837504375618e-01
1.439646740028346361e-01
1.449590308521684356e-01
1.450404154436707727e-01
1.461063959118979183e-01
1.466861176306797909e-01
1.473149037207340528e-01
1.480086803419482233e-01
1.488841121306243853e-01
1.487990238683087607e-01
1.495589221140388725e-01
1.501756963077135743e-01
1.507428908634943221e-01
1.513789223650947591e-01
1.518761759166463721e-01
1.527818491020508651e-01
1.532458756735781968e-01
1.539431553573853140e-01
1.549826788780901132e-01
1.555204185043353449e-01
1.561525033015276065e-01
1.566154629305330503e-01
1.574116567984538417e-01
1.583541665628736272e-01
1.588836114911198194e-01
1.595118173391578409e-01
1.602253249327541818e-01
1.608922200879967235e-01
1.612577539539981619e-01
1.617394217082219476e-01
1.623913402126970495e-01
1.630454013724320084e-01
1.635352537815457918e-01
1.643673481801807834e-01
1.652995013580465522e-01
1.662666813188681258e-01
1.665030171248814139e-01
1.668492093963990230e-01
1.675683811707372461e-01
1.688716511181144186e-01
1.687430106073446456e-01
1.692885972360692881e-01
1.699571975139723967e-01
1.706408114198624537e-01
1.711632572304599698e-01
1.720288217356065186e-01
1.728207376348498137e-01
1.728014674456499200e-01
1.734049547948726677e-01
1.740662383328319962e-01
1.747752767604343060e-01
1.752872518745726138e-01
1.758302874819596684e-01
1.766405875693921879e-01
1.771750382372702104e-01
1.775492734858115929e-01
1.782851048174947106e-01
1.791687504370241268e-01
1.803425122866094688e-01
1.809815949193583906e-01
1.813400235439056318e-01
1.816337939563803794e-01
1.820813606366615545e-01
1.826605373409562749e-01
1.837319086019319481e-01
1.841358981855306109e-01
1.847670149625115499e-01
1.856214474591912633e-01
1.859634948749736005e-01
1.864082985696136896e-01
1.871745212923842661e-01
1.879533245038253197e-01
1.886433339335493731e-01
1.889650634587012878e-01
1.895467779429588495e-01
1.902223632498404593e-01
1.904242733565420787e-01
1.910180780751730423e-01
1.918141532026704232e-01
1.923384457094398370e-01
1.927949291466770909e-01
1.930956218142767522e-01
1.938115158351166045e-01
1.947107854195490872e-01
1.956755437475846959e-01
1.959661903690898543e-01
1.964161522750645372e-01
1.972339523384413762e-01
1.978224498558436573e-01
1.985229177511099730e-01
1.993161275438583568e-01
2.000291654886409698e-01
2.003859676682357704e-01
2.007392316500838381e-01
2.011609981251078483e-01
2.016772471836875136e-01
2.023190258857698876e-01
2.029363844606842104e-01
2.037945027179624835e-01
2.045330796072555024e-01
2.051173523276843824e-01
2.056710477834048367e-01
2.063693446730973102e-01
2.065731171354389661e-01
2.072566624395229817e-01
2.079937615003962792e-01
2.085111143642159603e-01
2.092200641757097357e-01
2.094261529252469667e-01
2.100338747070130963e-01
2.108580355138624240e-01
2.116884537548943679e-01
2.123109346231030758e-01
2.124214571910713611e-01
2.128241083450514715e-01
2.136725520956055668e-01
2.142795780780558379e-01
2.149247248470182448e-01
2.154927767842808040e-01
2.160772060040732634e-01
2.166952634949492751e-01
2.170105133002015185e-01
2.178604901256316895e-01
2.184426792535418549e-01
2.189187812017993062e-01
2.194990347298544364e-01
2.197771940165668125e-01
2.205552656135203460e-01
2.209290461030112285e-01
2.215713219714940951e-01
2.221623259923513338e-01
2.229405009843099250e-01
2.235045304451042658e-01
2.240673625696188165e-01
2.245516543474819493e-01
2.251686620400890348e-01
2.258463136407805050e-01
2.263494160617121331e-01
2.271183348804687863e-01
2.275860062688362662e-01
2.282384098251126481e-01
2.288052208919110764e-01
2.291839730604747494e-01
2.297884143294261217e-01
2.301377437829495165e-01
2.308036276327239955e-01
2.314289466147151364e-01
2.319799473506037601e-01
2.325924048595458260e-01
2.331435231541936215e-01
2.337616735944111901e-01
2.343648248678712187e-01
2.348179948208527490e-01
2.353090675512051200e-01
2.357108530395768398e-01
2.361996895587527845e-01
2.369941681833329650e-01
2.377195036423782881e-01
2.383165607864540791e-01
2.389478952072658369e-01
2.393296083047502520e-01
2.397323895639070501e-01
2.403363636173466711e-01
2.409395503927868609e-01
2.415526911824554812e-01
2.420337490788546375e-01
2.424965297507822304e-01
2.429459749645488387e-01
2.435424394108891000e-01
2.439900527524711260e-01
2.444106226827946204e-01
2.452664927308635390e-01
2.457672946532713232e-01
2.463179520420020474e-01
2.469255205801780539e-01
2.474801457729996490e-01
2.480966573630196126e-01
2.488266524646290945e-01
2.492129476616183892e-01
2.497317430548959549e-01
2.500023006958412286e-01
2.508123144712280372e-01
2.514347202543002480e-01
2.518186105867764035e-01
2.522941356397047086e-01
2.528353622642399157e-01
2.534732017959003270e-01
2.541479290025477900e-01
2.546662432026602363e-01
2.552037163047806145e-01
2.557261726130649060e-01
2.562191241377994588e-01
2.567652780558760117e-01
2.570716577917472323e-01
2.576080755597785488e-01
2.583089751746836527e-01
2.588897024683333714e-01
2.594762203296563374e-01
2.599776187860793342e-01
2.605669901124043064e-01
2.611359782954901232e-01
2.615272245547416996e-01
2.621849757976926210e-01
2.627334529855855916e-01
2.633090686734508301e-01
2.637599561849812702e-01
2.644686494439201230e-01
2.650416728402704702e-01
2.656075032384246359e-01
2.658888423660445977e-01
2.664835159511609874e-01
2.671985741218352861e-01
2.675777252932882155e-01
2.680959590546930782e-01
2.685384340937093106e-01
2.687625900656113176e-01
2.695095339702945347e-01
2.702398977070142871e-01
2.708767813628126797e-01
2.712608676433032606e-01
2.716022483952597044e-01
2.721153719640610480e-01
2.727623100851089277e-01
2.732732579212187596e-01
2.736900921613854565e-01
2.742654358546486870e-01
2.747804743580840037e-01
2.755567568528951572e-01
2.760504708750347591e-01
2.765707102670134088e-01
2.770373557971844147e-01
2.775623768020080151e-01
2.782221529826156559e-01
2.788185465600436230e-01
2.794384412409394169e-01
2.797362102762170899e-01
2.802099394599966153e-01
2.806486918993201241e-01
2.811711899805083292e-01
2.818619689951591401e-01
2.822387668307281272e-01
2.827604034152390589e-01
2.833666109098928465e-01
2.838633665601739686e-01
2.843065458170340176e-01
2.848430792867906458e-01
2.853003848015077115e-01
2.856961252992757383e-01
2.864050962490474195e-01
2.869724815810499319e-01
2.876001402142531194e-01
2.881436846717214673e-01
2.884527494854252638e-01
2.890618866490937133e-01
2.894632404485056321e-01
2.899264681029772306e-01
2.905861585398200608e-01
2.911201437361730648e-01
2.918141213373434684e-01
2.923006471943807028e-01
2.927016364305102258e-01
2.931324587053587560e-01
2.935188511735623007e-01
2.939636418422157949e-01
2.945073409146036769e-01
2.950178988087047705e-01
2.956604294894901175e-01
2.961846263396590850e-01
2.967257807307913664e-01
2.973732143075191181e-01
2.979764015237327257e-01
2.982742299240250805e-01
2.988683139414444190e-01
2.993321435485145621e-01
2.999399594375642963e-01
3.004087824610993662e-01
3.008414076790703606e-01
3.013563688530603302e-01
3.017792858055047267e-01
3.023041852023304332e-01
3.027283702652484032e-01
3.031869824257841239e-01
3.037612543655499042e-01
3.042439982385164443e-01
3.046942373411524185e-01
3.051325165871031642e-01
3.057596121519612908e-01
3.060941733509458529e-01
3.066916918647027979e-01
3.070453841737663114e-01
3.075614272690925244e-01
3.082380727185549119e-01
3.086926444937932446e-01
3.091879418375921285e-01
3.094483865706390557e-01
3.100636670081747814e-01
3.105357425777298119e-01
3.111784648828490596e-01
3.115915057886701200e-01
3.121219981703087787e-01
3.127571942882848011e-01
3.132610811353044311e-01
3.135924107611748335e-01
3.142145984410120718e-01
3.147211588621317002e-01
3.150739859545172439e-01
3.155466603880265342e-01
3.162866572774108986e-01
3.168253393605772184e-01
3.174441833062657814e-01
3.176843992995688204e-01
3.180506862962962922e-01
3.185632047573517811e-01
3.191296512117562933e-01
3.196116063269212049e-01
3.201437096933317794e-01
3.206537709597268582e-01
3.211285099438984658e-01
3.217599613858743157e-01
3.222303424473144662e-01
3.227819079584603457e-01
3.232610789858811895e-01
3.237781370194745545e-01
3.242815714707314445e-01
3.246623763359132164e-01
3.251063667507360644e-01
3.254699123693202134e-01
3.259188916910469858e-01
3.265861190970450467e-01
3.271045005273234829e-01
3.276772012779577414e-01
3.281858681235914066e-01
3.286615555873424466e-01
3.290179182725413431e-01
3.296252195936710816e-01
3.301479551297009096e-01
3.308027819352230559e-01
3.313059775830624609e-01
3.316753974719566234e-01
3.323613012811854617e-01
3.327078709928000810e-01
3.329416781722547847e-01
3.337153820270289395e-01
3.341950133230517372e-01
3.348442728550445335e-01
3.352209040121194028e-01
3.355959827841448195e-01
3.360038764731630989e-01
3.364936602466561122e-01
3.368927728306347347e-01
3.374199527477558802e-01
3.379501627622223947e-01
3.384298463897519316e-01
3.388536953577488409e-01
3.395588598914310308e-01
3.398772723298164045e-01
3.404714780505247451e-01
3.409220630309570677e-01
3.416337379748028424e-01
3.418028669703435662e-01
3.425122721723377062e-01
3.430363469339850480e-01
3.431857323067500909e-01
3.437926960974433399e-01
3.444747512815611867e-01
3.450131340421099813e-01
3.452403969797874783e-01
3.457738495101307374e-01
3.464304374931508890e-01
3.467559195103436243e-01
3.473456789677995538e-01
3.478704599565656808e-01
3.482529059118105730e-01
3.488206343027770440e-01
3.491607553155108845e-01
3.497259637992000680e-01
3.503147870162781063e-01
3.506912572915554249e-01
3.512982836031093292e-01
3.517526531421957814e-01
3.522872337692368738e-01
3.526366279082289723e-01
3.530946663061361179e-01
3.534190908488024085e-01
3.539943779669300072e-01
3.544984392722824174e-01
3.548866434062359909e-01
3.557979786881433903e-01
3.562145109471548388e-01
3.567185316276152429e-01
3.569920229200115869e-01
3.574052510413384676e-01
3.577037576729160673e-01
3.585520071196982017e-01
3.589224533323425170e-01
3.596924263593873627e-01
3.599959618163986463e-01
3.603860803670853596e-01
3.608841546323864891e-01
3.614595561809583746e-01
3.620573901228631986e-01
3.624494556208525675e-01
3.627890056880689884e-01
3.634789515706469132e-01
3.637689645985203168e-01
3.641199756365145479e-01
3.647748193398754335e-01
3.652437179775649412e-01
3.658254493870330970e-01
3.663070694414954365e-01
3.668607186183717728e-01
3.675278119308857949e-01
3.678757000642120523e-01
3.682691472378550879e-01
3.684988124602432968e-01
3.691612075125328962e-01
3.695992452248922921e-01
3.700086466546739228e-01
3.707008052925656605e-01
3.710593913130355581e-01
3.715052330133158387e-01
3.720144754975270862e-01
3.725229020233144506e-01
3.728586737572489040e-01
3.735710983606314040e-01
3.739457855766915029e-01
3.746988458628465191e-01
3.750521226154498455e-01
3.754017293582493364e-01
3.756904163868661217e-01
3.760937027636826469e-01
3.768119312631889595e-01
3.771857589998243165e-01
3.777993329445267778e-01
3.783710876923673805e-01
3.787841397883201511e-01
3.793254335503302155e-01
3.797595868967140742e-01
3.802413983648992857e-01
3.807466684426271675e-01
3.809961092242854508e-01
3.818579298370049502e-01
3.820708438738323887e-01
3.826080243826388561e-01
3.832004086681051747e-01
3.836517961749713601e-01
3.838956456146424556e-01
3.847761567619359391e-01
3.848806025818662380e-01
3.854285067174689217e-01
3.860009033897014996e-01
3.864330576069486267e-01
3.871225551041016510e-01
3.873038387241756197e-01
3.878496401040251174e-01
3.883056068357097490e-01
3.887899156901265529e-01
3.891110313991342773e-01
3.897712172489625759e-01
3.901989689577422538e-01
3.908537273342184148e-01
3.912851289604173943e-01
3.918273062056375489e-01
3.923056378804634647e-01
3.928127299513010096e-01
3.932194649725075930e-01
3.935271518557940107e-01
3.941051819974274451e-01
3.946583783941739476e-01
3.950682587047428251e-01
3.957187725939088629e-01
3.958758274127452403e-01
3.963054614135950726e-01
3.968293698863756269e-01
3.976307710700252573e-01
3.979541734306408785e-01
3.983991638999111462e-01
3.990419398240995230e-01
3.995212191676362767e-01
3.999699928104594182e-01
4.005947198112291274e-01
4.008061162059554650e-01
4.013828340546605755e-01
4.017852212274645729e-01
4.022805099697111531e-01
4.028481248500120904e-01
4.033512392497604071e-01
4.039654939033094916e-01
4.043226329297236465e-01
4.048295747648665288e-01
4.053627077925948674e-01
4.057556697645096633e-01
4.061348028843669300e-01
4.067971420696017137e-01
4.073371416552762359e-01
4.080998710569329058e-01
4.083737059419740856e-01
4.090646900591647928e-01
4.094470194952649633e-01
4.099837340200213065e-01
4.105097689879213529e-01
4.108091091343448742e-01
4.114165934543652092e-01
4.118110726660282328e-01
4.124419911391759008e-01
4.128794600449490759e-01
4.133474241918183578e-01
4.138489078491763840e-01
4.143438723616523767e-01
4.151580405697308240e-01
4.157008626464525625e-01
4.159316678059127304e-01
4.165505771274636282e-01
4.166961192392452107e-01
4.173768827935273040e-01
4.177130646382948842e-01
4.185695359263235660e-01
4.193439919385359427e-01
4.193746447823402668e-01
4.201392943685464121e-01
4.208157298040436922e-01
4.209576432426364589e-01
4.215731030650388123e-01
4.221485104319633863e-01
4.226186923323009825e-01
4.234212506543198473e-01
4.235729120890550092e-01
4.243647515272304660e-01
4.246270871158557281e-01
4.254700620837448266e-01
4.260606672926570138e-01
4.262951286160195363e-01
4.270298816691858179e-01
4.273527077957722242e-01
4.279006429374418996e-01
4.285062294669932936e-01
4.289856680636808806e-01
4.298296942294768108e-01
4.301666501979785617e-01
4.309837557614480952e-01
4.313160102544636998e-01
4.315486559071816108e-01
4.322692016990278274e-01
4.329264832935905138e-01
4.334345191656108764e-01
4.340203347755897112e-01
4.346693486036505294e-01
4.350172826343986499e-01
4.353303114019180797e-01
4.361337712585903748e-01
4.367870772532997936e-01
4.372571807509434416e-01
4.380922836497942452e-01
4.382348710542752213e-01
4.390616254456880529e-01
4.393992516017610206e-01
4.401016805003427623e-01
4.407981855665972226e-01
4.411339911908319089e-01
4.420235353361002817e-01
4.420051675886486620e-01
4.428703244239057812e-01
4.435790095199745875e-01
4.438052461415221694e-01
4.446224047081382968e-01
4.452315871137605408e-01
4.457746447930211464e-01
4.464041132179408788e-01
4.468652975897037805e-01
4.474613338318991218e-01
4.480203348100233463e-01
4.485244923395003136e-01
4.491623991879509781e-01
4.495569466527706282e-01
4.503653773214797429e-01
4.510336708499703695e-01
4.516612495742561850e-01
4.522720555028203471e-01
4.527805491670162108e-01
4.531224673759683963e-01
4.538796730275571623e-01
4.545653460012200053e-01
4.546277034199032174e-01
4.557103888322736052e-01
4.561082733166398895e-01
4.566875989965348270e-01
4.574074575361997130e-01
4.581094545320796851e-01
4.586813553129052701e-01
4.591605935120293691e-01
4.593673956078768716e-01
4.597712248229307574e-01
4.608035362702904147e-01
4.615923782594540392e-01
4.619392292334307815e-01
4.625727184453359286e-01
4.632208677905411687e-01
4.639638096695464231e-01
4.643796103737183323e-01
4.651428375623277156e-01
4.657556882974164258e-01
4.662910021504373947e-01
4.669525990070900190e-01
4.671759390108728982e-01
4.679351933914216999e-01
4.685777205091607445e-01
4.692437606656186810e-01
4.700099011566405416e-01
4.701883172100870811e-01
4.712486297863943685e-01
4.716501741275573312e-01
4.722669018172276356e-01
4.729948566246525710e-01
4.739342579740817851e-01
4.740623688034037997e-01
4.744326527754077483e-01
4.755261163884639264e-01
4.759465935794253144e-01
4.761267982601217752e-01
4.768365219466946248e-01
4.772489302533970967e-01
4.782232743916397522e-01
4.790953345637095073e-01
4.794007487104029464e-01
4.800748253721545122e-01
4.804374505421005193e-01
4.807774176465357541e-01
4.820072474266565155e-01
4.823335045879569294e-01
4.831467520161237261e-01
4.836581598385346070e-01
4.842487626150228652e-01
4.844945972459033245e-01
4.854875437066729083e-01
4.855104626230083431e-01
4.866325969638998772e-01
4.870057854374403861e-01
4.874794804327524655e-01
4.883059962304756030e-01
4.886651188023947712e-01
4.890514060095370596e-01
4.901302944138532514e-01
4.905709703881124262e-01
4.909209340929746035e-01
4.920337213670045728e-01
4.920561371519997507e-01
4.927699459161112849e-01
4.933683463237217293e-01
4.939696980619070477e-01
4.947538159228966337e-01
4.955768460102749629e-01
4.954075400333020629e-01
4.965626473681554187e-01
4.969132712808829733e-01
4.971172441280560239e-01
4.983100823254382195e-01
4.987084886050859311e-01
4.990566317158990906e-01
4.995786438599043588e-01
5.003921034326710426e-01
5.008563458878823038e-01
5.012717947616903702e-01
5.018162102865117991e-01
5.022508683763549087e-01
5.031224412322100603e-01
5.036746449443547657e-01
5.044611578076528824e-01
5.045007743417313506e-01
5.051887702324230345e-01
5.055373258127894287e-01
5.063189022465904854e-01
5.066976409501364742e-01
5.074250277368114181e-01
5.076004798017351716e-01
5.084702616744608550e-01
5.088188214049051972e-01
5.095200238659041148e-01
5.102805954854522374e-01
5.104550764857102019e-01
5.112911491182804413e-01
5.112873410320376566e-01
5.120589146204681530e-01
5.126433800812002506e-01
5.130711998553677544e-01
5.136449642030183060e-01
5.142647238854093361e-01
5.141192590323072631e-01
5.152009837927072899e-01
5.154015674581445827e-01
5.161429274193196637e-01
5.161371188389645148e-01
5.171006855184032691e-01
5.175598777819078178e-01
5.181519025411047696e-01
5.185897933378516012e-01
5.192509773956375252e-01
5.197925020259436257e-01
5.199516273331886707e-01
5.204171221574211970e-01
5.211030129547027379e-01
5.215116677095759101e-01
5.220416039984490109e-01
5.224152866987710198e-01
5.229385042640620762e-01
5.232687824868436088e-01
5.235860825967042498e-01
5.244613352411491292e-01
5.243721771566448586e-01
5.251288600583170485e-01
5.254649103223596462e-01
5.262769685820878340e-01
5.263620905613876078e-01
5.269701055223439123e-01
5.272559407199686188e-01
5.277463388668635069e-01
5.281906970300698223e-01
5.285392554300348822e-01
5.292001013783300678e-01
5.293253386557454920e-01
5.302664990905693321e-01
5.303034111038649190e-01
5.307512479766937075e-01
5.312710924342241015e-01
5.317314207336366616e-01
5.319066938973492364e-01
5.320920079263304903e-01
5.326711108693501506e-01
5.329117524846779252e-01
5.337105477863984815e-01
5.341171422805797153e-01
5.345147778234324853e-01
5.347396121715213280e-01
5.349993628134541712e-01
5.356680184681349433e-01
5.358643452394453721e-01
5.362994690031599454e-01
5.368104852837692897e-01
5.371568087924343260e-01
5.374014825564950026e-01
5.377187379315004900e-01
5.378957176510106297e-01
5.382819122267789025e-01
5.390105068865778115e-01
5.390051832073031735e-01
5.395968938569091211e-01
5.396763497005769850e-01
5.400694668153648292e-01
5.407909442962356428e-01
5.408107282619565304e-01
5.413040040713420487e-01
5.415320327312330706e-01
5.418865526745101358e-01
5.423506347928990223e-01
5.425667251824762838e-01
5.427840994992382262e-01
5.430412642309683235e-01
5.434110087574187675e-01
5.438344800153509517e-01
5.441546375573175220e-01
5.443229241538261043e-01
5.447292246046845365e-01
5.450412166743638931e-01
5.452069485630267609e-01
5.456342953501194248e-01
5.459487784731695825e-01
5.462972748012931978e-01
5.463674285720658830e-01
5.465384920937311763e-01
5.471099253209352753e-01
5.472933709432077354e-01
5.476158858238627802e-01
5.479848172123495953e-01
5.481067967429488208e-01
5.483492151198112730e-01
5.486104191563425658e-01
5.488217028108904882e-01
5.491004915988755286e-01
5.493891288819277019e-01
5.495783188947095388e-01
5.500809092989238369e-01
5.501630153755658892e-01
5.504918657680825111e-01
5.507475438424086489e-01
5.510529737419975760e-01
5.503976993183870015e-01
