1.726730958373423261e-02
1.666201481617935257e-02
1.620281095538049845e-02
1.587357405431238586e-02
1.546452672620712149e-02
1.518766099989276967e-02
1.463743656062592782e-02
1.421284309779559385e-02
1.418433823724183501e-02
1.388346361849470204e-02
1.374328857112856218e-02
1.204603526109828890e-02
1.255919091481431937e-02
1.568824585641410627e-02
1.726946878292120319e-02
2.127440992761698776e-02
2.499993253840489954e-02
2.312087061331743326e-02
2.193304551551865031e-02
2.237749066626702754e-02
2.255271875608734489e-02
2.331622344672678801e-02
2.773590927161237105e-02
3.269061148650038301e-02
3.223838572723427415e-02
3.804608708941174117e-02
4.487514077054667594e-02
4.628393246952326040e-02
5.068189962112167046e-02
4.945025551591181873e-02
4.995753624459092074e-02
5.063144478363613282e-02
5.404514656140459172e-02
5.564145436082193474e-02
6.301846160717408662e-02
6.911487423067569358e-02
7.480291691293759759e-02
7.935850558706333824e-02
8.104404022445355071e-02
8.158275939528925047e-02
8.471761430479672617e-02
8.661553860605150645e-02
8.929190606952530640e-02
9.227573937156197115e-02
9.579536536972689531e-02
1.016213435803809684e-01
1.062320858649365013e-01
1.098492867388530247e-01
1.130509695927723601e-01
1.180771687821970950e-01
1.202392957741382912e-01
1.219042044609147390e-01
1.261280591043946187e-01
1.269365764595266621e-01
1.310776815620471603e-01
1.363447685871269077e-01
1.411267818341001012e-01
1.451949595148050443e-01
1.488688158424563979e-01
1.515427603444021165e-01
1.549651996157691558e-01
1.578446376935180306e-01
1.625658121272008927e-01
1.648237210787862617e-01
1.684994256224015552e-01
1.717492491571940283e-01
1.745513732608659774e-01
1.786691369301892374e-01
1.815707451056100541e-01
1.845976490444098672e-01
1.867290774516686402e-01
1.926075201949759841e-01
1.962076900162345316e-01
1.967813435563454116e-01
2.027374586539195667e-01
2.050926000001398464e-01
2.079692089074740846e-01
2.108639317437279725e-01
2.143391515255106128e-01
2.164738705084504056e-01
2.204199980927673830e-01
2.234853572178345515e-01
2.263099808215502107e-01
2.300325332274708034e-01
2.338656155509004075e-01
2.377802818004685348e-01
2.407622865936681344e-01
2.434954219233896877e-01
2.465113851150325941e-01
2.490550907877526476e-01
2.525857764102681924e-01
2.558843954531150877e-01
2.583603955138132346e-01
2.613246727238599521e-01
2.641732483993072256e-01
2.664155651623448251e-01
2.693140030872280821e-01
2.724686274733290059e-01
2.748288867402474134e-01
2.784425373270141280e-01
2.831186746462555082e-01
2.850828400618912739e-01
2.884131900379272029e-01
2.901301301379896058e-01
2.930782890759178194e-01
2.946248967854727674e-01
2.981896035853819904e-01
3.012963970229148303e-01
3.050529777366436934e-01
3.077145444642749861e-01
3.092370179774097672e-01
3.116316845423775517e-01
3.143875824131446839e-01
3.175701649656809678e-01
3.190873872415304069e-01
3.218846545285363181e-01
3.257599123663150187e-01
3.275579102914571439e-01
3.300483905312149857e-01
3.325730122752995621e-01
3.350265707140677174e-01
3.377069662794969784e-01
3.418731981998457958e-01
3.435972694032974895e-01
3.449305134876714529e-01
3.474617924228380339e-01
3.498918108175662622e-01
3.528026315130075030e-01
3.558239517002166896e-01
3.575906425254964383e-01
3.604771018302722618e-01
3.623218121922237578e-01
3.641729734232428406e-01
3.670915699234572060e-01
3.690489423480194930e-01
3.722633776259137717e-01
3.742965059791438787e-01
3.762478773819507571e-01
3.786862848870011788e-01
3.804677037610464385e-01
3.827355761763169273e-01
3.852357506217352068e-01
3.872758429076635367e-01
3.902627149630417125e-01
3.915289940644879341e-01
3.933883868429288166e-01
3.956785118195578765e-01
3.977301659744046924e-01
3.991876475143850689e-01
4.019258286986692741e-01
4.044982397029257548e-01
4.060937368257478974e-01
4.088198389758211926e-01
4.102714556165583670e-01
4.125729790254804574e-01
4.145025210859853981e-01
4.166355970063206349e-01
4.184594311727429794e-01
4.200797475738861086e-01
4.225742886084764560e-01
4.244380753119607053e-01
4.266856600611114714e-01
4.284027609946717274e-01
4.298633423073341397e-01
4.317341871789910357e-01
4.334188282223530586e-01
4.358346560867236152e-01
4.378254523979695501e-01
4.400031757985354286e-01
4.411826798399281491e-01
4.431831601972214818e-01
4.443359243804653191e-01
4.470958626591939322e-01
4.485515809446304902e-01
4.504058433678083673e-01
4.520369579446180119e-01
4.536952188839509792e-01
4.558955845765250703e-01
4.575541605602200246e-01
4.595015902290647825e-01
4.612262432982344729e-01
4.622539321548913560e-01
4.641061396957781859e-01
4.659253479371907591e-01
4.676653987367994092e-01
4.693834652223919379e-01
4.709763196487220527e-01
4.727414533511158923e-01
4.742789996389983886e-01
4.764048389500261105e-01
4.777696165603899092e-01
4.793084776883594356e-01
4.810576979516759111e-01
4.829488546037382091e-01
4.840939615653329642e-01
4.857089982591410449e-01
4.874617904265255430e-01
4.886932785876828000e-01
4.899796363618608708e-01
4.917040866705842395e-01
4.932510838447795587e-01
4.951103037948133556e-01
4.961044781071995979e-01
4.976442094359333490e-01
4.991594262907695367e-01
5.008854856447569892e-01
5.022536666458927712e-01
5.043384464831869307e-01
5.056527192853249586e-01
5.066980751481987566e-01
5.075955734889454618e-01
5.095562325859021024e-01
5.106686402704380123e-01
5.125271337475885147e-01
5.139244502301602013e-01
5.149416870447890426e-01
5.164485414479538239e-01
5.183393950004930861e-01
5.192261545684712098e-01
5.204495728508178320e-01
5.216274959000017919e-01
5.235424685302426662e-01
5.250479636924511029e-01
5.260290146580955950e-01
5.276257415424130404e-01
5.290192107784510434e-01
5.297742900553222833e-01
5.313440481021020068e-01
5.321382168015813541e-01
5.336493491504823439e-01
5.349487671627539687e-01
5.360490061920500926e-01
5.372970059612073301e-01
5.391219906069342205e-01
5.399076513984040204e-01
5.412458332681936435e-01
5.421460738833507875e-01
5.435728126115868530e-01
5.447961638789449168e-01
5.455959765914653037e-01
5.466051593035310407e-01
5.481862830113712892e-01
5.496744840670170218e-01
5.511117486979562052e-01
5.514146884448016817e-01
5.528914375606928111e-01
5.545150109391621118e-01
5.555166846110983769e-01
5.568851200492391795e-01
5.576441251371349050e-01
5.590330098664620939e-01
5.602602971476191573e-01
5.613471173948161308e-01
5.626998354197482177e-01
5.629602543141644100e-01
5.641974688317920039e-01
5.653559516194703871e-01
5.667045441315026189e-01
5.677629722296415604e-01
5.693010310816228881e-01
5.705759591127220753e-01
5.711973460161892113e-01
5.718970255622022325e-01
5.728928120633621779e-01
5.740057834348288868e-01
5.751324282816048239e-01
5.766059106166533388e-01
5.773497984766562396e-01
5.783226294955204905e-01
5.793838891197957697e-01
5.807084873642771594e-01
5.813160891179427470e-01
5.821541944739797581e-01
5.838098485550972105e-01
5.843290092658548485e-01
5.858964270371569416e-01
5.870376264103154273e-01
5.875452244998272677e-01
5.888490840313018726e-01
5.893583749545097117e-01
5.905206303636717502e-01
5.915452404108719753e-01
5.925600171316305342e-01
5.930645507982490461e-01
5.946557530017052562e-01
5.952655334273031507e-01
5.968345651415868369e-01
5.973322474830132789e-01
5.986302296328137595e-01
5.991350859971409371e-01
6.001913369719423796e-01
6.007468098745691876e-01
6.019953883515658521e-01
6.028354517829276338e-01
6.038022645200057381e-01
6.044954513219171766e-01
6.059045292819412731e-01
6.062478539532727417e-01
6.072905800716891234e-01
6.079790813760118651e-01
6.093389990261337541e-01
6.099228598884675057e-01
6.107997619193077377e-01
6.114465418290137011e-01
6.126690838802689720e-01
6.137347966474506755e-01
6.143066293801234812e-01
6.155886355339240668e-01
6.159807880981235106e-01
6.170382210753210250e-01
6.181379190346631969e-01
6.185149077038741838e-01
6.195557793991871565e-01
6.203518867015802574e-01
6.212081675268374958e-01
6.216030446923106467e-01
6.225548811976889807e-01
6.234606546683209016e-01
6.245079604293053421e-01
6.250234651132828834e-01
6.257834549157845760e-01
6.266601623704374235e-01
6.278718644320584463e-01
6.283672752112492432e-01
6.294037077055145701e-01
6.299749078452793194e-01
6.309876580115122424e-01
6.315855402480203828e-01
6.321397396616216247e-01
6.326316772300566438e-01
6.339997492838393978e-01
6.344128902269747794e-01
6.355521205329470735e-01
6.359748363270211202e-01
6.368158752754975449e-01
6.375376610889305073e-01
6.387821044278775284e-01
6.390093150342849304e-01
6.400630718414527243e-01
6.409022232995964519e-01
6.414235252140807475e-01
6.422279987516447131e-01
6.426145541869558997e-01
6.431778399383264455e-01
6.441704357210936704e-01
6.446048584553720762e-01
6.455914681348453588e-01
6.463562152411347350e-01
6.469535125948219223e-01
6.480622790637413644e-01
6.479837498230096582e-01
6.490227444722012073e-01
6.497958812847700605e-01
6.503039470183600290e-01
6.512549999314752869e-01
6.520515297022696499e-01
6.525433693352078457e-01
6.534150349060713348e-01
6.540429807327728939e-01
6.543391052935192409e-01
6.554270543755251754e-01
6.559565556166154776e-01
6.565732506220847142e-01
6.572560208510624946e-01
6.577594051522065444e-01
6.586904443600851700e-01
6.593833753928316499e-01
6.602524937782123793e-01
6.603106907297495720e-01
6.611906487288712331e-01
6.617120096211317470e-01
6.625721424822184069e-01
6.633566153855123826e-01
6.639544648803651361e-01
6.645537214024301864e-01
6.651503721458557061e-01
6.655965912331031076e-01
6.663472894523418955e-01
6.672194266949176278e-01
6.677533794487169327e-01
6.679191299781196411e-01
6.690827891968076369e-01
6.696577607329485815e-01
6.699376307949067577e-01
6.705217016917055517e-01
6.714642985840005851e-01
6.718716271852287480e-01
6.726029226625326318e-01
6.732611337832685727e-01
6.738840334841260660e-01
6.743612494891904063e-01
6.746479874816744271e-01
6.751956605188977889e-01
6.761541357264626573e-01
6.767929598260059576e-01
6.773854906200450499e-01
6.780017748530963173e-01
6.782795783260362477e-01
6.791191986039799566e-01
6.796638546247421031e-01
6.806642819746369089e-01
6.806097306002010239e-01
6.811746485122407435e-01
6.819602283177985669e-01
6.821338774852331310e-01
6.827991534645910798e-01
6.838088385286846815e-01
6.840787101211858179e-01
6.848828426686417448e-01
6.857188279998754910e-01
6.859833003938810014e-01
6.862568096651761040e-01
6.873538190898913491e-01
6.876589944740991722e-01
6.883156834560684167e-01
6.889442992337428961e-01
6.892830183076652517e-01
6.895928868187547467e-01
6.903704968212371895e-01
6.908446662815730388e-01
6.916883571687058030e-01
6.922573429088403341e-01
6.925924866645334355e-01
6.930351971224016916e-01
6.935374788199402118e-01
6.941567856792680846e-01
6.946709107038669950e-01
6.951615741237732182e-01
6.955377287239343786e-01
6.961561708105157287e-01
6.967562414708661223e-01
6.971854534427750494e-01
6.979623415195936875e-01
6.985794167301279112e-01
6.989675152855399087e-01
6.992034484050411169e-01
7.000120617122675970e-01
7.005077206335745821e-01
7.008009186758460407e-01
7.010750015641575850e-01
7.019980829875074324e-01
7.026040827586890192e-01
7.028505730696071874e-01
7.033885649434781229e-01
7.040877396722718951e-01
7.043702928661713658e-01
7.048203913939206089e-01
7.055734674999193379e-01
7.057931254138095634e-01
7.064237927009267004e-01
7.070076878900151129e-01
7.074615520662546064e-01
7.077727553026756935e-01
7.082424840306958957e-01
7.087485555617498711e-01
7.093638106474212668e-01
7.099729303438115924e-01
7.102236300182692696e-01
7.106791261410766447e-01
7.109965547404912822e-01
7.113856376608785892e-01
7.122320914620930976e-01
7.125559933590969175e-01
7.131335221122480084e-01
7.137679748755284548e-01
7.139944365358893430e-01
7.145279166946914007e-01
7.151067099279890815e-01
7.156140819966452238e-01
7.159464566407042208e-01
7.163532928008946588e-01
7.168183009049799992e-01
7.170849954897084988e-01
7.174370397050765513e-01
7.180752861002659415e-01
7.187428084586467980e-01
7.190443323840247647e-01
7.195618011716363727e-01
7.202490726407662081e-01
7.204828545168777687e-01
7.207434347811277897e-01
7.213131549479551152e-01
7.220254476131757748e-01
7.224146551544001760e-01
7.222590814994029884e-01
7.229831145821512539e-01
7.234799063077500536e-01
7.240438099876388423e-01
7.241652602517791859e-01
7.245990464782926521e-01
7.249442469963505165e-01
7.257237974096308886e-01
7.259832139980728627e-01
7.266468473333539402e-01
7.268330328070170543e-01
7.273083886165924161e-01
7.278191832318858800e-01
7.281953206498683606e-01
7.284825907053908978e-01
7.289743226152393119e-01
7.298145514541772849e-01
7.298632799580293540e-01
7.302758616378131062e-01
7.306949809137236462e-01
7.313739887651244942e-01
7.318706361996479837e-01
7.318829731786858916e-01
7.324394952491953825e-01
7.326306249457070763e-01
7.333314873829914760e-01
7.337244499660751096e-01
7.341307664170767522e-01
7.341705685011714611e-01
7.346393145067263708e-01
7.354391806381047614e-01
7.356658030924576597e-01
7.359050927156264299e-01
7.363187620685616164e-01
7.368600239544603747e-01
7.373110088801957396e-01
7.375628883423215321e-01
7.382199265687441336e-01
7.383270859534359909e-01
7.387155153652378292e-01
7.393411141675515497e-01
7.394659535277959828e-01
7.401553058543590691e-01
7.401943298393061088e-01
7.408496528964065853e-01
7.411979360049708587e-01
7.417970329527099338e-01
7.419891102804627714e-01
7.424468130674448663e-01
7.426607842925508907e-01
7.431237359989453228e-01
7.434174772814452492e-01
7.441064444381685350e-01
7.443506045222768597e-01
7.448909815135675849e-01
7.446194036053437326e-01
7.453710003594976596e-01
7.457115361832954425e-01
7.460696893048729406e-01
7.463384534984568441e-01
7.468913473216032273e-01
7.472146043922721637e-01
7.475720333879194435e-01
7.478173770476391757e-01
7.481765224309647744e-01
7.486268704108547389e-01
7.490196068877783553e-01
7.492773961537553262e-01
7.499998875671316512e-01
7.504584235884168564e-01
7.504758034677315726e-01
7.508001452232929696e-01
7.514132147999212918e-01
7.517818020001155732e-01
7.519595162136062383e-01
7.526055195364207417e-01
7.527549281163008477e-01
7.530836581714177580e-01
7.532279543395477006e-01
7.537207525669975539e-01
7.539079987344778910e-01
7.544346262263880165e-01
7.550118814222243069e-01
7.550679282209291632e-01
7.553258181336421906e-01
7.559157254189784458e-01
7.561318389438556054e-01
7.562944873394465972e-01
7.570509230130446632e-01
7.570513518178131340e-01
7.576856870377219888e-01
7.579169114128658791e-01
7.585157473411611173e-01
7.587976406671812502e-01
7.591418505220278723e-01
7.592462352096185363e-01
7.597880582680548445e-01
7.603286352628341183e-01
7.607082797797254381e-01
7.606731994869807556e-01
7.611253458209453759e-01
7.613654140349881416e-01
7.614921787046715629e-01
7.621946323018042868e-01
7.625043019329568184e-01
7.630751800569685050e-01
7.631428281375356448e-01
7.633627583742835787e-01
7.635105382327931345e-01
7.643911439253039397e-01
7.644348183091641546e-01
7.649250383640574524e-01
7.651053551628094196e-01
7.651597315057473425e-01
7.655089433756322448e-01
7.660988963003450003e-01
7.662799145262886302e-01
7.666712523528071976e-01
7.671086128806693383e-01
7.673316645858503371e-01
7.677817688122442474e-01
7.682276439051158867e-01
7.684485068371397221e-01
7.685346409081879049e-01
7.691270910955614326e-01
7.694519762273871466e-01
7.697346271007151630e-01
7.700331789924718118e-01
7.700265076556850330e-01
7.706050945070964664e-01
7.709741912382461759e-01
7.712638301228676996e-01
7.715508753678441689e-01
7.717570958321455787e-01
7.721111333194831117e-01
7.725407712372824864e-01
7.729855593679515469e-01
7.731633428078386050e-01
7.734984408562580738e-01
7.737231934529485988e-01
7.741156220194745918e-01
7.743525217415664352e-01
7.749749994126007291e-01
7.748894644151951283e-01
7.752963047508751870e-01
7.758945503604354199e-01
7.758178177452169644e-01
7.761336621210359610e-01
7.767290727649404092e-01
7.767055318010415155e-01
7.769496576935841503e-01
7.774657469260181086e-01
7.776836411896301815e-01
7.784043151676383054e-01
7.781110805098262473e-01
7.787266641251696653e-01
7.790253494487993091e-01
7.792056791513052305e-01
7.796716084970372052e-01
7.799503390433270011e-01
7.801381319948028636e-01
7.803429000355390777e-01
7.809824094762760627e-01
7.810388562541676905e-01
7.815122946629595724e-01
7.819510899021764327e-01
7.821880618134080532e-01
7.822291401424833479e-01
7.826029367054551100e-01
7.830395763169799572e-01
7.829720175061811727e-01
7.834436766027644827e-01
7.835489825912479445e-01
7.840618446255416263e-01
7.840313808091268211e-01
7.846535899276301240e-01
7.846071801658318634e-01
7.851167377297672001e-01
7.852278728780993644e-01
7.855987896304064133e-01
7.859649569618690768e-01
7.864468574665336442e-01
7.864899202308925918e-01
7.869404789856764282e-01
7.872365968441169537e-01
7.874324230895727306e-01
7.876133392946423895e-01
7.878872440217918882e-01
7.880701392549407380e-01
7.885370633383225192e-01
7.887263107708453180e-01
7.891927956624340545e-01
7.891672964754313790e-01
7.896796031762913781e-01
7.899596297931624767e-01
7.899859214988780298e-01
7.903567574625006698e-01
7.904927515425730356e-01
7.909090378981212810e-01
7.911654642690713057e-01
7.915174912039222299e-01
7.919677698877868322e-01
7.920577921025675483e-01
7.922000565985591880e-01
7.924154239579503933e-01
7.930055030390117388e-01
7.931323720923814102e-01
7.932536743506173327e-01
7.939260295081668195e-01
7.940629423337520754e-01
7.944415806108159339e-01
7.945728418612378885e-01
7.949546952236472563e-01
7.954504647894466984e-01
7.951408073757312289e-01
7.955573808953024795e-01
7.959117738083589799e-01
7.961846171803226291e-01
7.965798151130730753e-01
7.966148921180210563e-01
7.971581441863677675e-01
7.973041159531674138e-01
7.974041143370080853e-01
7.976914456887417293e-01
7.980296451868078567e-01
7.982384467746678203e-01
7.982709169545416650e-01
7.987443682827999325e-01
7.990658644254260423e-01
7.993204889830327620e-01
7.995158413026053346e-01
7.998794535408777495e-01
8.000585592026514536e-01
8.005072136388179382e-01
8.006943861414409502e-01
8.007520721312544332e-01
8.013762141670183192e-01
8.014168614704051397e-01
8.016213552463749004e-01
8.019789756832993444e-01
8.020056608407467591e-01
8.023075560012604690e-01
8.024097534298600953e-01
8.028596745503192578e-01
8.031186933107413717e-01
8.032439613488041585e-01
8.036841353959864875e-01
8.039530922363435916e-01
8.040650398270818844e-01
8.044271960193840609e-01
8.044188136622147933e-01
8.048550739908405527e-01
8.051417206947892868e-01
8.054584985178380174e-01
8.056889443263005601e-01
8.059349183030914965e-01
8.059265365505487999e-01
8.060928112865152206e-01
8.065499703485720095e-01
8.067601918399454064e-01
8.069959355921649813e-01
8.070145558121742946e-01
8.075245519039985220e-01
8.079870862156606215e-01
8.081274257232381464e-01
8.082844729341611689e-01
8.083442540307101964e-01
8.087669665668643093e-01
8.091102900994482372e-01
8.093515446170828076e-01
8.094936214546205600e-01
8.097598897648765615e-01
8.101406155393102715e-01
8.102048372577606017e-01
8.105145321579096951e-01
8.107580125979952923e-01
8.109602914084161895e-01
8.113582315904330766e-01
8.115005388832223776e-01
8.116841155746884473e-01
8.118251330534743682e-01
8.121589394701901332e-01
8.121255975657655224e-01
8.124078500630996791e-01
8.126392827013232401e-01
8.130648870882605239e-01
8.131414843291685512e-01
8.137109648016550567e-01
8.137026582050198575e-01
8.138364443663871350e-01
8.140187157211141722e-01
8.143633183713642198e-01
8.147703851408388820e-01
8.149014281976992846e-01
8.150929777762059292e-01
8.155497097266573014e-01
8.156083096806233668e-01
8.158616707567861726e-01
8.159715499510948877e-01
8.163552286523458879e-01
8.165251563195385920e-01
8.167080278263340043e-01
8.167156433186291142e-01
8.170053351205828207e-01
8.172202296692262502e-01
8.175029438712896335e-01
8.179076903828013112e-01
8.179783642987590309e-01
8.182292216226325632e-01
8.182942030726704230e-01
8.187622305234111275e-01
8.190182441215450027e-01
8.191229219188105315e-01
8.195129263629979954e-01
8.196937084302597931e-01
8.196054071265059804e-01
8.199926422925345459e-01
8.204155196721653054e-01
8.203563215864970726e-01
8.206808185977884085e-01
8.208511703911700597e-01
8.209699690779997949e-01
8.210497277613196809e-01
8.216900024560469529e-01
8.216947115963614268e-01
8.220842720343507493e-01
8.221316511509205727e-01
8.224980950774878341e-01
8.225758625985638561e-01
8.227010676151778057e-01
8.229070260746038645e-01
8.232399381434487573e-01
8.234749178435331052e-01
8.237865486361509726e-01
8.239905740941441126e-01
8.242346208975205313e-01
8.242521617993421312e-01
8.245780113335334782e-01
8.249107367775938560e-01
8.248663408138620090e-01
8.251754463895787373e-01
8.252888472861328317e-01
8.256286075533698643e-01
8.259609270028397399e-01
8.263749587304737299e-01
8.263003695879487243e-01
8.267591460585506091e-01
8.268663529550065450e-01
8.268146064585160104e-01
8.271770196758900795e-01
8.274207102993585972e-01
8.275279374945790911e-01
8.278198908882895557e-01
8.279458261316343659e-01
8.283518944372475490e-01
8.284863507604014465e-01
8.284714284941441242e-01
8.288621025448094093e-01
8.290763710722539592e-01
8.293575171343056107e-01
8.294382952489681715e-01
8.297898014125969501e-01
8.298411834443528701e-01
8.300418730634611109e-01
8.303022809870573839e-01
8.304710139596503948e-01
8.307105246888852879e-01
8.308473334233945629e-01
8.311742096792614776e-01
8.313599699156088985e-01
8.315439460264412164e-01
8.315817857188908535e-01
8.319563821785800339e-01
8.323349641610156002e-01
8.322565773021459723e-01
8.325562559804582374e-01
8.329303088609389949e-01
8.329478206977820598e-01
8.331941156831402795e-01
8.334460149748466051e-01
8.334782414809676077e-01
8.337145566363216576e-01
8.340311228588506154e-01
8.341130650727341944e-01
8.342473359869054805e-01
8.346029196250800419e-01
8.347869501266212966e-01
8.348257613827959611e-01
8.352489887364946686e-01
8.352409170648616987e-01
8.355394053791360687e-01
8.356225140259574413e-01
8.359305662250744451e-01
8.361264583314094168e-01
8.362462718211937096e-01
8.364680704988951554e-01
8.368594679967725769e-01
8.367126718786570549e-01
8.369598011047891806e-01
8.372218315366234398e-01
8.375014522775076076e-01
8.376262024857881183e-01
8.377755202784530342e-01
8.379490631500290387e-01
8.383093456329853144e-01
8.384215308488598417e-01
8.386855118583094182e-01
8.389438154231976252e-01
8.390581302340532899e-01
8.393488717781445452e-01
8.394803745833467890e-01
8.394243296970738122e-01
8.398255111730263955e-01
8.399063197089547961e-01
8.403585697356590334e-01
8.404217012523557129e-01
8.406505220106623710e-01
8.409359823187775307e-01
8.409848452224689686e-01
8.411020082462659087e-01
8.414998035435162782e-01
8.414924291124524780e-01
8.417244295600174731e-01
8.419338853579572124e-01
8.420024891781403564e-01
8.422312088433798749e-01
8.425553658558370129e-01
8.427860301788503428e-01
8.428283093818429439e-01
8.431182091886323393e-01
8.431374039506467355e-01
8.434003162571063195e-01
8.437398991942148818e-01
8.437650484942190721e-01
8.439416882688896004e-01
8.442899689520488860e-01
8.444415300904705157e-01
8.445350224710592713e-01
8.447291820137007301e-01
8.448910723629069475e-01
8.450210836087381772e-01
8.453494071476085336e-01
8.454386388482594272e-01
8.455819702829286966e-01
8.456947719428303811e-01
8.461138292866760002e-01
8.461352701699962342e-01
8.463076373145607123e-01
8.466405902357853064e-01
8.467762256196992299e-01
8.468730258717738213e-01
8.466858013614597667e-01
8.473425416037706492e-01
8.473868448337590342e-01
8.476276219460351369e-01
8.477787654391168992e-01
8.478526307762518366e-01
8.480676630189571963e-01
8.480941483910038325e-01
8.484361626023833036e-01
8.486077529593135660e-01
8.488935990416865973e-01
8.491221808906241897e-01
8.493137557565846318e-01
8.495147242720174630e-01
8.495509573805947179e-01
8.495891407797464545e-01
8.498477496240791629e-01
8.498110976919344139e-01
8.502074047423873182e-01
8.503752747898190023e-01
8.506465393244063700e-01
8.508150271204509840e-01
8.510341629893259929e-01
8.510961285865741299e-01
8.513520775091346637e-01
8.516337011778083443e-01
8.516215599343850418e-01
8.517949087836739208e-01
8.519664858770934490e-01
8.523235514697851123e-01
8.524380021996400547e-01
8.525620882373047271e-01
8.527049148279689517e-01
8.529639335892664764e-01
8.530421979180909942e-01
8.533263811765509077e-01
8.533750551332762724e-01
8.535051262861889088e-01
8.536555324474857098e-01
8.539628651211311761e-01
8.541313697574330899e-01
8.542844161539336900e-01
8.545502858465137130e-01
8.546888695564515137e-01
8.548582418774285374e-01
8.548316156713556824e-01
8.550985169860005897e-01
8.552406611878161646e-01
8.555249620896845375e-01
8.556440956474590243e-01
8.555995704570862337e-01
8.560292010601822099e-01
8.560784232787089776e-01
8.563212953778384096e-01
8.565177318259157291e-01
8.565723146691728296e-01
8.567952773660310051e-01
8.567967868831847245e-01
8.572269257660976027e-01
8.574302841526584285e-01
8.574444772722423780e-01
8.576088752862921494e-01
8.577321741900860719e-01
8.581640960826981690e-01
8.581156461262338109e-01
8.583213441961082824e-01
8.583839621540864107e-01
8.586720163616923251e-01
8.587263822607315022e-01
8.589991781760047962e-01
8.592541262458116558e-01
8.593107858162124524e-01
8.595518140643938487e-01
8.595559139888474531e-01
8.599423740111313830e-01
8.600676208517660237e-01
8.601586987925808891e-01
8.605700163102427691e-01
8.604833688021339411e-01
8.607947247962494108e-01
8.607920817165738425e-01
8.610423285977839569e-01
8.611596002729092758e-01
8.613865300143400683e-01
8.615192291521254209e-01
8.614404615716213520e-01
8.619921252009770107e-01
8.619040717186113865e-01
8.621986523945447400e-01
