7.861585046806854327e-03
7.565184020672358761e-03
7.355304053878176235e-03
7.471186220880407167e-03
7.626401677472336577e-03
7.636888652832117021e-03
7.484407529133790815e-03
7.325077977216363535e-03
7.216841772491053644e-03
7.020657132692330674e-03
6.895544716639616552e-03
6.106472146116854668e-03
6.418278360312776494e-03
8.073049313664225346e-03
8.958461630626496364e-03
1.113534799091827655e-02
1.312560703647755803e-02
1.187207837967962400e-02
1.120438033598532973e-02
1.151571944098800197e-02
1.146309177982447053e-02
1.216656507831072320e-02
1.442396219043797639e-02
1.783186734079117083e-02
1.705757940630150613e-02
2.042777519479659423e-02
2.483184016165072491e-02
2.490573796943524459e-02
2.785618560213126357e-02
2.737099270407729323e-02
2.738701392174782562e-02
2.665721838971975982e-02
2.882256036595779586e-02
3.023973937194538580e-02
3.607785818774458114e-02
3.949962580658251260e-02
4.240696142568136512e-02
4.590838933481426742e-02
4.710921931545856978e-02
4.677747184324821533e-02
4.913649333594059115e-02
5.002377128841408588e-02
5.129230793578889308e-02
5.312922003971253665e-02
5.495185909860217377e-02
5.814886743454972945e-02
6.067790247037858908e-02
6.393463489148044909e-02
6.693401538718013466e-02
6.989249894119189954e-02
7.078169222154975793e-02
7.259929615514416901e-02
7.555263564136431576e-02
7.573001101109674837e-02
7.760882986297935882e-02
8.232064841650306442e-02
8.585269441305966309e-02
8.910736941975222480e-02
9.119294209511510929e-02
9.168773918182322735e-02
9.432384010898957338e-02
9.599822289730712555e-02
9.965612152793090761e-02
1.009430404238450263e-01
1.031994160512474112e-01
1.072903493284621812e-01
1.082597200699670914e-01
1.093532769374077895e-01
1.123081917448875977e-01
1.146616707817490338e-01
1.167747533977564339e-01
1.210997334627266081e-01
1.229183261048278769e-01
1.238909742764373878e-01
1.281931839059860800e-01
1.299037149788623280e-01
1.325618025705267156e-01
1.340740720055358104e-01
1.353448012971880943e-01
1.384220482787432427e-01
1.415531326198274931e-01
1.441353492753688625e-01
1.470867889135002438e-01
1.503368362455418661e-01
1.517091331612659411e-01
1.538106747373579608e-01
1.565436409962577824e-01
1.588496785256754140e-01
1.615315312375536771e-01
1.631633191608637956e-01
1.652766395610695549e-01
1.685630818223443350e-01
1.712133646816927923e-01
1.725790141431775282e-01
1.748208039118909762e-01
1.778639057572679039e-01
1.791910586827065999e-01
1.825897476511510187e-01
1.843205278436853001e-01
1.871637829255035634e-01
1.892787286746259734e-01
1.918920871239567782e-01
1.933436527892446188e-01
1.969505258369409484e-01
1.987452899569150111e-01
1.991953277310456738e-01
2.025983876805513839e-01
2.044954739723930381e-01
2.071013391034511042e-01
2.089659042013619350e-01
2.111175197955089122e-01
2.131390884844499289e-01
2.152421633322161576e-01
2.179524720592521114e-01
2.209035879480593101e-01
2.220690333179337339e-01
2.244146681261728338e-01
2.276151551746999901e-01
2.297920453852618783e-01
2.312883785235296807e-01
2.332789918109750005e-01
2.350295436522283343e-01
2.370630179739003363e-01
2.388195176981902645e-01
2.417583480142506958e-01
2.444761792855241200e-01
2.462950692307208922e-01
2.477251026645335141e-01
2.502742853539420831e-01
2.528176158781816896e-01
2.542826338412523812e-01
2.563452543658417127e-01
2.587100078713028273e-01
2.604331550827809205e-01
2.619737790009765144e-01
2.643560857593718616e-01
2.672597751541888611e-01
2.690125360502038099e-01
2.707509593863631769e-01
2.726604872140008795e-01
2.749393360923205742e-01
2.766744978209891292e-01
2.787873531114536951e-01
2.812410360096871398e-01
2.830662886645826104e-01
2.854354455336662877e-01
2.868092883527424974e-01
2.886397457549537138e-01
2.910155458046296273e-01
2.931139062167795184e-01
2.939858612064593646e-01
2.959761373515681360e-01
2.982329967629530620e-01
3.002744946847226148e-01
3.020941884789739018e-01
3.041714841318150508e-01
3.051859145179821597e-01
3.073386634806799522e-01
3.106995764468757915e-01
3.119866250005018382e-01
3.141314933580175994e-01
3.155972303024494052e-01
3.171645616685876412e-01
3.188639687200607864e-01
3.206394091612855823e-01
3.233156544762197382e-01
3.252216236524921311e-01
3.267481230939323078e-01
3.280040506968073810e-01
3.302126963581278329e-01
3.324426263311077712e-01
3.346027509409216227e-01
3.364969020736351402e-01
3.381204024431474497e-01
3.397100895656751662e-01
3.414722107595009049e-01
3.431568251274540460e-01
3.446301156153300238e-01
3.461750119738905562e-01
3.479470736455690383e-01
3.489938382029988961e-01
3.507984044678600366e-01
3.535478111581960570e-01
3.549883194929694397e-01
3.563933965549195282e-01
3.580313510691034429e-01
3.600638433742844313e-01
3.616149717387529550e-01
3.636574369442140409e-01
3.645416210873932417e-01
3.667921050099143820e-01
3.682638585296716394e-01
3.700328011676624063e-01
3.719545460125005532e-01
3.731985407843601554e-01
3.751458294764929424e-01
3.764849618561432187e-01
3.780789079909863681e-01
3.802437578011588770e-01
3.815798024955682766e-01
3.832437005040026934e-01
3.843345148192813254e-01
3.859064535389550299e-01
3.877003375446675393e-01
3.891097686028716640e-01
3.906591831399171544e-01
3.931045776187274687e-01
3.941455914332961386e-01
3.954547819953528887e-01
3.970732212505427849e-01
3.985999992355905297e-01
3.997419466300653479e-01
4.013951161447962823e-01
4.033673188971982349e-01
4.044678024476774381e-01
4.060589990150096917e-01
4.077104906084197400e-01
4.093327241644065806e-01
4.107723202081479119e-01
4.121477169131341767e-01
4.137127260612609159e-01
4.152713050097387448e-01
4.162574479280177764e-01
4.178170307055484867e-01
4.201974679885511765e-01
4.206949275078543660e-01
4.228490131901984639e-01
4.238788264794465799e-01
4.256349117462754350e-01
4.270712606913168452e-01
4.277191407892520503e-01
4.293581088082922825e-01
4.306724631439109441e-01
4.327356504580625041e-01
4.340652047260114554e-01
4.345465068861866231e-01
4.361236328053253453e-01
4.379094995156542214e-01
4.394546065261673573e-01
4.410887522672435335e-01
4.417909116002889380e-01
4.432258529282380732e-01
4.445831871179132255e-01
4.460161476095708122e-01
4.473163846517145825e-01
4.486014796074130340e-01
4.501866028256766850e-01
4.513422819455488733e-01
4.527595481617561757e-01
4.541655218617118850e-01
4.551487120400167230e-01
4.564781538920822390e-01
4.576782960140717282e-01
4.591744670670334649e-01
4.605213955006292603e-01
4.619215841186273264e-01
4.632301265099556531e-01
4.646411521709922221e-01
4.652917778845685470e-01
4.664998896668551831e-01
4.681172260889865377e-01
4.692364031370347965e-01
4.708184032566588573e-01
4.719760961450883419e-01
4.727689821811521531e-01
4.739661296668827295e-01
4.753037351910702202e-01
4.768348394482453956e-01
4.778196873948616918e-01
4.788346187907450702e-01
4.806061788384639044e-01
4.817234121869155006e-01
4.830374474238559035e-01
4.840161925506661911e-01
4.844627526627813818e-01
4.864884599238374352e-01
4.877083288150910190e-01
4.887298828518706340e-01
4.901519323005136819e-01
4.910259588093942029e-01
4.920469392935731268e-01
4.934355508560232528e-01
4.954628233356772604e-01
4.953264365285934834e-01
4.967084516473450062e-01
4.978770487074381523e-01
4.989835398588264304e-01
5.003414041743110552e-01
5.016311843279637195e-01
5.026612299759928293e-01
5.033262877219953912e-01
5.047167753631146558e-01
5.058762613216296611e-01
5.071386859918781687e-01
5.079367129939923453e-01
5.094202177625004602e-01
5.102932915228948207e-01
5.119189494659878159e-01
5.124510134937563244e-01
5.134820069271281984e-01
5.150387828225690967e-01
5.161151361196639753e-01
5.170613336006283367e-01
5.181165787456737393e-01
5.190717047895612168e-01
5.200109652707559649e-01
5.211113662919273359e-01
5.215740263053705306e-01
5.228956597704876863e-01
5.239823452805296711e-01
5.250518436098298158e-01
5.261708796325126336e-01
5.272031604701392649e-01
5.284502647832785005e-01
5.289288565304222089e-01
5.302469740903448248e-01
5.315472599194760450e-01
5.323418666463757276e-01
5.335813227038518347e-01
5.345167738404910107e-01
5.352524229036921266e-01
5.366058523781743750e-01
5.375911158100461495e-01
5.385929623198546512e-01
5.395911633235294103e-01
5.403110746768793327e-01
5.417430936048925894e-01
5.425169519268067120e-01
5.434084841824585732e-01
5.444058351944187635e-01
5.455172532195760038e-01
5.462056306076343848e-01
5.472097983789817599e-01
5.481168514334657793e-01
5.492988510544836167e-01
5.499404486836581007e-01
5.510062316800837801e-01
5.520373296351002157e-01
5.530342073197789254e-01
5.537467633965776903e-01
5.549772393855778585e-01
5.560647941716755360e-01
5.566935027422704740e-01
5.573991804021374286e-01
5.583502178760373358e-01
5.595477846881685702e-01
5.602317869378797832e-01
5.616925593876426204e-01
5.621699346744358783e-01
5.632900622826405579e-01
5.641473409067776501e-01
5.647356207291234220e-01
5.653639422059639763e-01
5.664706892639596036e-01
5.673548499360364650e-01
5.680023398628185616e-01
5.691192691033557516e-01
5.699627466234089557e-01
5.709458461731835577e-01
5.715255510613661549e-01
5.723287891454875709e-01
5.732631123707117027e-01
5.742401796017806426e-01
5.751511002873546108e-01
5.762315719958944760e-01
5.768306137665927258e-01
5.777215908573345438e-01
5.784413343297277743e-01
5.793313905672303754e-01
5.798856778162093661e-01
5.811960918618221950e-01
5.819072890588076197e-01
5.827972678814596907e-01
5.832742365448361221e-01
5.840251854331373060e-01
5.849488735375392157e-01
5.855292663399106479e-01
5.864483760261083312e-01
5.874538351374802847e-01
5.880393407552363394e-01
5.888108839098865621e-01
5.898674040739260160e-01
5.906166005975536093e-01
5.912140411297377440e-01
5.918319551910883325e-01
5.927892220987709404e-01
5.934582668942531836e-01
5.944852721191896672e-01
5.950838424551402328e-01
5.961410832702367379e-01
5.970096510844138393e-01
5.978590052076825367e-01
5.982684761160623754e-01
5.991035956141382846e-01
5.999645356159896137e-01
6.002701171710181915e-01
6.015158011544254890e-01
6.022585907776788483e-01
6.030339027664703977e-01
6.034317219600972004e-01
6.044541631366350254e-01
6.050083061393225492e-01
6.056063248047621750e-01
6.066817734721717814e-01
6.072853798055348751e-01
6.081215820896804791e-01
6.087646951025715847e-01
6.095035265319518336e-01
6.100729461866830627e-01
6.108501256188318962e-01
6.117228956701826759e-01
6.121250212756813580e-01
6.129671097012328040e-01
6.138825023420860783e-01
6.140882359607204855e-01
6.148540760063165855e-01
6.157719665040846113e-01
6.163944153058915632e-01
6.170835100012460606e-01
6.178650557746615535e-01
6.187283473267108924e-01
6.195344818556831612e-01
6.199608194307376641e-01
6.206998169029404044e-01
6.214044761376070758e-01
6.221607115640838126e-01
6.225727102990765705e-01
6.232362132447908376e-01
6.241843575747554329e-01
6.247036150789564424e-01
6.254053654587039546e-01
6.259465758052619178e-01
6.265484438032931092e-01
6.272625769539795781e-01
6.281432432440817726e-01
6.288485014185838384e-01
6.293733948933243338e-01
6.303845817659713413e-01
6.307218511488779100e-01
6.314420226993000540e-01
6.319978532705647911e-01
6.325876621507396935e-01
6.331968405104979603e-01
6.336280382724172044e-01
6.343979284817040654e-01
6.350601153239376906e-01
6.361825874012692061e-01
6.363534696643114996e-01
6.369164806711026250e-01
6.375370709177109463e-01
6.382376763187221913e-01
6.389472522960771839e-01
6.394803185919587518e-01
6.401129047677336370e-01
6.409724043983505704e-01
6.414457790668051107e-01
6.418747060237214308e-01
6.425526494364334207e-01
6.432384678132345712e-01
6.437321759931784459e-01
6.446721710117696569e-01
6.450876554838090859e-01
6.456020734582605947e-01
6.462266239770915188e-01
6.469697552184165978e-01
6.471231073129601885e-01
6.476326071439550969e-01
6.484676421629707033e-01
6.487735346889551558e-01
6.497253619135537894e-01
6.506302865276122338e-01
6.509350485046354606e-01
6.512300654765438290e-01
6.521718557507761860e-01
6.528048230459964074e-01
6.533005719004100209e-01
6.537902214205156826e-01
6.546114263649882581e-01
6.551494568224579540e-01
6.557373621762043747e-01
6.562539971900921421e-01
6.564615527530039962e-01
6.574296346575364547e-01
6.579334154360100273e-01
6.583123782305196903e-01
6.589928627257600757e-01
6.595411296466262563e-01
6.602659444334868510e-01
6.603667498806715663e-01
6.610015521688424878e-01
6.618035379131241847e-01
6.624293060876726980e-01
6.627299885107812427e-01
6.634741778554215097e-01
6.637814780604367471e-01
6.643808814121398010e-01
6.649823677862811699e-01
6.654775816933011789e-01
6.660725591881212493e-01
6.663295535362752098e-01
6.669748420991383764e-01
6.675871667821912103e-01
6.682775092840327336e-01
6.689036395399425849e-01
6.694656027644956264e-01
6.697882150320961792e-01
6.702265203463190213e-01
6.708225084394515703e-01
6.714086244005040838e-01
6.721494231639338901e-01
6.724390374631261658e-01
6.729688864042467911e-01
6.733817119977517640e-01
6.741127116848351086e-01
6.748076317342084351e-01
6.750380984138086848e-01
6.753894198373835422e-01
6.761845841990106187e-01
6.763588380687214352e-01
6.771312914074314460e-01
6.775588722444929601e-01
6.781427186467277046e-01
6.786136250212198018e-01
6.789194409537188113e-01
6.795901796270320538e-01
6.802567133337034111e-01
6.804504852754095223e-01
6.809934046592860390e-01
6.815162284618873079e-01
6.823618331720670005e-01
6.828896152851894330e-01
6.830810717258932740e-01
6.838444791620400531e-01
6.841848798966206902e-01
6.844459983074915321e-01
6.850735607736992971e-01
6.856148539781563578e-01
6.859194030389305086e-01
6.861857065701658653e-01
6.871205351924217775e-01
6.877343169346630258e-01
6.880756024715394270e-01
6.882253811651363185e-01
6.891136656945155980e-01
6.891687897135834184e-01
6.898029571958969042e-01
6.902570444266192817e-01
6.907809159791959974e-01
6.912082135570568608e-01
6.918212423821252788e-01
6.921325879178138463e-01
6.926559332478288145e-01
6.931074537410478742e-01
6.933956939875258740e-01
6.940083864595203433e-01
6.944178955699337186e-01
6.951379331337510514e-01
6.952785895609596700e-01
6.959822266387380996e-01
6.964344650597645847e-01
6.967518552833713574e-01
6.974126370727353752e-01
6.975598255063896191e-01
6.982343519602938198e-01
6.988536671039179415e-01
6.989915468917363706e-01
6.994962836315954391e-01
6.998938624526842567e-01
7.003708406042483681e-01
7.009964296191759647e-01
7.013075409160667295e-01
7.017445649062420410e-01
7.022956247911821270e-01
7.026026180381882424e-01
7.032638139754890938e-01
7.034062982704617495e-01
7.040206244944033909e-01
7.045182116262012073e-01
7.048748344950389599e-01
7.053577703928035625e-01
7.058341675636421453e-01
7.062527716291033819e-01
7.064805178277999698e-01
7.073129331491925242e-01
7.074852443214320052e-01
7.081484356513262357e-01
7.083329866076403247e-01
7.087591514610745991e-01
7.092495444052741016e-01
7.094640255669724116e-01
7.101232594418245281e-01
7.104647349456704175e-01
7.108032097703466112e-01
7.113195032372818805e-01
7.119907781971684946e-01
7.120679858370906334e-01
7.126664401993358933e-01
7.128211157764795525e-01
7.134872407587993237e-01
7.138399025572003120e-01
7.144340579976089511e-01
7.147262821688239454e-01
7.150652250315192582e-01
7.157151440195262948e-01
7.158831099431550715e-01
7.166278072590174242e-01
7.166198001277573892e-01
7.170835609374718311e-01
7.174536685847411333e-01
7.179751024036167273e-01
7.183367978981679558e-01
7.186136724403143772e-01
7.192757387161907712e-01
7.197352726855800187e-01
7.197709462214189058e-01
7.204075450988861595e-01
7.207782659436697825e-01
7.210945487923819952e-01
7.215326974961893125e-01
7.221890130467493174e-01
7.222730771127838789e-01
7.227418542180288341e-01
7.230814051122647079e-01
7.236962088453813280e-01
7.240900557015080841e-01
7.241528630068926331e-01
7.243926942961200766e-01
7.252241119820069803e-01
7.254571448738768025e-01
7.257225819879813411e-01
7.262441478173923270e-01
7.266756258435108640e-01
7.271431275659253624e-01
7.275172946603620794e-01
7.277808382131866205e-01
7.283179881476994355e-01
7.285507771075185879e-01
7.288437839052771539e-01
7.292506375452790790e-01
7.295782574546700872e-01
7.301351811852646589e-01
7.305287158483172449e-01
7.310248373179731862e-01
7.309522972769413318e-01
7.316243623338888336e-01
7.320885760724341607e-01
7.324002445017141483e-01
7.328818234464103964e-01
7.328905544644378489e-01
7.335861869245603462e-01
7.339846287024434091e-01
7.342535205439644219e-01
7.346386974017033999e-01
7.348977582230188377e-01
7.351206619066783521e-01
7.355598084019016047e-01
7.361559842461768977e-01
7.363657930069942292e-01
7.369886666925258289e-01
7.371312440092219198e-01
7.374076061421436235e-01
7.377559718589142834e-01
7.381036220245077439e-01
7.386228694216981916e-01
7.389688652323185281e-01
7.391904410307569284e-01
7.396935146842742448e-01
7.402725328116485093e-01
7.405675143766320412e-01
7.407269156188404091e-01
7.411856635520059911e-01
7.415670059600221187e-01
7.419241724419852746e-01
7.423158322400107423e-01
7.425502811752545673e-01
7.429041632615651647e-01
7.432141860645244957e-01
7.435027542266552381e-01
7.440722725269053317e-01
7.443443240157980867e-01
7.445643737396655526e-01
7.451362192870639722e-01
7.453256393094052079e-01
7.458471573245002428e-01
7.459251724907924874e-01
7.462014321162517838e-01
7.467443607230213054e-01
7.471108382624315203e-01
7.472227687502029925e-01
7.478704462908700723e-01
7.481304060367329756e-01
7.482974579580549124e-01
7.488360784269164627e-01
7.491625602144289520e-01
7.492288651539723565e-01
7.498536456346128753e-01
7.503052175078075425e-01
7.503025450600628865e-01
7.507439425314111903e-01
7.511409301327719445e-01
7.514166249313934953e-01
7.517809971124762569e-01
7.520858023342655851e-01
7.522417775787428873e-01
7.524934675702028564e-01
7.529361830656269294e-01
7.535322271108504388e-01
7.536703057227136515e-01
7.540058353533247715e-01
7.543675434868158947e-01
7.545947172775909761e-01
7.550640017417041827e-01
7.551825922594589402e-01
7.555649139363579403e-01
7.558361091091992945e-01
7.562396327555813702e-01
7.566366263960854210e-01
7.569674854443690926e-01
7.573308970102935467e-01
7.575952534922641979e-01
7.580336662112919788e-01
7.580692296392966822e-01
7.585679129168965140e-01
7.586922995899226807e-01
7.590759227311508761e-01
7.594103454421821109e-01
7.597220379067728402e-01
7.601211342492700807e-01
7.603360843186740547e-01
7.604923208059085615e-01
7.608627830749138399e-01
7.610988587837900221e-01
7.617542858311112663e-01
7.619924342045397703e-01
7.623722421731380372e-01
7.625808704553850292e-01
7.628129462793284965e-01
7.632727446661046189e-01
7.635420834283996872e-01
7.637367857817645156e-01
7.639505712296424944e-01
7.642838484952292344e-01
7.645154419553370495e-01
7.647905266883237019e-01
7.651167222725422379e-01
7.655086263174706307e-01
7.657974793687705173e-01
7.660672835822319726e-01
7.663951284862038360e-01
7.664125984800810309e-01
7.670137844956195217e-01
7.672515421236819622e-01
7.676033622581662774e-01
7.680157239672833480e-01
7.682661310852780812e-01
7.686205690873125773e-01
7.689623023626727116e-01
7.692693753169794757e-01
7.693398677352307757e-01
7.697259874458830531e-01
7.698035688386600794e-01
7.702330533337286012e-01
7.705068484022460362e-01
7.707919448079019187e-01
7.712910291213381786e-01
7.713542220105723546e-01
7.717569012798241035e-01
7.720809376812283187e-01
7.723852295386069988e-01
7.725268933718142383e-01
7.728193686115806260e-01
7.730970226440848636e-01
7.735339498197911778e-01
7.736420429868913207e-01
7.740050139400621587e-01
7.742419398298784339e-01
7.747530840246135142e-01
7.750212916935242946e-01
7.750135050782082091e-01
7.753732755723709014e-01
7.756828646961776430e-01
7.761792924482309175e-01
7.759722226412555379e-01
7.765594375492920198e-01
7.769526940306269447e-01
7.771603792230602492e-01
7.773075851169317652e-01
7.775566090169756528e-01
7.777486445301816653e-01
7.781633519545448907e-01
7.783398077342716936e-01
7.786630359150096270e-01
7.789453721602664915e-01
7.791629386142967517e-01
7.795298926776642601e-01
7.796736770575585229e-01
7.798374010156919889e-01
7.802659753221873329e-01
7.804729635873032256e-01
7.807969750893041239e-01
7.811486815487104218e-01
7.813781153925171141e-01
7.815739766203273486e-01
7.819871749904243607e-01
7.821200788312708818e-01
7.824891978523156322e-01
7.827056481741793137e-01
7.827817280892900298e-01
7.830993710948495057e-01
7.835327192343812808e-01
7.836647146965285415e-01
7.839468371589869422e-01
7.843290482529919894e-01
7.845051288513701371e-01
7.847736322485689975e-01
7.850010025663902713e-01
7.852720551467410326e-01
7.854243493171431112e-01
7.857422496625303676e-01
7.862139621152249847e-01
7.861199676932164593e-01
7.865981132523783836e-01
7.868060555211130458e-01
7.871043329050714243e-01
7.871779184737573987e-01
7.875675520586417067e-01
7.875985485502519090e-01
7.881873185127319381e-01
7.885642767603410208e-01
7.884247748868051797e-01
7.887235081047521135e-01
7.888506813041930021e-01
7.893216723999827433e-01
7.895650922365288205e-01
7.896841408313577393e-01
7.900802026117825783e-01
7.903610571138667273e-01
7.906267476163307828e-01
7.908485403266024560e-01
7.909696622875449501e-01
7.912176789880850380e-01
7.912750106047323762e-01
7.915317818125039429e-01
7.918454505048353465e-01
7.921288659101560770e-01
7.924286115326169000e-01
7.927361847334002398e-01
7.931164513668393923e-01
7.931434034221177543e-01
7.935030760257653082e-01
7.935800016078025099e-01
7.939586693674001161e-01
7.942478918781114006e-01
7.943714528790863927e-01
7.946334288222242082e-01
7.948990731038192425e-01
7.952792292279068365e-01
7.953709239879639403e-01
7.956892757162574714e-01
7.959760778448452534e-01
7.962574778936667430e-01
7.965044554742271021e-01
7.964914257183839386e-01
7.966427431800698900e-01
7.968369898789586792e-01
7.972193381665302336e-01
7.974758287838982218e-01
7.977057885266306547e-01
7.980274560418166852e-01
7.983558408338958801e-01
7.983298506872680278e-01
7.983941565218927172e-01
7.988509794323782609e-01
7.991579991720797471e-01
7.993489648504242817e-01
7.995205603358799262e-01
7.998338437077658902e-01
7.998464689126666416e-01
8.002344581502875975e-01
8.004549266283517150e-01
8.004316969973068741e-01
8.012109254613286602e-01
8.011037442985842194e-01
8.014485465657722463e-01
8.016598722264717258e-01
8.017426908662916851e-01
8.020227778149188191e-01
8.023755824382466928e-01
8.024406654897791036e-01
8.026810851480966624e-01
8.031990534570252471e-01
8.031455020348627905e-01
8.034597814421481354e-01
8.037266788352116498e-01
8.038628835010063201e-01
8.040224810785037146e-01
8.041639176044411697e-01
8.045842962202257587e-01
8.047425559194461009e-01
8.049664483629704881e-01
8.052403146927034072e-01
8.053608551780045977e-01
8.055145600184036025e-01
8.057461591297994108e-01
8.059792053636626319e-01
8.063402178516050345e-01
8.065806312079435436e-01
8.065539413752276232e-01
8.069613990484201249e-01
8.070607002531837715e-01
8.072739175894657615e-01
8.075226644836959178e-01
8.075808114801432680e-01
8.079692629571501028e-01
8.079586665659657108e-01
8.084593968777692430e-01
8.085098796375949082e-01
8.087144918047354247e-01
8.089249290401800963e-01
8.090882582449971938e-01
8.093728535408657443e-01
8.094291948402569936e-01
8.099428351308894936e-01
8.101812201145923709e-01
8.103242187594410506e-01
8.105636179681617870e-01
8.106739026331957199e-01
8.107234160622514008e-01
8.108443742528318454e-01
8.112218649991794761e-01
8.114032373069387516e-01
8.115648591490480790e-01
8.120151277502416498e-01
8.122227543191377075e-01
8.122895717175372399e-01
8.127412526385155989e-01
8.127603715113319582e-01
8.128816789973083434e-01
8.128906445749582987e-01
8.132347320528805490e-01
8.136019067423043705e-01
8.136477176610044104e-01
8.138439448118239827e-01
8.140090011935847691e-01
8.146292449866888719e-01
8.147136159712790038e-01
8.147747967354004306e-01
8.147842539935337136e-01
8.150259075910440965e-01
8.152276244801468508e-01
8.155113399589596357e-01
8.157554685105126158e-01
8.158785803900066025e-01
8.161684799556740977e-01
8.162284115557034703e-01
8.165412082036763719e-01
8.166223003422287130e-01
8.169779755418481448e-01
8.169636435405195352e-01
8.174939202375927083e-01
8.174244670528324486e-01
8.177483356809444048e-01
8.177706679456276939e-01
8.180779005674477800e-01
8.182523781557168308e-01
8.185115757828076433e-01
8.188721567075637475e-01
8.189795066891559783e-01
8.189344238945190924e-01
8.190629233003713372e-01
8.194445106226195819e-01
8.196635251630347563e-01
8.198624609129795404e-01
8.200006611268758627e-01
8.201873807886186363e-01
8.201295429083459432e-01
8.205909925498444668e-01
8.207412226480635953e-01
8.208214435387302110e-01
8.211898242244969337e-01
8.215074352785535217e-01
8.215253499295860351e-01
8.217721283634997764e-01
8.217894049137772772e-01
8.219846143285001183e-01
8.223026567913076512e-01
8.224835573775525210e-01
8.224686447543858581e-01
8.229263916542773893e-01
8.231863950425908349e-01
8.230676433699741779e-01
8.234603342406892068e-01
8.236276428299654784e-01
8.236705402812948273e-01
8.240871385872117205e-01
8.240308938319940157e-01
8.242680222766687326e-01
8.243946705985220058e-01
8.247001515714786901e-01
8.248886407319563352e-01
8.249980840351491818e-01
8.252645990848880286e-01
8.253818604471367948e-01
8.256175063707398287e-01
8.257140952675527945e-01
8.261069440811488196e-01
8.261995921430619338e-01
8.263485665635785793e-01
8.265470740063319832e-01
8.267768823892724939e-01
8.269535926784632451e-01
8.270597999659909938e-01
8.273403153787964870e-01
8.275711412053331495e-01
8.277460723600718051e-01
8.278367940317863383e-01
8.279325625307437653e-01
8.283637335181545103e-01
8.284522684058198694e-01
8.285625938037705085e-01
8.286818126252719630e-01
8.288594312139988540e-01
8.290213376029883507e-01
8.291281867326205646e-01
