9.741283140549754013e-03
9.386105818575265353e-03
9.124859301541742018e-03
9.155218667415695316e-03
9.201538096916676499e-03
9.155992864396205605e-03
8.925451207053548830e-03
8.715125777678476085e-03
8.621352666196107489e-03
8.401269313378749437e-03
8.275267050946723615e-03
7.310861070682509420e-03
7.657323435682070016e-03
9.612573222986831381e-03
1.063316141541177130e-02
1.319830771305097704e-02
1.555485820678909926e-02
1.411441850256763865e-02
1.332515048925193846e-02
1.368243200248444452e-02
1.365197459952139855e-02
1.440728275629485876e-02
1.711632144877531583e-02
2.095918957815781636e-02
2.015385818802012743e-02
2.407681779120191684e-02
2.911062130472079346e-02
2.937905343947885481e-02
3.273936862709923845e-02
3.206442980111796903e-02
3.217478919374124058e-02
3.160398399076265463e-02
3.407292722731141560e-02
3.552567436905827714e-02
4.197985860998266344e-02
4.599204771217567378e-02
4.950771647352580906e-02
5.337749969531706273e-02
5.467065946125253262e-02
5.446964613550638046e-02
5.708894667656782412e-02
5.818056301067078134e-02
5.969885559985902562e-02
6.187023173037613233e-02
6.408444140048506765e-02
6.774939103787774863e-02
7.067274533328869734e-02
7.422339132643704374e-02
7.732062944487974598e-02
8.084500541847307320e-02
8.199429861891495419e-02
8.380183785929774809e-02
8.702714467259035913e-02
8.729003373296359558e-02
8.969591714904188995e-02
9.493157949572987586e-02
9.878639080212298085e-02
1.022244840801335986e-01
1.046580220467267369e-01
1.054946848979640139e-01
1.084736067348785749e-01
1.103554565632021006e-01
1.146866134247598312e-01
1.155777466899026440e-01
1.187048620400119742e-01
1.229218093304079440e-01
1.237308847995335498e-01
1.255654636782623512e-01
1.287843601736093635e-01
1.311687050894688455e-01
1.332584818288247153e-01
1.379711049070596884e-01
1.402384275311069628e-01
1.412167184535254860e-01
1.459455741532156847e-01
1.479589266895707800e-01
1.508711368135962350e-01
1.524162516822294144e-01
1.541384733595534129e-01
1.571564256347553479e-01
1.605002243047637389e-01
1.632323676298919335e-01
1.663398292383715116e-01
1.697790752742759646e-01
1.717527869267967966e-01
1.744935986436075837e-01
1.772075560127237270e-01
1.795366576284637972e-01
1.822491266396777110e-01
1.843983986712530720e-01
1.869198914665175237e-01
1.903109336747149660e-01
1.933310653203913210e-01
1.947238995461683664e-01
1.971570127323210020e-01
2.000619488187081185e-01
2.015227444229499287e-01
2.049993956050709387e-01
2.072855060022581186e-01
2.104510839405948630e-01
2.133291786884904118e-01
2.153894650884189133e-01
2.172326538678365782e-01
2.208617482252508424e-01
2.231487828113245531e-01
2.238596849220795548e-01
2.268167181101013730e-01
2.295857908149250282e-01
2.322084476744989412e-01
2.344965168352894369e-01
2.363830823351175392e-01
2.385682467946198537e-01
2.409193981754831626e-01
2.436403450879339183e-01
2.468464890283828816e-01
2.484168025719084016e-01
2.510045909033246092e-01
2.539317086792670652e-01
2.561615538827018423e-01
2.581064711636983366e-01
2.601538807474854109e-01
2.621117012497714560e-01
2.646676570380064875e-01
2.664309776469486191e-01
2.691488313886331585e-01
2.718090135314115141e-01
2.739394091027721467e-01
2.756393628249478867e-01
2.783444520584593684e-01
2.809539399894444012e-01
2.828707624311559421e-01
2.849445865283764534e-01
2.870771509694108881e-01
2.892428461364109915e-01
2.910617068054809908e-01
2.930939129183445790e-01
2.959008870599211249e-01
2.980403338550879355e-01
2.997537096145617697e-01
3.020930123161904013e-01
3.043325846844795457e-01
3.061906713110000844e-01
3.084162607493708408e-01
3.109608610277928009e-01
3.127486316318980886e-01
3.154735355912615113e-01
3.168990027066030390e-01
3.185021331894714036e-01
3.208654451635622462e-01
3.231116952652112184e-01
3.241741072312994132e-01
3.264635285293162603e-01
3.288669526188555126e-01
3.312710649751409164e-01
3.327268105080841698e-01
3.347751209639079906e-01
3.361355287585829910e-01
3.382737616102121092e-01
3.414945157622010785e-01
3.430236779886524645e-01
3.451423932824708163e-01
3.467175224881400841e-01
3.481757210405361791e-01
3.499724991554482023e-01
3.515088498242845971e-01
3.541706529795933811e-01
3.567071993302733390e-01
3.583253001689613582e-01
3.598091750278146761e-01
3.619534001379643429e-01
3.640502464789593384e-01
3.659384189599746429e-01
3.681208290151614104e-01
3.696384805958131681e-01
3.716043133741188109e-01
3.734307250784677512e-01
3.752555226699121338e-01
3.770056399724752150e-01
3.786425099924536353e-01
3.805483819374967380e-01
3.816725173742772648e-01
3.833269395773708510e-01
3.857663963308334831e-01
3.872310623307529398e-01
3.888785490944235979e-01
3.905556639889044002e-01
3.924537286465991093e-01
3.940680937325958255e-01
3.961074454033390868e-01
3.971382334780805268e-01
3.993642472252592057e-01
4.012891113110903518e-01
4.024555310400072528e-01
4.044051580630578790e-01
4.060678266312670037e-01
4.075400969126098394e-01
4.094870857347390758e-01
4.107190405520868559e-01
4.130667842435962189e-01
4.141260652341939297e-01
4.161276238993129595e-01
4.176276853904732911e-01
4.187995294377720445e-01
4.206966871204996239e-01
4.222606614801690528e-01
4.238130292851928771e-01
4.260398783073388040e-01
4.276470443673643929e-01
4.286055564867974899e-01
4.297567761718638635e-01
4.318114305770698325e-01
4.329591740484161067e-01
4.346846984745397213e-01
4.361520187539750237e-01
4.379533176982428055e-01
4.395448808988363099e-01
4.408867764335716033e-01
4.426262213603377460e-01
4.441461204093735682e-01
4.451685766864795224e-01
4.467639503346061414e-01
4.485571153532177946e-01
4.492896247952909983e-01
4.509456275714786022e-01
4.525801118180850513e-01
4.537767005882908933e-01
4.554614952157528540e-01
4.569959874274138190e-01
4.587312114898142723e-01
4.603295978027210911e-01
4.611343440671666349e-01
4.624248792737566394e-01
4.639599109171254621e-01
4.653973035736081454e-01
4.669935945710777525e-01
4.680778456046748026e-01
4.694979564612161704e-01
4.708234569032300754e-01
4.725226365729394695e-01
4.740075028571337779e-01
4.742870574226706326e-01
4.766399581604485181e-01
4.777677715412349535e-01
4.783964369499888458e-01
4.800292306246919383e-01
4.813615877718951941e-01
4.828080154891382092e-01
4.843133514746319479e-01
4.854150123825642926e-01
4.869707644605101859e-01
4.881740640435009992e-01
4.893858624090381415e-01
4.904648708557068360e-01
4.915715538548187657e-01
4.929037502349937205e-01
4.945388668522807118e-01
4.955652844876902163e-01
4.973533202814346965e-01
4.981148877676131459e-01
4.991277803532173096e-01
5.005418061618128744e-01
5.017336455543960350e-01
5.034160905194177138e-01
5.045825855526873127e-01
5.051190741701081510e-01
5.065578575080109669e-01
5.082649577373535843e-01
5.092856618574737038e-01
5.102564871787322875e-01
5.112850835343948352e-01
5.129178136928641552e-01
5.140099468764617319e-01
5.152434822111051638e-01
5.160686696503575810e-01
5.168118851304880357e-01
5.184546693760642144e-01
5.200638080789898865e-01
5.208660739779845672e-01
5.216660593618686059e-01
5.232568773596809608e-01
5.243291421856804968e-01
5.252731358713701448e-01
5.262449216764900628e-01
5.273097074200512324e-01
5.285797219487335941e-01
5.297292707181059379e-01
5.306314182117936040e-01
5.317699258662373918e-01
5.328120326728528200e-01
5.343175881506860847e-01
5.346880924870214269e-01
5.359765826413606105e-01
5.370287057419956822e-01
5.382626295456863774e-01
5.388989876988583561e-01
5.403214519592961507e-01
5.415017525728371695e-01
5.427557310189581319e-01
5.434490803988559771e-01
5.442261158903954898e-01
5.461286495661562546e-01
5.468424659403107180e-01
5.478458250913613714e-01
5.487093330715377970e-01
5.496677069675203198e-01
5.506223009361970178e-01
5.517362151817990501e-01
5.523508853245110428e-01
5.534600621205746362e-01
5.546498381841077352e-01
5.555383390652610665e-01
5.568217120809957343e-01
5.579050476124991498e-01
5.585120439955955085e-01
5.592882619768275720e-01
5.607273566421336897e-01
5.617369853147481384e-01
5.626816241364980264e-01
5.633027212556851460e-01
5.645349778398024432e-01
5.649942356267767529e-01
5.663050167010620362e-01
5.673649693486875201e-01
5.676870653819999779e-01
5.688946591553750709e-01
5.698797576986118774e-01
5.708521193779582115e-01
5.720275722042484912e-01
5.727925453074478312e-01
5.736017252714815662e-01
5.745894371763869968e-01
5.753087881967097195e-01
5.760841369804686751e-01
5.772716960886881132e-01
5.782122578669894875e-01
5.789521363019290989e-01
5.794963436430183856e-01
5.808468459159761288e-01
5.815901378180060588e-01
5.823621225891271180e-01
5.834663811939756473e-01
5.842343649461999577e-01
5.851358964240862548e-01
5.859763571201137555e-01
5.867875023532416190e-01
5.874961978180218702e-01
5.885853008337023073e-01
5.896056822466293479e-01
5.904944383877258618e-01
5.909824188490426788e-01
5.919641673237320267e-01
5.929253002722962851e-01
5.938781317320657172e-01
5.948090402880149563e-01
5.951385965688523738e-01
5.959795749609052562e-01
5.971165015792370134e-01
5.977116386063342501e-01
5.983890097325165192e-01
5.990183297566211706e-01
5.997757379451768012e-01
6.007661623714004584e-01
6.015070431718989585e-01
6.022455958020734856e-01
6.036467895161375941e-01
6.041079223203411619e-01
6.051482594477688437e-01
6.052825964330778019e-01
6.062335680905074353e-01
6.069826454383858705e-01
6.079558298556247964e-01
6.087308921323175692e-01
6.098969900426751689e-01
6.104564796658413783e-01
6.108521155488215726e-01
6.118381485553551213e-01
6.127649259826383199e-01
6.137188553809529434e-01
6.141369090722859081e-01
6.145766289677464522e-01
6.156749673745433027e-01
6.164359826329007808e-01
6.173330098960377876e-01
6.178722105753571281e-01
6.182870395669319841e-01
6.194215616442424466e-01
6.199858661827091222e-01
6.210211195183589217e-01
6.213298311696425769e-01
6.222658344374140116e-01
6.229483147056023018e-01
6.235576665794889673e-01
6.240324763622475679e-01
6.248812805562589112e-01
6.253802280675211378e-01
6.260358454604129097e-01
6.271515841005966818e-01
6.277928932888188207e-01
6.285373396730704609e-01
6.287849024896485783e-01
6.299270866355812792e-01
6.305276202907148519e-01
6.310787449643671110e-01
6.320094279601292664e-01
6.324317263423004931e-01
6.332262703399816894e-01
6.341091548245334497e-01
6.347575669043964419e-01
6.354685589452701011e-01
6.360615580737131181e-01
6.367899400471206395e-01
6.374523520705672741e-01
6.377130941901113514e-01
6.384954826020491359e-01
6.391663994991010345e-01
6.400813505451918850e-01
6.405207274779181059e-01
6.412770164516398141e-01
6.420935232344722188e-01
6.425173794989934573e-01
6.429057824634096807e-01
6.439048899620387623e-01
6.444844645598430954e-01
6.448763266342945055e-01
6.456055668745345200e-01
6.467281458189330090e-01
6.471824096997683684e-01
6.478156849950202911e-01
6.485354332731481097e-01
6.487028443682176793e-01
6.494478908228500380e-01
6.501116427964882538e-01
6.510458554031163247e-01
6.513403587546459095e-01
6.518017530688305916e-01
6.526108361043695405e-01
6.532702991958967420e-01
6.535542027300433876e-01
6.544765370047942454e-01
6.548725351591406785e-01
6.557940863575485446e-01
6.564395486855653106e-01
6.568299870306992805e-01
6.572832615628720898e-01
6.577686637885734600e-01
6.585552772410098177e-01
6.591944022234190736e-01
6.597162576687979341e-01
6.600724672213825750e-01
6.609872638442092496e-01
6.613685416581484011e-01
6.618537036541444207e-01
6.630207105294843029e-01
6.630016243017177180e-01
6.639993778212462949e-01
6.641526812273101932e-01
6.649390799039216482e-01
6.653823176313586885e-01
6.662131051945802129e-01
6.668726149334088804e-01
6.672213044073233013e-01
6.672403488670309857e-01
6.683908232206280386e-01
6.686898793987645639e-01
6.692333790235476254e-01
6.700839915111376222e-01
6.703974618665455854e-01
6.706710957283629204e-01
6.714014233130072284e-01
6.720609864721156512e-01
6.722360372675680873e-01
6.730683270737016777e-01
6.736955718907392532e-01
6.740937957842283446e-01
6.746889514349428962e-01
6.755454976489047025e-01
6.756641002105818750e-01
6.762664339210511244e-01
6.766877421341618293e-01
6.773819307064825601e-01
6.778852170971960689e-01
6.785871418386623111e-01
6.789130568665164844e-01
6.792769709044127469e-01
6.798591385033074808e-01
6.806690975864050364e-01
6.812375498307376986e-01
6.814805221742576968e-01
6.822436053312906923e-01
6.822912150408246834e-01
6.829606454952135142e-01
6.836492784634269348e-01
6.839402114774872921e-01
6.843361602540402044e-01
6.850525628958638036e-01
6.854374287488783635e-01
6.862963622723539103e-01
6.859938870432585878e-01
6.869041564734965633e-01
6.873199638434273062e-01
6.876931941589948805e-01
6.886084929349090000e-01
6.889899359614584107e-01
6.892034420667676464e-01
6.897384227134863988e-01
6.905182673188314801e-01
6.907631429103492371e-01
6.916999200614469823e-01
6.917658580753088815e-01
6.924429786191591552e-01
6.927441893923238503e-01
6.931468753174178099e-01
6.932631298081188831e-01
6.939820121033943856e-01
6.946232376051303392e-01
6.950363897799952673e-01
6.955076586738248023e-01
6.961392299547038975e-01
6.966231603510827375e-01
6.970096978668953724e-01
6.972561911539796320e-01
6.977164880963667715e-01
6.985829923903407179e-01
6.989738022708855691e-01
6.991364360803804523e-01
6.997469077211267985e-01
7.003281368439466803e-01
7.007321832574952003e-01
7.012330206746335559e-01
7.016050736853146619e-01
7.020034543422917217e-01
7.026735577501154184e-01
7.030694592166938373e-01
7.035291570767040481e-01
7.039274827955601666e-01
7.044293397806032919e-01
7.048901428179336071e-01
7.051739501118990949e-01
7.056074312611173571e-01
7.058640982890065363e-01
7.064520711603741177e-01
7.069065247051028456e-01
7.075614963161308557e-01
7.079146549127871557e-01
7.084619564092168309e-01
7.084434572388182971e-01
7.093284305427343117e-01
7.098570226554526963e-01
7.102882003027883862e-01
7.106788534042404182e-01
7.110624241430741899e-01
7.113258002759934584e-01
7.116935382137725696e-01
7.122687822807826086e-01
7.124312218368373806e-01
7.131326685009420352e-01
7.135025996480218735e-01
7.138819298947811642e-01
7.140420932342117499e-01
7.147736316056194639e-01
7.152097316893195611e-01
7.153582323001057564e-01
7.158062129139934893e-01
7.163225594028361787e-01
7.164812729966678617e-01
7.173374639020630994e-01
7.175530677486873232e-01
7.179392371518715787e-01
7.183500208250999108e-01
7.188713317002826120e-01
7.194188662303634407e-01
7.197179164858816813e-01
7.202192279791820306e-01
7.206092928407002995e-01
7.209647970278517670e-01
7.212264033200274094e-01
7.217100401798269838e-01
7.219705206756309446e-01
7.226020889797559743e-01
7.227096677091411348e-01
7.231730003760908909e-01
7.235290747344318429e-01
7.240966309932700407e-01
7.242776235893648717e-01
7.246782627333508975e-01
7.251497422346022681e-01
7.253473540388405416e-01
7.261080955865013564e-01
7.261643170661851165e-01
7.267515507287710674e-01
7.268363656745863155e-01
7.274514863006661392e-01
7.281530794016244368e-01
7.284225605432973483e-01
7.286049536409430205e-01
7.291232306172047428e-01
7.296114637183951368e-01
7.299804569655031772e-01
7.300114129617703007e-01
7.303013127572005603e-01
7.313096028764800582e-01
7.312389270588258716e-01
7.318435103209617321e-01
7.320748579572864401e-01
7.325580828219315777e-01
7.328467054116876156e-01
7.332871695588707439e-01
7.334623182229629279e-01
7.338302330315151778e-01
7.341983905312993164e-01
7.346739183791747285e-01
7.348756062873895711e-01
7.354387979100827089e-01
7.359813521059130892e-01
7.362326552022062653e-01
7.363347004056502998e-01
7.369239209994610240e-01
7.371802876710675800e-01
7.378822385482827206e-01
7.378122893114901215e-01
7.383334376926371512e-01
7.388419712156932828e-01
7.391732213377335547e-01
7.394422470276791337e-01
7.397632343828260959e-01
7.403000739747380710e-01
7.404192865519561018e-01
7.406455844849798575e-01
7.411801314918129435e-01
7.416810321847718823e-01
7.417662093960787351e-01
7.422258513250535872e-01
7.426689007531505071e-01
7.429188779290103462e-01
7.433331969686769458e-01
7.435535729550035722e-01
7.437515363119868717e-01
7.442643530923446216e-01
7.444525709690733573e-01
7.451506284428258686e-01
7.455072112298648523e-01
7.457420701074661817e-01
7.458826849016125804e-01
7.466297619909694205e-01
7.466801196854591094e-01
7.470183343867848880e-01
7.476735203058814117e-01
7.479572239773740749e-01
7.483228227935376786e-01
7.485089245107048317e-01
7.488386070565420383e-01
7.489460024713961994e-01
7.494556376247867302e-01
7.495437484580874665e-01
7.501719736893873725e-01
7.506510551652797458e-01
7.509419680523070628e-01
7.508551572864814450e-01
7.513376497917992891e-01
7.517967070104363270e-01
7.521156255607934771e-01
7.525280446150762748e-01
7.530915328968957878e-01
7.532649187084479170e-01
7.532968979431601264e-01
7.536333973693345456e-01
7.539717705253764501e-01
7.542896685290458869e-01
7.547846498408897764e-01
7.551351238381940334e-01
7.552402104130134797e-01
7.556447483424743039e-01
7.559678213908956890e-01
7.564097392416685439e-01
7.567099558994949682e-01
7.571452360255183089e-01
7.571547336080532986e-01
7.579713538271741768e-01
7.580645936325625112e-01
7.583277814114336435e-01
7.585496824574513575e-01
7.587781959071788762e-01
7.592769542229305113e-01
7.596534200882908427e-01
7.598288047398598088e-01
7.599000696998090554e-01
7.603042584336678900e-01
7.607479545952692268e-01
7.610440618748133268e-01
7.612514597184036891e-01
7.617282366966520168e-01
7.622787103394516040e-01
7.619371959563785435e-01
7.625865964693743226e-01
7.629528593312691065e-01
7.633287806390325336e-01
7.632958332239455634e-01
7.638158777545080991e-01
7.642146496402613121e-01
7.645467525989569912e-01
7.646822903332208821e-01
7.649256561976552904e-01
7.654698714131424886e-01
7.656736330151220349e-01
7.658230051202165045e-01
7.661345410063229444e-01
7.664171453733330530e-01
7.667660532285666131e-01
7.670969005366359283e-01
7.671831736939851432e-01
7.678134483351896078e-01
7.680223141044425494e-01
7.680451552561912143e-01
7.684669219926540951e-01
7.688841339171768041e-01
7.692846943601996390e-01
7.695561814795317535e-01
7.697236735970811594e-01
7.700550276175619491e-01
7.705798338288418758e-01
7.706140610208465080e-01
7.709448432457253197e-01
7.712488840524953648e-01
7.714372030114564627e-01
7.718995611285077718e-01
7.721583261773354856e-01
7.721341509622825505e-01
7.724357870312081875e-01
7.730185176163451022e-01
7.731567102023474414e-01
7.736805029756940177e-01
7.736154181410050956e-01
7.738234301299325990e-01
7.742433700214141901e-01
7.748522446400468722e-01
7.749275190652649137e-01
7.748664264187113959e-01
7.751514125753549145e-01
7.754070952826525032e-01
7.757974057093988129e-01
7.760041588514138278e-01
7.764938074898090070e-01
7.765440585739046275e-01
7.770322660171680162e-01
7.772750974334159402e-01
7.775675702001799694e-01
7.779678342884789322e-01
7.781355809809431534e-01
7.784302683243060628e-01
7.786717068899855487e-01
7.787447080234423114e-01
7.792497029232032801e-01
7.793823010148543950e-01
7.796700934960399954e-01
7.798212505883825862e-01
7.803250007792295051e-01
7.805594197545482338e-01
7.808054942029543088e-01
7.811004022437555427e-01
7.813834723333248355e-01
7.817924908589020117e-01
7.817917548575773479e-01
7.821335573630959770e-01
7.824027617906597065e-01
7.824383615964347616e-01
7.828381073450748628e-01
7.830802336307178813e-01
7.831708606408135376e-01
7.837112602662184013e-01
7.839728485384895862e-01
7.840833084133759234e-01
7.844800415981374453e-01
7.847538086187150208e-01
7.851232663147882374e-01
7.852417158718205670e-01
7.853567354200079453e-01
7.856224046880697642e-01
7.858773178554483430e-01
7.862945812302565285e-01
7.864890007302162145e-01
7.865155896602753494e-01
7.870693781011017798e-01
7.872881661910926532e-01
7.874546911956074036e-01
7.876161696451640104e-01
7.881131617355521257e-01
7.882917865250661515e-01
7.885579402319886633e-01
7.887098939685935894e-01
7.890716668803767764e-01
7.893164963045500304e-01
7.896031276769656104e-01
7.897123738500525514e-01
7.901588100762879652e-01
7.903501043159210093e-01
7.904373275968888946e-01
7.908976213406055944e-01
7.909401892469982709e-01
7.913586560298538908e-01
7.913393476394626758e-01
7.916917008164129355e-01
7.920799655496346681e-01
7.923198416729987370e-01
7.923612640930264295e-01
7.925885268632438807e-01
7.928538893037431201e-01
7.932687437422393240e-01
7.934887090005525723e-01
7.936413787729956759e-01
7.936649690113781741e-01
7.942283177469688926e-01
7.943034859416683302e-01
7.947725744764292388e-01
7.948779481760334109e-01
7.952018079283269536e-01
7.953130478232871559e-01
7.955079564183568097e-01
7.958865246716169128e-01
7.959831304994199330e-01
7.963899455762050161e-01
7.962319888851131511e-01
7.968627587956862435e-01
7.971035662935581634e-01
7.971116708884983248e-01
7.974793859186264378e-01
7.979070578508014044e-01
7.979981334523615910e-01
7.981570734307646964e-01
7.983147083943249456e-01
7.986510937748011463e-01
7.987758396428644714e-01
7.990991813382645192e-01
7.993636577824558831e-01
7.996917433063432945e-01
7.998019653713823729e-01
8.000731637357327841e-01
8.001677058541974974e-01
8.004069444495663932e-01
8.006433608570781013e-01
8.008623581090305033e-01
8.012120760404506381e-01
8.012976918802492410e-01
8.016367916579564268e-01
8.017271746725271875e-01
8.019050629707558109e-01
8.022701768254054677e-01
8.022523574179571959e-01
8.025893152770202654e-01
8.028951132935607804e-01
8.031602023529028633e-01
8.033337070382106093e-01
8.034868137834449975e-01
8.040009264888705598e-01
8.042049487607435543e-01
8.043255204872734598e-01
8.043069405060930821e-01
8.046609009577551097e-01
8.049807772480304102e-01
8.049000105993247001e-01
8.052968326175173885e-01
8.056752859553191204e-01
8.057423002584279681e-01
8.057907727489596050e-01
8.063598332184818140e-01
8.064161972167569470e-01
8.067300027185027034e-01
8.069735295916430351e-01
8.070735415078825747e-01
8.073989773911601775e-01
8.072500367306115754e-01
8.076238415824207317e-01
8.077897701064041813e-01
8.081534942883134010e-01
8.083281897016388884e-01
8.087537800403531429e-01
8.088811039153616100e-01
8.090246972215873189e-01
8.094552680547291157e-01
8.095959985444587392e-01
8.096019920727015595e-01
8.100244557906157716e-01
8.101424148468496789e-01
8.105905831580316745e-01
8.104413839045088164e-01
8.106373722693804851e-01
8.109183203682427399e-01
8.112019355414434862e-01
8.113099433345951628e-01
8.117298107082783210e-01
8.117696652147672332e-01
8.120719193274029690e-01
8.120950481441105984e-01
8.122121924792480296e-01
8.125175265564924532e-01
8.129343129521053868e-01
8.128249000500298305e-01
8.132308793313416384e-01
8.131714385870484341e-01
8.135751339741362775e-01
8.137097253248742890e-01
8.140310987434742351e-01
8.140733696465486391e-01
8.143503245673864299e-01
8.145548351966371836e-01
8.147411094503111961e-01
8.146899626331098876e-01
8.151834786554781331e-01
8.153489057323795031e-01
8.155692500709192938e-01
8.157706946674607718e-01
8.159673159098866924e-01
8.161116962237899841e-01
8.163613212779177175e-01
8.164993274743348461e-01
8.168303540905081928e-01
8.170848247978663714e-01
8.171172470901733043e-01
8.174222331650428108e-01
8.175939410793404694e-01
8.175770352358868731e-01
8.178210320854644166e-01
8.180845164936145775e-01
8.183232584548504329e-01
8.185263949109353732e-01
8.187420751214511405e-01
8.189204853087158620e-01
8.190718663456577620e-01
8.193687782899360394e-01
8.195113055562590620e-01
8.196667840870277555e-01
8.198472138806568443e-01
8.202186663214743323e-01
8.203299556979440910e-01
8.206546882447415259e-01
8.207679106836125449e-01
8.209783157903258743e-01
8.210735256012163807e-01
8.213363984967786413e-01
8.213449430333779056e-01
8.216238028551220429e-01
8.219550242972948340e-01
8.220211086981445980e-01
8.221346397716428056e-01
8.223914225303601278e-01
8.224006275387836240e-01
8.228636227659756885e-01
8.231290409378274608e-01
8.229803526429526617e-01
8.232146571524802114e-01
8.236614763035422504e-01
8.236189278964413107e-01
8.239794485811914315e-01
8.240760126933472929e-01
8.242361057235605415e-01
8.245186062122745740e-01
8.246709863035852628e-01
8.248248835241135390e-01
8.251090519913876209e-01
8.251509003731872793e-01
8.254066931393738704e-01
8.253737565302103896e-01
8.257290654211658643e-01
8.260209413101061715e-01
8.261373164466973007e-01
8.263780486880486498e-01
8.263001053399088303e-01
8.265636437352269494e-01
8.268404603233807659e-01
8.269292510243048122e-01
8.270747487699812162e-01
8.274149661398313427e-01
8.274581991795035840e-01
8.277489153973580649e-01
8.280695893071450264e-01
8.280926381888643606e-01
8.283476958592257411e-01
8.283773416159324610e-01
8.286463269488472116e-01
8.288405733594186309e-01
8.289550202168700643e-01
8.291653244933905320e-01
8.292576232091438682e-01
8.294573195646455233e-01
8.298214909062616718e-01
8.299268013118438203e-01
8.301338857363408374e-01
8.304058883695941695e-01
8.303538203287271768e-01
8.305604855911209450e-01
8.308853754156806382e-01
8.307285033515482420e-01
8.311153699023913211e-01
8.312342343940635203e-01
8.313389415518293024e-01
8.316103320194868642e-01
8.318689169522677229e-01
8.319602086056032686e-01
8.323191979632612592e-01
8.322498368714122963e-01
8.321247961644766544e-01
8.326461774265174753e-01
8.329743720095360571e-01
8.329149058698209762e-01
8.331585784096446901e-01
8.334668074318523079e-01
8.333693287813642714e-01
8.337471091221412278e-01
8.338401989766964784e-01
8.341851616892614896e-01
8.342358156277647208e-01
8.342498952512413801e-01
8.346777993823966124e-01
8.347344666663577550e-01
8.349395884606569673e-01
8.351755368121515088e-01
8.353006261167322810e-01
8.353792167220249754e-01
8.357279928789997925e-01
8.357031111250163846e-01
8.359716155147185468e-01
8.360493352892186536e-01
8.363095852418070963e-01
8.364745194479733525e-01
8.365517120431726905e-01
