1.636093930946707145e-02
1.578538797891524195e-02
1.535069566230458718e-02
1.506609386888602999e-02
1.471457667303439909e-02
1.446754935036606744e-02
1.395613512102144953e-02
1.355995610009342288e-02
1.352076984071220490e-02
1.322415587554098999e-02
1.308738389363841605e-02
1.147903134905958050e-02
1.196741166204341733e-02
1.495814838553378122e-02
1.646415609454794995e-02
2.030796672723208379e-02
2.387363942212182566e-02
2.201490558711367840e-02
2.086288328241422962e-02
2.130672616844725767e-02
2.144554513898083020e-02
2.221973163794972728e-02
2.643238969084960380e-02
3.130718067409974520e-02
3.077009384003591072e-02
3.638525925607312417e-02
4.305402988243744317e-02
4.429037033234191345e-02
4.862084887897889091e-02
4.742018664205227552e-02
4.788835835593561324e-02
4.836739826217164445e-02
5.168479667839753072e-02
5.324266530648362472e-02
6.062172239758702869e-02
6.649582338557673278e-02
7.195184946580755747e-02
7.649783562539802517e-02
7.811985037712076974e-02
7.855488394407704467e-02
8.165809384186958897e-02
8.345065302009870012e-02
8.598218373696758787e-02
8.890890409377855130e-02
9.230060509314355621e-02
9.787418025259254917e-02
1.022934677073509685e-01
1.059422307889697212e-01
1.091113359929070936e-01
1.140429473180600978e-01
1.160918522763483146e-01
1.177958272755488395e-01
1.219019561705603077e-01
1.226105209109274730e-01
1.265926416512156427e-01
1.319664482848907916e-01
1.366665245392205685e-01
1.406718959782196909e-01
1.442067331952657794e-01
1.466455116447549778e-01
1.500950909812714951e-01
1.527946249870837381e-01
1.576789341133526257e-01
1.595043104957162283e-01
1.633550710745351742e-01
1.667369618091622263e-01
1.691727050222008866e-01
1.731422457124932313e-01
1.761909216633812392e-01
1.790273921092167819e-01
1.812444143603323399e-01
1.869813292329440546e-01
1.903774940172538177e-01
1.909919324243263827e-01
1.969586808850895820e-01
1.992090511651802842e-01
2.022084449476087564e-01
2.048474200713383264e-01
2.082077987083383874e-01
2.104296239261674306e-01
2.142665568644442631e-01
2.172400388958680428e-01
2.201494822938317997e-01
2.239043530132077686e-01
2.276440656319346501e-01
2.314428320717959453e-01
2.343527962376787122e-01
2.370437500061254033e-01
2.399013665436003362e-01
2.424765565052586780e-01
2.459710634087779457e-01
2.493313758135360936e-01
2.518660791172056546e-01
2.547759427421362188e-01
2.574880099788331433e-01
2.597003726772132981e-01
2.624891298704160603e-01
2.656771067383959517e-01
2.680790778609420388e-01
2.717834148145705231e-01
2.764655544847333113e-01
2.781482277957478821e-01
2.814783217093210776e-01
2.833488873261428287e-01
2.863793501043047085e-01
2.876964739748569255e-01
2.911717628452700768e-01
2.944764962579488610e-01
2.980841354877015736e-01
3.006478919009227257e-01
3.020948329039391811e-01
3.045954758324913580e-01
3.072963883020100595e-01
3.104351225698921968e-01
3.120585965087209757e-01
3.148531776957746997e-01
3.187467400390307515e-01
3.205074471327541974e-01
3.229820501335866623e-01
3.254375085843732585e-01
3.277414187525846678e-01
3.305445597167102623e-01
3.346847979635645953e-01
3.364272129051094629e-01
3.378595524160231123e-01
3.404368593740958460e-01
3.427842615020249006e-01
3.454897234417453888e-01
3.485554045261878842e-01
3.503106083243653912e-01
3.532940086443075445e-01
3.551694714160167354e-01
3.568613875599515040e-01
3.597749904937147525e-01
3.617355980748401256e-01
3.650165714469376654e-01
3.668775344569136232e-01
3.688482642896315222e-01
3.713055854815312529e-01
3.733402751210201376e-01
3.754364893193102848e-01
3.779214007760390293e-01
3.799383261102460829e-01
3.829247100551365635e-01
3.843311310384549540e-01
3.862563597185693642e-01
3.885938163217991237e-01
3.905465302264753413e-01
3.921549433271896978e-01
3.948447184594979786e-01
3.972455328178163825e-01
3.988634230944183567e-01
4.016544535649481662e-01
4.030553388812690430e-01
4.053806695100151125e-01
4.072651989536493766e-01
4.094127574833466010e-01
4.112641716501708178e-01
4.131127925474988860e-01
4.154888813926330693e-01
4.172743076131078532e-01
4.196685672703615033e-01
4.213541914264589128e-01
4.227673375801138667e-01
4.245846155633710706e-01
4.261594481108785248e-01
4.288340444161293230e-01
4.308130456625366422e-01
4.329266089974679321e-01
4.342977877747389859e-01
4.361119112525215780e-01
4.372922089070185314e-01
4.401850949599033780e-01
4.416150824036703670e-01
4.434172375450461945e-01
4.451400504631853883e-01
4.467392595899232210e-01
4.489254522007138370e-01
4.507237045308546963e-01
4.526321987652432988e-01
4.541798082497977007e-01
4.555089988256684763e-01
4.573655687964601757e-01
4.592548630856241321e-01
4.608354390556088087e-01
4.625860186347663938e-01
4.639347602910999235e-01
4.658980570735946625e-01
4.676266613690194807e-01
4.694100916043242866e-01
4.708323890004198486e-01
4.727009111714671752e-01
4.742891354827518113e-01
4.762143686069199577e-01
4.775855934256331703e-01
4.789184563747385659e-01
4.808284215609214263e-01
4.820612499447593513e-01
4.834142060166833343e-01
4.848118144674475882e-01
4.865579229637779779e-01
4.884227303570811141e-01
4.893769466952850866e-01
4.910508596444125851e-01
4.923881633311224526e-01
4.944265927992038678e-01
4.957338434430907381e-01
4.977283841001174380e-01
4.991359782535940148e-01
5.003073467869640911e-01
5.012121119096554223e-01
5.031816007010957437e-01
5.043827844812767136e-01
5.060413713699594140e-01
5.075166922724911878e-01
5.086267358790769189e-01
5.100861994431433732e-01
5.118796944973487140e-01
5.129626360985843903e-01
5.141953540337207418e-01
5.149948826894462650e-01
5.169873637078628015e-01
5.187963567331430603e-01
5.194265943943893182e-01
5.211228025247964801e-01
5.224659746720393683e-01
5.232184217923114833e-01
5.248333787479162460e-01
5.259957551625208394e-01
5.272906990934932425e-01
5.286577028622667651e-01
5.297437885584769246e-01
5.313091019936707626e-01
5.327895825523205620e-01
5.337663622908538352e-01
5.349728633745027828e-01
5.356473219749962045e-01
5.373439230052990956e-01
5.386962023733801175e-01
5.396441653154182561e-01
5.406326360204610770e-01
5.420323275581575562e-01
5.436265260925895459e-01
5.450813095783775264e-01
5.455328179173518643e-01
5.470731421378076664e-01
5.485841754191018715e-01
5.494129923640026503e-01
5.510430886313741894e-01
5.516666519533349744e-01
5.529493339684308228e-01
5.545347601961032602e-01
5.556018979840214866e-01
5.565608487690106854e-01
5.576126899897558831e-01
5.586186977586158342e-01
5.596130489695474441e-01
5.609517011023977817e-01
5.618244785116689455e-01
5.635763368613635471e-01
5.647245026801022139e-01
5.656190396624301009e-01
5.663991319402109648e-01
5.673649564879975626e-01
5.684479282820574797e-01
5.696068277385107903e-01
5.710363599551605551e-01
5.718273132783243673e-01
5.729479970011837064e-01
5.740079224957681525e-01
5.752474853494606855e-01
5.761406170391812909e-01
5.767366192464534747e-01
5.783336271232354386e-01
5.790771179099160060e-01
5.805895797472818698e-01
5.817868168161431930e-01
5.823148990101195688e-01
5.835046776478508557e-01
5.841845467398235625e-01
5.852120815092205497e-01
5.863633523541483816e-01
5.873143181259504741e-01
5.879597001207822471e-01
5.894023576622392513e-01
5.900924988439423258e-01
5.917069709514826137e-01
5.919709714542591428e-01
5.933508903769610932e-01
5.937838418293081011e-01
5.947864443637465026e-01
5.955143936917488556e-01
5.966245972342226755e-01
5.976368254797709278e-01
5.986809115726183794e-01
5.992588914721411752e-01
6.005955380068686011e-01
6.010761625710024925e-01
6.021240732791652839e-01
6.029170169495656761e-01
6.043837786861009365e-01
6.046576636991632947e-01
6.056468311381444369e-01
6.064827340206216943e-01
6.078458040419647546e-01
6.089581066578032553e-01
6.093770611021561701e-01
6.104493264393290319e-01
6.109916662712430169e-01
6.120972536678859210e-01
6.129897201648867311e-01
6.135263205133029141e-01
6.145440878468063639e-01
6.151698995001868564e-01
6.163167045719449844e-01
6.167080983146399076e-01
6.176665426700400641e-01
6.183392045303873763e-01
6.192983134961206337e-01
6.200031401973629119e-01
6.208825635068073723e-01
6.218347928356167120e-01
6.228339414892289927e-01
6.233824978099873348e-01
6.243932270703786980e-01
6.250425784302610088e-01
6.259915769899652149e-01
6.267433811290060719e-01
6.275151529503285586e-01
6.278549362892780206e-01
6.292313464317477179e-01
6.294942424425414851e-01
6.307744579218921288e-01
6.313454841889707403e-01
6.320263156628354029e-01
6.327136377997211181e-01
6.338226382860042696e-01
6.342599753921235317e-01
6.352527252387882850e-01
6.361055283370610214e-01
6.365293606315114427e-01
6.375353047936735962e-01
6.378496497894982076e-01
6.385915683634512119e-01
6.394406929340806789e-01
6.399607998083223226e-01
6.410413439535826985e-01
6.418026947387143188e-01
6.422900639090850516e-01
6.434026786825383093e-01
6.436166340388438378e-01
6.444546943366040725e-01
6.452984023616794573e-01
6.458347212288255701e-01
6.466784739401221227e-01
6.477771231107205541e-01
6.482354102327019252e-01
6.488388040139874136e-01
6.496355996424435508e-01
6.498844008677078232e-01
6.510109935566609218e-01
6.514987017736659780e-01
6.522442082239748862e-01
6.528356385478893964e-01
6.533270631303292886e-01
6.543167850895882376e-01
6.547448660894642503e-01
6.558901418886317058e-01
6.559796792795338227e-01
6.568840554166446299e-01
6.574477440249492100e-01
6.583746980579171515e-01
6.587233384637781741e-01
6.595691117454052232e-01
6.602072880399926236e-01
6.609110585301334329e-01
6.614192664234663788e-01
6.620033189444650690e-01
6.626352350164075311e-01
6.632959744880609909e-01
6.638071072589039057e-01
6.646190732327218464e-01
6.652796935593930927e-01
6.655533581068691085e-01
6.664528485669762858e-01
6.673775495039562244e-01
6.676552677099441002e-01
6.684912292854141569e-01
6.691806865849159180e-01
6.698687540320251710e-01
6.702072890492636326e-01
6.706384286911263315e-01
6.714493353980327539e-01
6.719876614014775873e-01
6.726389510049759490e-01
6.733993191088623043e-01
6.739450200791811119e-01
6.739345903643410018e-01
6.749096231395987910e-01
6.759819723176886397e-01
6.766057994069530901e-01
6.766116342182855181e-01
6.774310245954395793e-01
6.779207539622070788e-01
6.782778944898462115e-01
6.788564312296540004e-01
6.799056352864799591e-01
6.799694061535248579e-01
6.807884849713115027e-01
6.817154106582539175e-01
6.819789630153985094e-01
6.824441285746997155e-01
6.830932908783536872e-01
6.836886959443526646e-01
6.844193456852762925e-01
6.850100431581529481e-01
6.855003635384732119e-01
6.857460433710629299e-01
6.866527530323964790e-01
6.869424094987198748e-01
6.877770603144861550e-01
6.884739091069641548e-01
6.887632138215188382e-01
6.889675457894171018e-01
6.895751127415656878e-01
6.904232224178085131e-01
6.906555788984640731e-01
6.913408178287011596e-01
6.916117464733076980e-01
6.923893164936976152e-01
6.930059107037337407e-01
6.934669920858251846e-01
6.942035258426826339e-01
6.944663076233773547e-01
6.950833682211586817e-01
6.954786566899945344e-01
6.960310577952109057e-01
6.965765328170330228e-01
6.968129462331353885e-01
6.972030595766319783e-01
6.982291559926315783e-01
6.987159937859429570e-01
6.991076479484554795e-01
6.997661430483185230e-01
7.002618522419438163e-01
7.004779344981382216e-01
7.009676157108049033e-01
7.017078770382905173e-01
7.020744542029246915e-01
7.028421111121007092e-01
7.032817057332999555e-01
7.036315741193586160e-01
7.040026526929469286e-01
7.046963860921661160e-01
7.051057043770460053e-01
7.057366927549283409e-01
7.059713392248769814e-01
7.066414272853132061e-01
7.070591504567128593e-01
7.072596942905734485e-01
7.079402243999157740e-01
7.083886151421218136e-01
7.092579570716717186e-01
7.092956658763287514e-01
7.100489520612538463e-01
7.103873426958093873e-01
7.111216618575809667e-01
7.113703244096842848e-01
7.121025971942296362e-01
7.121733088969555148e-01
7.127565675838115622e-01
7.133650599690439797e-01
7.132901884489002420e-01
7.136866666521831659e-01
7.143663181590882427e-01
7.151726948156674757e-01
7.153443095204553570e-01
7.160398719658261912e-01
7.165914368976653570e-01
7.167939666947572563e-01
7.171592184525751312e-01
7.175879361749980534e-01
7.181636918786050705e-01
7.185974750126261634e-01
7.185427054607916864e-01
7.193011137876682559e-01
7.197539514596782428e-01
7.203973583072642572e-01
7.207086227375347764e-01
7.210001375589635275e-01
7.215220869506047130e-01
7.221125277848244872e-01
7.224492524596289877e-01
7.230731397162525331e-01
7.233018487160346455e-01
7.240593317362750136e-01
7.240462029062547655e-01
7.248042662755567189e-01
7.250300893998848917e-01
7.255781683767997814e-01
7.261123486530134397e-01
7.263649451031446436e-01
7.268713699968671893e-01
7.271306142400720818e-01
7.278228877212695735e-01
7.281993892430215221e-01
7.286075089878829569e-01
7.288431468523025591e-01
7.289989474471586517e-01
7.296721641707318851e-01
7.300821644110218056e-01
7.304860746047401321e-01
7.305009313180481634e-01
7.310865256346462671e-01
7.318914508532592400e-01
7.321322247562781493e-01
7.326390528753567999e-01
7.330564072479478499e-01
7.333667329404268687e-01
7.339445882532978915e-01
7.340071580573579446e-01
7.345214779573823183e-01
7.350854604314180918e-01
7.353068427198081736e-01
7.356920766026103786e-01
7.358794515480151510e-01
7.365242761695075524e-01
7.366568006701871285e-01
7.373327690024206182e-01
7.377752277214504328e-01
7.381597539437035893e-01
7.385831057572387337e-01
7.389174398081354012e-01
7.390764485215649549e-01
7.398100306674839644e-01
7.399582919041870488e-01
7.403786047002225423e-01
7.407556160278698787e-01
7.416254049398911530e-01
7.414519449004874918e-01
7.419766655017493440e-01
7.424056906564673319e-01
7.428062765980680826e-01
7.430645478968266326e-01
7.431188728492225115e-01
7.438885928380238877e-01
7.442691595267030280e-01
7.446562055233089117e-01
7.447155055401892820e-01
7.451712637408184348e-01
7.457465829596388041e-01
7.460269219962384346e-01
7.465752897258747245e-01
7.469921369356029572e-01
7.472633686380043549e-01
7.475413633338312547e-01
7.479398747659332658e-01
7.483403737220222229e-01
7.487874990493499361e-01
7.489117223050392180e-01
7.492403018352423727e-01
7.497045516430880241e-01
7.497659383582694348e-01
7.503649662798924647e-01
7.508562416375923476e-01
7.511526139730793084e-01
7.513468869360597768e-01
7.517160947846732721e-01
7.522235853607296407e-01
7.528466778911807600e-01
7.527305919841690285e-01
7.530801884497562160e-01
7.539261091625975020e-01
7.538023618485942823e-01
7.543392898069940511e-01
7.547742749813436403e-01
7.552143273468776563e-01
7.554918559547698642e-01
7.558889149453059675e-01
7.560247930679581119e-01
7.560985566870246366e-01
7.570704681132780500e-01
7.574777988883691915e-01
7.573848247703106606e-01
7.577824730922846364e-01
7.581245426411445942e-01
7.581951623148454056e-01
7.588329927901332761e-01
7.594311228803088953e-01
7.595843774402483151e-01
7.598772175973691478e-01
7.600690948669930336e-01
7.606538142937364633e-01
7.612328999977040489e-01
7.611274402035584918e-01
7.613146610062444530e-01
7.619307851201279069e-01
7.620547925274548939e-01
7.622815306820538428e-01
7.629499659356240304e-01
7.631283060523660344e-01
7.634657286617030358e-01
7.640382058124921549e-01
7.640811552091695269e-01
7.646490533337819695e-01
7.648791401849136529e-01
7.651255384823876238e-01
7.653597095724650190e-01
7.657520654485798772e-01
7.662156175039396278e-01
7.663592724128840405e-01
7.668405021074825578e-01
7.671024446547753950e-01
7.674961772286736927e-01
7.677213020085376094e-01
7.681014498347537023e-01
7.684889967955653711e-01
7.686411075484486100e-01
7.688670050592585348e-01
7.692599969572921914e-01
7.698671134216005241e-01
7.700182454928949927e-01
7.704663272494191029e-01
7.706383766999052032e-01
7.711247747293026311e-01
7.713120803058050035e-01
7.716673516503766983e-01
7.717030928209864804e-01
7.722020713679517145e-01
7.727813349057123249e-01
7.727973892136402734e-01
7.731280235719845129e-01
7.735956235544354520e-01
7.736499826802918367e-01
7.736900303525011680e-01
7.744537170668208681e-01
7.746849553832925173e-01
7.751018465336270147e-01
7.752579274737450010e-01
7.753123902687726332e-01
7.761512936116728989e-01
7.759635953053085622e-01
7.765581282571593080e-01
7.767775981379303474e-01
7.770588794679818001e-01
7.772682103751307192e-01
7.775205692649888034e-01
7.777605919119692235e-01
7.783105097936439121e-01
7.785113739235994812e-01
7.789383018797952918e-01
7.788727963141552912e-01
7.794271795926005497e-01
7.796716788918037766e-01
7.798548480896806412e-01
7.802008214185852664e-01
7.802262318135256836e-01
7.810003320382543635e-01
7.809811453966409855e-01
7.815349146245208489e-01
7.817247699731801891e-01
7.818243388362681179e-01
7.823842179177233902e-01
7.825138994880913579e-01
7.828954822831848404e-01
7.834406899167737359e-01
7.832484758578704964e-01
7.839351386650215137e-01
7.839027805699534390e-01
7.840815816311185182e-01
7.845419378963061074e-01
7.847844699246196987e-01
7.849523168572990484e-01
7.853848852747052911e-01
7.855752834477661706e-01
7.859587900958706630e-01
7.860209337825451170e-01
7.864749473557697268e-01
7.867161931516902795e-01
7.867258323052719327e-01
7.872457554396580237e-01
7.875990689200692563e-01
7.877495975862965905e-01
7.883008852713178083e-01
7.883922432518315482e-01
7.884955656635643795e-01
7.889243394454991121e-01
7.891098914896254035e-01
7.894184603736502659e-01
7.898134220783364912e-01
7.901801739200091657e-01
7.902103548842456249e-01
7.907256307311455457e-01
7.911051267578075308e-01
7.911336184417636641e-01
7.913225691471876821e-01
7.915129587692830704e-01
7.918908899250014510e-01
7.921396338216640798e-01
7.921036872612320368e-01
7.927652771135178522e-01
7.928937592824023550e-01
7.931602771844886712e-01
7.935659407308910396e-01
7.938402932453013650e-01
7.941304092227469136e-01
7.942840614492467921e-01
7.946217440925664732e-01
7.949463598026207389e-01
7.948858546305967998e-01
7.952163079176709504e-01
7.955325861242408259e-01
7.957671480661195895e-01
7.963308017869912270e-01
7.963258603076875941e-01
7.965627899831808634e-01
7.968212181131655303e-01
7.971852649946779001e-01
7.975515212387365160e-01
7.977342343044168116e-01
7.981851507358430631e-01
7.981820872651285148e-01
7.983514650500965759e-01
7.988970144205653767e-01
7.990378858634966663e-01
7.991163592411869576e-01
7.993743613726933539e-01
7.996998639101258188e-01
7.998284850856474115e-01
8.003293422139029500e-01
8.005615482132164562e-01
8.007077654808142375e-01
8.008059421197982752e-01
8.010935938521791533e-01
8.015549415223062191e-01
8.015975875752121560e-01
8.019051010229454324e-01
8.022869618331442965e-01
8.023917171380594571e-01
8.028347942681389737e-01
8.026279143224681611e-01
8.029426274461459734e-01
8.034763154154720421e-01
8.035461280597228084e-01
8.040015431314628813e-01
8.041205849005897965e-01
8.043930765660429749e-01
8.047278826472815672e-01
8.050520195680005431e-01
8.052213638122147632e-01
8.054570980162297777e-01
8.056508465120404416e-01
8.059854923304193841e-01
8.061986150067099732e-01
8.063602728585647084e-01
8.066802871571222555e-01
8.069480652892131456e-01
8.070776415702671791e-01
8.072922569489984213e-01
8.076659217071195940e-01
8.077848680820747251e-01
8.080177793618656956e-01
8.083881519989023490e-01
8.083002766987412713e-01
8.088397117629970712e-01
8.089592114948531698e-01
8.092656684819449220e-01
8.094123354086367739e-01
8.095753715223134028e-01
8.098624569622744351e-01
8.099141393099344999e-01
8.105264539421761505e-01
8.106307051638562688e-01
8.106816402221121987e-01
8.112315462625936391e-01
8.115350907164706751e-01
8.115644555288373807e-01
8.117360343563407854e-01
8.119288863335998307e-01
8.122799568264105208e-01
8.125436547369521145e-01
8.124879895290397780e-01
8.129376509669632433e-01
8.131259968079356248e-01
8.134435567131690359e-01
8.136654311548089380e-01
8.136777482039970755e-01
8.139531511960447219e-01
8.142141157822762043e-01
8.146336303670712597e-01
8.147993847684915636e-01
8.148226855399550717e-01
8.152026176970628146e-01
8.153464016723377394e-01
8.156748246107791145e-01
8.159161949735295183e-01
8.159551476715496410e-01
8.163760548061663735e-01
8.165404201777155535e-01
8.166491771430363089e-01
8.169730021075594095e-01
8.171607238523412864e-01
8.173302605408230281e-01
8.175916509010560107e-01
8.178176663720334583e-01
8.179268763503864115e-01
8.180316372026290583e-01
8.185237726251729518e-01
8.186989854691770763e-01
8.190232626619062817e-01
8.190377020602972458e-01
8.193420442605223730e-01
8.194345897893003938e-01
8.198678589891228441e-01
8.200651773555597268e-01
8.202237875407719647e-01
8.204613513625871324e-01
8.205525515038338824e-01
8.209368976135664742e-01
8.211364973280638191e-01
8.215063397278118407e-01
8.214745207558175055e-01
8.218752963119209110e-01
8.220089061914994666e-01
8.222315373983215547e-01
8.223590106550535683e-01
8.225886843519076841e-01
8.227538411170691734e-01
8.231831212731515190e-01
8.232552951222896764e-01
8.234177695932274332e-01
8.236642693721659692e-01
8.240137795995857717e-01
8.242277683059439086e-01
8.244595540436472358e-01
8.246882939874454754e-01
8.247303340529011928e-01
8.251031904093711900e-01
8.250055146639401205e-01
8.254985708910770326e-01
8.253719812181090631e-01
8.258017643740075409e-01
8.259692881260523034e-01
8.260361215208950059e-01
8.263332194322982049e-01
8.265462782858736812e-01
8.266238748675270864e-01
8.268236431055443481e-01
8.272196859453506690e-01
8.272301684311027525e-01
8.275606239618471527e-01
8.277213666229293887e-01
8.280321308046494355e-01
8.280770490712177079e-01
8.284269280274435543e-01
8.288157010228167643e-01
8.287695479993385517e-01
8.291815935143087568e-01
8.291742163332425086e-01
8.296623327988258412e-01
8.295315439791549617e-01
8.299354701301494552e-01
8.301864779551180185e-01
8.303508675365791625e-01
8.305614394757456775e-01
8.307244644265988631e-01
8.308568384357399861e-01
8.311567108052675401e-01
8.312626166962576724e-01
8.314661115635020305e-01
8.315422963026064540e-01
8.318978679353915551e-01
8.318842897585793095e-01
8.322495529916896784e-01
8.324011226740611891e-01
8.325754155937840073e-01
8.327264407542174229e-01
8.329734567639950349e-01
8.332475506023766521e-01
8.333337716031026243e-01
8.335361129874346853e-01
8.337808908131083552e-01
8.340159140723686360e-01
8.342460954393138284e-01
8.344073328352139551e-01
8.347619610221521658e-01
8.348982457542856173e-01
8.350470622791935638e-01
8.352008172657421348e-01
8.355587580947956283e-01
8.354364326098954185e-01
8.355355917735777238e-01
8.360750112253205746e-01
8.363349412505610703e-01
8.363831379572478353e-01
8.363759772341772258e-01
8.367643553419256142e-01
8.369328054566738118e-01
8.370058642738823496e-01
8.374322816366607247e-01
8.375675331709528937e-01
8.378201853623877815e-01
8.378514410842744509e-01
8.381975840940191214e-01
8.381873024418194928e-01
8.382908048741524176e-01
8.388252476503023081e-01
8.388171312291998749e-01
8.387952074959653670e-01
8.392340548888260754e-01
8.391800657505215089e-01
8.396412164335183004e-01
8.395855576834035938e-01
8.398603352855701365e-01
8.400179824239829562e-01
8.403126938834549753e-01
8.406229852380551204e-01
8.405318066441519465e-01
8.409288898046670679e-01
8.411271053891458127e-01
8.413133180850074222e-01
8.414440440372114027e-01
8.413891452885634559e-01
8.418644209843603177e-01
8.419846943889947033e-01
8.420777882857339858e-01
8.424089214193101194e-01
8.425044185080904358e-01
8.426106571823019920e-01
8.427195748101969919e-01
8.430143450823845974e-01
8.430675396045285153e-01
8.433995075724902701e-01
8.434888171234488086e-01
8.435808334239699446e-01
8.438662374709633429e-01
8.441630475574952719e-01
8.442320379217721493e-01
8.445347798900679770e-01
8.446521653088164827e-01
8.448518795214713384e-01
8.453032978057476443e-01
8.451084870930426485e-01
8.454513445270438465e-01
8.455901889235317714e-01
8.457800744966226247e-01
8.459508788291479897e-01
8.459628390013754773e-01
8.461698314996849435e-01
8.465098110416086064e-01
8.468004048532705719e-01
8.468294786916047423e-01
8.469260831198556216e-01
8.471689211909211314e-01
8.473424414181452979e-01
8.476655869529915455e-01
8.475273361684199092e-01
8.478797261499242399e-01
8.478645947697238672e-01
8.482493157431595376e-01
8.483144499652384152e-01
8.487031375966966884e-01
8.488626430861520022e-01
8.488823392605918672e-01
8.490414096785317000e-01
8.492442554271342203e-01
8.493632719769320660e-01
8.495517495945807962e-01
8.497933337596318415e-01
8.501402216829552216e-01
8.499017032184584819e-01
8.502426355963947913e-01
8.505906301855570284e-01
8.503951155875671963e-01
8.507817500602609107e-01
8.509421188916098666e-01
8.511524648861688025e-01
8.513448093711408760e-01
8.516465218156280548e-01
8.516959001166708454e-01
8.519214565788341131e-01
8.520418520541293006e-01
8.521599078868864474e-01
8.524871735184386123e-01
8.524221132284505176e-01
8.527216657933387456e-01
8.529348139682533247e-01
8.529726444690421960e-01
8.531685541685569696e-01
8.532897036527361534e-01
8.535028668593881429e-01
8.535901022399040583e-01
8.538893522248476309e-01
8.540621209917524936e-01
8.544226704781646697e-01
8.544614787876634310e-01
8.544886515845557806e-01
8.546584632466553977e-01
8.549020132637376035e-01
8.548966257180865558e-01
8.551511943842471375e-01
8.552238680901120826e-01
8.556402737254761304e-01
8.557642535375684645e-01
8.557448862897806263e-01
8.561119936224266258e-01
8.562709067262630480e-01
8.564600215800930449e-01
8.565625348942167427e-01
8.566148569959518566e-01
8.569469407362937385e-01
8.570199047565155714e-01
8.572722774774433896e-01
8.574612014293846451e-01
8.574286184442116987e-01
8.576753186629462178e-01
8.579239717070535898e-01
8.576871569165466225e-01
8.582945116873524904e-01
8.582006204329801768e-01
8.585091876380649412e-01
8.587286930683259989e-01
8.588630948545453725e-01
8.591680477718997011e-01
