3.464821150813265915e-01
3.465749903456842307e-01
3.466049404463021344e-01
3.471165077247110875e-01
3.477606584580905658e-01
3.480476643284876048e-01
3.482142976867856898e-01
3.482350814760145630e-01
3.480259710262201822e-01
3.478715088389195409e-01
3.477015248036541828e-01
3.476230293773608926e-01
3.477337391312779191e-01
3.479648394515997833e-01
3.481586212114876067e-01
3.483852578649965781e-01
3.485089115022897421e-01
3.483857295200545878e-01
3.481833395163920208e-01
3.480741180745986485e-01
3.479559720864569550e-01
3.479793545902296614e-01
3.481449724644851140e-01
3.484512933413274061e-01
3.484952963109166912e-01
3.487641691820687617e-01
3.490237721310079366e-01
3.489298658179983970e-01
3.490620037187709968e-01
3.489800938038999378e-01
3.489168463231308026e-01
3.487877485564076507e-01
3.489280732469730584e-01
3.491077095091874583e-01
3.495255666935943584e-01
3.497153178181174882e-01
3.498927043947801518e-01
3.501307523442289682e-01
3.502142687349219519e-01
3.500934510964294200e-01
3.502454948994893624e-01
3.502475646739066639e-01
3.502769324392918104e-01
3.503490405941697139e-01
3.504239488018147664e-01
3.507314937694072654e-01
3.509464724070020525e-01
3.511318141876369481e-01
3.513360995799215125e-01
3.514752233842060591e-01
3.514819204025488308e-01
3.517229323214017822e-01
3.518908505358201433e-01
3.518900434313731451e-01
3.519136496814679327e-01
3.520677360101746589e-01
3.523696151604189253e-01
3.529165674183170620e-01
3.529167252284088896e-01
3.526540674276559817e-01
3.530558762643345450e-01
3.530040872015317022e-01
3.532833472587381674e-01
3.534235453142964833e-01
3.535825994476156087e-01
3.533834161716105648e-01
3.540582627201734889e-01
3.540610073976354633e-01
3.542970779211727650e-01
3.542745189016965890e-01
3.546375387741015350e-01
3.550259428012716434e-01
3.549818592222869773e-01
3.551536087842130929e-01
3.554544523448413540e-01
3.553858550545679895e-01
3.555756559502452618e-01
3.556143730879174347e-01
3.558755467205189649e-01
3.565162881830500896e-01
3.567247723032890283e-01
3.564471398879572872e-01
3.567523251054002253e-01
3.571550056772058723e-01
3.569194570289125346e-01
3.569681506408136085e-01
3.571633433655641010e-01
3.572824305084846830e-01
3.575300836072543009e-01
3.573110929393573110e-01
3.576118610765870454e-01
3.583432434130254807e-01
3.584277262362350336e-01
3.584994809228173596e-01
3.587864647530583095e-01
3.593131177837871615e-01
3.586741993820242169e-01
3.594620856338830439e-01
3.595847136994107518e-01
3.595948914712686073e-01
3.601282528687159146e-01
3.599771689205779057e-01
3.599283211201778632e-01
3.601748650143175579e-01
3.601581468964591415e-01
3.608963247783318340e-01
3.608973281317858772e-01
3.608901431057088272e-01
3.615131344582239725e-01
3.614592822550315998e-01
3.614388667795142007e-01
3.611471475255592090e-01
3.610884836949015408e-01
3.615587946636993899e-01
3.625334864286361980e-01
3.624840064229056247e-01
3.623413031559143405e-01
3.625676381672039428e-01
3.624035037633681622e-01
3.625364925224536239e-01
3.633873211020942073e-01
3.636244934477804169e-01
3.633841877723197888e-01
3.636261957315886084e-01
3.640133684095218092e-01
3.644172255172333785e-01
3.645182879680534671e-01
3.645595524958043510e-01
3.646477787839343399e-01
3.644817344311881424e-01
3.648151667702442258e-01
3.654078273859407977e-01
3.652410444566892012e-01
3.652291421950106809e-01
3.653972465306444817e-01
3.654301978699648901e-01
3.658228891892427725e-01
3.666686042676736701e-01
3.665578148003277859e-01
3.671661024231621662e-01
3.670424524888800111e-01
3.670537924622969683e-01
3.669935894706404800e-01
3.675653806911928778e-01
3.677860414184916382e-01
3.677080419255442933e-01
3.679669821206285607e-01
3.682487818850901928e-01
3.681742675057297909e-01
3.681970843021893369e-01
3.686669453028583177e-01
3.682017568896450155e-01
3.693681361826221532e-01
3.686513635197631866e-01
3.689369225969306165e-01
3.695440494997306313e-01
3.694291975973206243e-01
3.696543113823107518e-01
3.691431478725440973e-01
3.694796368608948556e-01
3.704079209835355879e-01
3.708321493160955939e-01
3.708900589235002432e-01
3.706365659383580313e-01
3.707398940731052028e-01
3.711641715178127798e-01
3.712972511968952727e-01
3.709763915625380326e-01
3.710389730781107898e-01
3.713774427050991478e-01
3.716823607313232691e-01
3.721393338277427798e-01
3.723168143608075464e-01
3.724338351666354185e-01
3.725255553361672689e-01
3.726761256101495112e-01
3.729776791507380396e-01
3.728811188616877326e-01
3.731956426713133879e-01
3.734335472895057295e-01
3.732225520670249264e-01
3.737444913124288171e-01
3.739817330478520385e-01
3.740690617645812122e-01
3.741675811676563601e-01
3.744139570510276460e-01
3.741249875265984515e-01
3.746885491835538762e-01
3.751059536909603920e-01
3.747742718367327863e-01
3.751893074262040995e-01
3.756196030901079452e-01
3.752125098196480990e-01
3.755054127748959081e-01
3.759260163983863534e-01
3.753708835174746627e-01
3.760808958330096874e-01
3.768219593873041728e-01
3.763493411857161686e-01
3.762078312356908483e-01
3.766605258176715654e-01
3.771865513282722793e-01
3.772809210565012950e-01
3.770894452830328425e-01
3.772621392573786148e-01
3.774377911158489085e-01
3.774883721783780510e-01
3.775476549270175286e-01
3.776838026294787043e-01
3.776176678239287487e-01
3.780603986127205607e-01
3.787194916314051141e-01
3.787217609656288175e-01
3.788028695305969418e-01
3.791644912765731457e-01
3.794071904163595077e-01
3.795490863007529025e-01
3.797285024917325114e-01
3.798691592225022506e-01
3.800043517221211586e-01
3.798456790142616946e-01
3.800825264440312323e-01
3.805069866435482617e-01
3.808741538008035277e-01
3.807715823544685074e-01
3.806922414973895608e-01
3.808607805557353010e-01
3.811409366543672683e-01
3.813549242355667723e-01
3.816379216403998353e-01
3.824143370833861799e-01
3.814171499508701157e-01
3.824083768678426809e-01
3.823909576702907986e-01
3.815090352737422474e-01
3.828803625235467356e-01
3.820007347175522483e-01
3.827235286262966052e-01
3.831830756300440566e-01
3.831768320750115198e-01
3.833879589336847693e-01
3.837887931061399471e-01
3.833621516960098452e-01
3.841079975950947856e-01
3.835156056096293842e-01
3.837089880580418222e-01
3.842300281637197057e-01
3.840730549942443228e-01
3.842494853108650021e-01
3.846656177936881860e-01
3.847842534548244209e-01
3.848123518703037704e-01
3.848816177660704385e-01
3.851057346889404931e-01
3.852981493870137331e-01
3.851605360919133636e-01
3.851777300355343492e-01
3.856344989844812665e-01
3.860130381549741196e-01
3.859194190287179027e-01
3.857948379611573775e-01
3.862913874458023256e-01
3.869893844614341605e-01
3.869326730421536187e-01
3.870552297466887115e-01
3.872563820256110789e-01
3.873625270609615256e-01
3.873421175726743937e-01
3.873731692766828050e-01
3.876726866465042831e-01
3.879000114809556532e-01
3.878326256837943964e-01
3.879869041637156180e-01
3.883398365923471651e-01
3.886403822923762408e-01
3.888231781961152267e-01
3.886030868934103322e-01
3.886915140405062807e-01
3.890416284025242089e-01
3.890507882624203440e-01
3.894649628332701452e-01
3.895475220451706244e-01
3.891283451211092759e-01
3.893849534595006379e-01
3.899040992753939339e-01
3.902779724919590576e-01
3.901128215466587723e-01
3.905108107191406219e-01
3.907433191626320523e-01
3.908232200450514338e-01
3.906225177292362849e-01
3.906501938396971241e-01
3.908039791683689534e-01
3.912241759064667423e-01
3.908585437472112956e-01
3.910317962062769825e-01
3.917507017309534434e-01
3.920257833367344347e-01
3.920774094360629514e-01
3.919315874441170466e-01
3.922162004218878173e-01
3.921638677006775708e-01
3.919238525277577434e-01
3.924134509698176676e-01
3.926489800524168849e-01
3.929538347044706503e-01
3.933383741756355523e-01
3.932962234690654535e-01
3.931892614965236121e-01
3.934497850365963334e-01
3.936207839837218558e-01
3.938419616538908485e-01
3.939546135349587530e-01
3.939951969768907825e-01
3.939414468971147443e-01
3.940686249836747868e-01
3.942642078376440429e-01
3.943938674478372763e-01
3.943615428087359209e-01
3.945376597231857740e-01
3.949091922756861051e-01
3.949130752501240904e-01
3.950323158897448006e-01
3.953700982836524380e-01
3.953677582914557620e-01
3.954128217383450772e-01
3.957317763968725144e-01
3.958360737398697871e-01
3.959484072179642045e-01
3.959578907456646202e-01
3.961588211422671368e-01
3.962132311590923495e-01
3.963949083086527603e-01
3.964398750285114126e-01
3.966874387917765921e-01
3.966721893304007707e-01
3.966385498851552893e-01
3.970872959635367017e-01
3.975097225995118944e-01
3.972795581514772523e-01
3.972857575378032635e-01
3.975126707279981186e-01
3.973242692523373254e-01
3.974168188959418258e-01
3.979087495089236870e-01
3.980639006956332993e-01
3.982277508045491965e-01
3.982801214612681218e-01
3.984379363390646578e-01
3.986382570554454219e-01
3.988169751704797039e-01
3.989462968444466573e-01
3.990551193548478315e-01
3.991003565163577793e-01
3.992365096144469550e-01
3.994634197066163628e-01
3.996397255028833473e-01
3.998052932036156304e-01
3.999227205099037397e-01
3.998854395469277345e-01
3.998422465464054332e-01
4.003316252024700095e-01
4.005884105893266489e-01
4.004943628689411339e-01
4.003849624260296669e-01
4.002489266796736556e-01
4.005951890453439135e-01
4.009166652476327530e-01
4.011106555092384673e-01
4.012653979273808624e-01
4.015252822572676350e-01
4.015792439730472285e-01
4.012132758224838391e-01
4.014380519502098177e-01
4.016242158722163613e-01
4.017499681370828579e-01
4.018866837008133186e-01
4.021471115849833966e-01
4.023197855956723856e-01
4.023986986830357382e-01
4.024429614195132454e-01
4.027734369340981724e-01
4.028659189868515900e-01
4.028907625617055288e-01
4.031129433662553607e-01
4.032832314897735193e-01
4.034200095753250337e-01
4.035452067413770050e-01
4.036006822584441434e-01
4.036126004446718429e-01
4.037695263292283565e-01
4.038113892294050156e-01
4.039712675780368079e-01
4.040737802886353869e-01
4.042175757088071197e-01
4.043132832359387918e-01
4.044544769008380225e-01
4.046905029479750948e-01
4.048292480568165264e-01
4.049617263475193130e-01
4.050746125303075207e-01
4.050389406495616407e-01
4.050797679094090831e-01
4.051501459782765879e-01
4.054202320637687040e-01
4.054739685128307403e-01
4.054954860046439125e-01
4.055798641369184332e-01
4.056268563027720653e-01
4.057578159035092891e-01
4.059112319885672115e-01
4.060916722591854655e-01
4.062958105562179956e-01
4.065731831062321944e-01
4.065854612647467059e-01
4.067799111899705888e-01
4.068696953579691855e-01
4.070103675802462240e-01
4.070134717223661824e-01
4.070822887918109090e-01
4.071216045692763186e-01
4.072369441212104202e-01
4.074250844091193979e-01
4.075954709980857404e-01
4.076424818595110189e-01
4.076656462506289547e-01
4.078191294827063218e-01
4.081110023525487684e-01
4.082148967336446943e-01
4.082639360094872938e-01
4.083936674512826936e-01
4.085308949021957403e-01
4.085321219866223652e-01
4.085464385644236307e-01
4.086685600192733192e-01
4.088717374064479992e-01
4.089420555286769066e-01
4.091025174840948742e-01
4.091615720085936547e-01
4.090536792503901009e-01
4.092482468138045060e-01
4.094588079475455777e-01
4.097085375171738431e-01
4.097328078123393391e-01
4.098388671877347122e-01
4.100306482122346718e-01
4.101781504187619887e-01
4.102604694827078347e-01
4.102638592101660597e-01
4.103727214355666342e-01
4.105214540663266187e-01
4.107801137107437994e-01
4.110238528044212192e-01
4.110847049109399021e-01
4.108785615795744750e-01
4.108587449522057011e-01
4.111101214704228068e-01
4.111691158327932527e-01
4.113563336971985396e-01
4.115762699437861549e-01
4.115365110105971280e-01
4.115762124304467862e-01
4.117414872010057292e-01
4.120623180649614636e-01
4.123203300548144989e-01
4.123670959200566033e-01
4.123052365090184579e-01
4.124074125392090395e-01
4.124281709138349350e-01
4.126778878024628394e-01
4.128044107714813893e-01
4.129451675580870229e-01
4.128687066849361931e-01
4.129707037068247599e-01
4.130685021547981228e-01
4.131851694374100159e-01
4.132924689966726572e-01
4.134219122452881812e-01
4.135367796604423885e-01
4.136608099842644659e-01
4.136601148113218107e-01
4.137419888089414188e-01
4.137597574857475036e-01
4.138427889884788713e-01
4.140240568025428947e-01
4.141755781747900600e-01
4.143563640908101142e-01
4.144141469529779576e-01
4.144468705916128926e-01
4.143883789230484727e-01
4.145548700420113031e-01
4.147151809349764462e-01
4.148185525802292606e-01
4.149967796626197747e-01
4.151889193786214571e-01
4.153190738681464267e-01
4.153081504263403945e-01
4.154666033483557785e-01
4.155211702597313428e-01
4.156361603750740596e-01
4.157556742579003317e-01
4.159383065402738056e-01
4.160599905912754082e-01
4.160902103559196430e-01
4.161676388984152375e-01
4.163246420969617945e-01
4.164729920006076669e-01
4.165332739291597863e-01
4.164776125161694376e-01
4.164129813328129037e-01
4.166351826259212521e-01
4.168976038776744386e-01
4.169353523947096352e-01
4.168625606517613047e-01
4.168580751027070042e-01
4.170700902255096154e-01
4.172222843763978006e-01
4.173044089139740787e-01
4.173696456488442674e-01
4.175613877501566651e-01
4.176165155211386537e-01
4.175538992639631353e-01
4.177805432226072702e-01
4.177922097647538413e-01
4.180930171541624718e-01
4.180612570811144679e-01
4.181205552273379311e-01
4.182478166015071719e-01
4.182730757870556926e-01
4.184052503565447445e-01
4.185071451658466390e-01
4.187215625524501883e-01
4.188338347471066148e-01
4.189861092201776493e-01
4.189918911590983508e-01
4.191864089559398376e-01
4.193814789349009087e-01
4.193516538761729029e-01
4.195020344352560770e-01
4.196431428629299742e-01
4.197587740280744883e-01
4.198500499376511819e-01
4.199044970664704279e-01
4.199746435751415263e-01
4.200566681325568208e-01
4.201394863121371004e-01
4.202422385953317741e-01
4.203199665526792250e-01
4.204482692952881129e-01
4.205653778034846302e-01
4.207428929845427046e-01
4.209206207534688660e-01
4.210624010298822384e-01
4.211692259935242988e-01
4.212357117376726023e-01
4.212767075515391202e-01
4.213900666289401853e-01
4.215049608242924517e-01
4.214255701266563237e-01
4.216301114143590212e-01
4.217133487220178778e-01
4.218531938428322081e-01
4.219900330856641846e-01
4.220955970118520639e-01
4.222230777798535728e-01
4.221870847767602575e-01
4.223254951456041906e-01
4.224899876379301089e-01
4.225591735352107747e-01
4.226572243552403907e-01
4.226937294140633572e-01
4.227839880353007618e-01
4.228174806563350652e-01
4.230498087069266555e-01
4.231069640606597293e-01
4.232270293106228931e-01
4.233612762766748028e-01
4.234622675063730024e-01
4.237948753310671335e-01
4.236056876276513283e-01
4.238925325793557186e-01
4.238239839082392213e-01
4.239728483022734418e-01
4.241313131953327598e-01
4.242951937481532765e-01
4.242680887213153285e-01
4.244188661863219081e-01
4.245927003794349175e-01
4.246354801645340626e-01
4.246697534119471817e-01
4.246676424720084442e-01
4.249281933531765532e-01
4.249341634985266403e-01
4.251411825517128484e-01
4.251833898847361404e-01
4.254464511996575160e-01
4.254258122291795785e-01
4.255770042530664932e-01
4.255944429924143346e-01
4.258440092632192475e-01
4.257740192535667267e-01
4.258014367107240683e-01
4.260518869685641641e-01
4.261859896334984077e-01
4.262539233346906986e-01
4.265308592722470982e-01
4.264657241897054085e-01
4.265763252492908442e-01
4.266690736824081398e-01
4.269237987351365282e-01
4.268893882267104645e-01
4.270844209877647790e-01
4.273601168209723578e-01
4.273828716256515836e-01
4.273718099540621540e-01
4.274150399742412398e-01
4.276849319946498529e-01
4.276813781877639720e-01
4.277068868618500996e-01
4.278693067044835874e-01
4.279406118311230300e-01
4.279520047446705444e-01
4.281619205537801620e-01
4.282268308322154104e-01
4.283308906937074445e-01
4.283803494397148692e-01
4.284496214542743986e-01
4.286034649224413906e-01
4.287619475540663805e-01
4.287993379506431779e-01
4.289660460660598140e-01
4.291789799609692091e-01
4.291790407704978993e-01
4.293478156488842457e-01
4.293969146311023000e-01
4.293932479094907384e-01
4.294593733196099827e-01
4.296013669350229880e-01
4.297018139862929798e-01
4.298312171918226010e-01
4.299461976623858428e-01
4.299612618257853680e-01
4.301275263352667411e-01
4.300654930470078074e-01
4.303737725084345600e-01
4.304260275103778399e-01
4.305854704593695681e-01
4.305403094308977163e-01
4.305458602804704826e-01
4.307200375926739100e-01
4.307814672474921114e-01
4.307242846663257851e-01
4.309303655339740136e-01
4.308115070443159778e-01
4.311139313260866079e-01
4.312653406673159218e-01
4.313833419210447162e-01
4.315462477914582262e-01
4.316746726226598496e-01
4.317895197809220043e-01
4.316603864379917055e-01
4.317718622033281384e-01
4.318540262669081642e-01
4.321004166438723870e-01
4.319553216269366169e-01
4.323091126458126765e-01
4.324891820815043308e-01
4.323711891852745071e-01
4.324252746347934107e-01
4.324723798768734806e-01
4.326440291094409418e-01
4.327633962615932695e-01
4.327922886992924267e-01
4.329611001282146487e-01
4.328585872521794053e-01
4.329310174242362308e-01
4.331253859425215902e-01
4.332698639795662943e-01
4.332507700379923943e-01
4.336029681566930249e-01
4.336232475949403087e-01
4.334911828575016557e-01
4.334653487605460431e-01
4.335484305341646416e-01
4.337100310337325682e-01
4.338680892828347679e-01
4.338762874260834734e-01
4.338817503446609214e-01
4.340623916019427653e-01
4.340753554468016473e-01
4.342122752853840861e-01
4.343177635579069107e-01
4.342994886233715324e-01
4.344670399252750226e-01
4.346189247091394314e-01
4.346292451425000092e-01
4.346585175217412278e-01
4.348292671791012531e-01
4.348649626799300227e-01
4.349104057473798801e-01
4.349675645375212230e-01
4.349737452094831758e-01
4.349912491141334492e-01
4.353558413515375425e-01
4.354176305152303583e-01
4.354914944402070720e-01
4.355299769331598680e-01
4.355218945983634349e-01
4.356970654302236290e-01
4.357082068286158849e-01
4.359334747000152555e-01
4.358961405845109827e-01
4.361241690831771378e-01
4.361465231302273926e-01
4.362617223704579050e-01
4.362555160178782088e-01
4.363037119286197196e-01
4.364230499085258730e-01
4.363782794478350269e-01
4.363782006681679593e-01
4.364429863709694546e-01
4.366233739136625713e-01
4.364769699133080327e-01
4.366400751228680099e-01
4.366147072882495817e-01
4.368000919928349823e-01
4.368749562243771645e-01
4.367769697789667949e-01
4.371295901171490805e-01
4.370608995160573107e-01
4.372868209868933098e-01
4.371455744607998795e-01
4.372832021677072745e-01
4.373991574017589423e-01
4.374430613140646296e-01
4.374183976530799933e-01
4.376275652420665851e-01
4.374983897475469008e-01
4.376387431983853049e-01
4.377535639874213236e-01
4.377253831191440514e-01
4.378297236775612888e-01
4.379617278554466808e-01
4.378199315092382582e-01
4.379793926119300851e-01
4.381302974705496012e-01
4.382286131010553198e-01
4.382694041748693703e-01
4.382075938992435749e-01
4.382786235460469082e-01
4.384004182454998566e-01
4.384802710814629245e-01
4.386368483355190251e-01
4.387456231768062653e-01
4.386739884121523270e-01
4.387702706515521633e-01
4.390121745829281830e-01
4.388673512277868616e-01
4.388635625390072681e-01
4.389879154195143740e-01
4.389966371240390242e-01
4.388629814630615744e-01
4.389255479317284991e-01
4.390572626361158304e-01
4.393104309116617201e-01
4.391258371073161748e-01
4.390728096702926075e-01
4.394337758861993071e-01
4.394814827229140963e-01
4.395072563563157675e-01
4.395731085335421451e-01
4.396584281259853233e-01
4.395998461790394107e-01
4.397953102937857683e-01
4.398213345864080970e-01
4.396880775109386907e-01
4.400907291515296360e-01
4.400121230335617417e-01
4.401297961515899804e-01
4.402028073729017388e-01
4.402256983986474470e-01
4.401399541005043270e-01
4.402110532808456433e-01
4.402933002315719824e-01
4.405126724795871418e-01
4.405359689076943641e-01
4.404588257467439427e-01
4.406435229577527757e-01
4.405877245492962335e-01
4.407657812375815887e-01
4.406952213436532984e-01
4.406676539098192125e-01
4.408918331434136251e-01
4.407514120240120792e-01
4.408730690304509814e-01
4.407907299797551581e-01
4.412050813820005413e-01
4.411156493822152025e-01
4.409668432995426657e-01
4.410273580979817698e-01
4.412546114955653298e-01
4.413460512975086458e-01
4.412509696759737143e-01
4.416269018836782578e-01
4.413833876984798454e-01
4.415380465802196119e-01
4.414082167230313214e-01
4.417570588588827785e-01
4.415638775200445565e-01
4.416119463614504026e-01
4.415979057983466793e-01
4.418728793864860060e-01
4.419915475282659156e-01
4.420496656736495056e-01
4.418556977613040671e-01
4.421773512974710996e-01
4.421951262072103539e-01
4.423013549972831249e-01
4.425349096045426700e-01
4.424739706692231711e-01
4.424208645891103964e-01
4.422825723322781344e-01
4.423555162028932619e-01
4.424578652449108751e-01
4.423948556167537904e-01
4.423594013278117631e-01
4.424141937897621557e-01
4.425678053645005217e-01
4.429961534262651934e-01
4.427167382183207489e-01
4.427399320513666359e-01
4.431572299098438528e-01
4.430856743117031482e-01
4.430447800918267953e-01
4.429110681604093713e-01
4.433056351102850345e-01
4.431734437616253741e-01
4.432262765395749704e-01
4.433918447749637393e-01
4.434799636534634271e-01
4.433707486284610977e-01
4.437430554927776494e-01
4.435272043796686381e-01
4.435170853023069348e-01
4.434782126941030356e-01
4.440753659864313807e-01
4.436900662869871503e-01
4.440549176445295898e-01
4.440231505321909911e-01
4.441740778724057037e-01
4.444536973616754483e-01
4.440681994824553502e-01
4.443560199291118340e-01
4.443444898819625677e-01
4.442336968484779658e-01
4.445374971778566775e-01
4.448205449505675535e-01
4.445412337364969546e-01
4.448418123318652606e-01
4.451150220943753122e-01
4.448904489113523764e-01
4.450366839517135853e-01
4.450942890708109445e-01
4.450095789112700206e-01
4.452559179240336840e-01
4.453681774320836229e-01
4.454597174026544981e-01
4.454837186961747020e-01
4.457104271275598162e-01
4.456351320351747414e-01
4.458640893589723708e-01
4.459502086937188192e-01
4.459905091645962605e-01
4.460886536620252696e-01
4.460905284576668905e-01
4.461459830385184344e-01
4.462405594414145527e-01
4.465377836567873127e-01
4.465214959253816507e-01
4.467959449693877372e-01
4.469720666586847746e-01
4.466482736334039250e-01
4.471857439748632701e-01
4.471400214337410417e-01
4.474070529616968050e-01
4.470988117149352070e-01
4.474167540945381827e-01
4.476237965863923418e-01
4.478133607369163549e-01
4.479079209991090327e-01
4.480880752647460330e-01
4.480147830633608441e-01
4.482354039680613855e-01
4.483019292776279641e-01
4.485226771813468627e-01
4.485516241616212540e-01
4.486055271731992367e-01
4.489257369177138135e-01
4.491294998542058048e-01
4.489134294531207381e-01
4.494328376502195743e-01
4.496144893462150627e-01
4.496124663934707999e-01
4.498737660730520171e-01
4.499441068501925933e-01
4.499203643100335714e-01
4.503410980305389000e-01
4.504180603973750863e-01
4.505987828290762831e-01
4.502700700950217905e-01
4.512541715623591965e-01
4.513705770550279772e-01
4.511380893792638069e-01
4.517097873549135167e-01
4.518180292815467958e-01
4.518188007995547206e-01
4.522385501478771164e-01
4.522252033324409282e-01
4.526912920605825064e-01
4.526195250701165462e-01
4.529427876476290749e-01
4.528141548656438586e-01
4.530929537321716216e-01
4.534934145271040662e-01
4.534837853773152072e-01
4.538332718270152166e-01
4.540668495201326538e-01
4.545224672520887799e-01
4.545848023054397391e-01
4.546344927572668060e-01
4.548209616926194299e-01
4.552812401354456306e-01
4.552044753712622405e-01
4.557942724583867733e-01
4.562144120221269250e-01
4.559075962640650181e-01
4.565155531493224061e-01
4.566362508455582003e-01
4.571052019982649872e-01
4.573444385345615815e-01
4.576157517328349189e-01
4.577092299297516598e-01
4.583329295139019766e-01
4.584522730966774651e-01
4.584906315291519263e-01
4.587348412171074474e-01
4.589694442087283721e-01
4.591739616292501713e-01
4.598480297910710890e-01
4.599097357088707261e-01
4.608973058160495961e-01
4.610870630370885181e-01
4.612507599319000118e-01
4.609744170681027153e-01
4.618218494856233258e-01
4.621193460552708854e-01
4.619312493444717171e-01
4.629450777775847570e-01
4.629377813795546581e-01
4.632383010682769031e-01
4.636426696579604156e-01
4.641991310436243134e-01
4.642192286960105663e-01
4.642867227630875782e-01
4.647989449533629358e-01
4.652338165191076680e-01
4.657523535590740726e-01
4.656328333483422677e-01
4.662338338154864981e-01
4.664250662219869281e-01
4.668165118529390423e-01
4.672939346103542335e-01
4.679417049263912554e-01
4.678840496240683766e-01
4.685969076909722864e-01
4.686775174593280080e-01
4.690045332099652131e-01
4.695469133371218406e-01
4.693335875393635503e-01
4.701122570400694811e-01
4.700535903376270030e-01
4.707688103815772518e-01
4.710756975926359558e-01
4.712341358206197373e-01
4.714456601858726947e-01
4.723629409860083950e-01
4.721101936077773398e-01
4.729133241901108953e-01
4.729792053178279998e-01
4.732357127817668485e-01
4.737787142396148732e-01
4.737732715003240003e-01
4.741061914626256146e-01
4.744535118287626085e-01
4.745465610281147661e-01
4.751779617071841266e-01
4.752491228246356614e-01
4.757945452677694309e-01
4.758329043821665216e-01
4.759815086347971569e-01
4.765604564107883134e-01
4.772316647901502229e-01
4.771901357294976997e-01
4.773146030302266585e-01
4.775693090164354060e-01
4.775787843922486009e-01
4.781702771334335744e-01
4.782375204718108952e-01
4.779335746013175790e-01
4.786009135730603381e-01
4.790767925826429074e-01
4.792265872614776545e-01
4.788264888599600977e-01
4.797590401764936785e-01
4.795360590154980618e-01
4.798234445427888017e-01
4.799261231936530758e-01
4.803046140747352921e-01
4.798212300363406402e-01
4.803858207994560758e-01
4.802128582785044064e-01
4.803368855601817256e-01
4.805321151307769267e-01
4.745837973846320779e-01
