7.386061369737649540e-03
7.104987719493995740e-03
6.907567538424069960e-03
7.045769181089325296e-03
7.228061807865654616e-03
7.252308315279558382e-03
7.118930634480640646e-03
6.972909834261650439e-03
6.860117847650373281e-03
6.670469050083278721e-03
6.544956102120331499e-03
5.800839927002255682e-03
6.102766718538411850e-03
7.681031819970552017e-03
8.532262469173062039e-03
1.060840073179395229e-02
1.250419727343099648e-02
1.130195991810353275e-02
1.066613627552097376e-02
1.096454312919981772e-02
1.090884417895346750e-02
1.159101405461787811e-02
1.373522567740231327e-02
1.702077763408084421e-02
1.626268157733945161e-02
1.948675091093968192e-02
2.372042563797088083e-02
2.375061611591386054e-02
2.658582761504650616e-02
2.614580947677884459e-02
2.614348932131425884e-02
2.538604552289769681e-02
2.746862613742540038e-02
2.887058201163621857e-02
3.452344551373297266e-02
3.778931926855778195e-02
4.054411444340710879e-02
4.393623816566082779e-02
4.511183588779333481e-02
4.475115661797321454e-02
4.703344723955962120e-02
4.787228474957419544e-02
4.907677345431570720e-02
5.082244864249101102e-02
5.254544824803475400e-02
5.562835889424156549e-02
5.806043870438726967e-02
6.121891012660386072e-02
6.417403340089221364e-02
6.698200427188401307e-02
6.781182882854960847e-02
6.962382832421942780e-02
7.249753492718148673e-02
7.266085938946301170e-02
7.440310291941282239e-02
7.894039013695258733e-02
8.238517695969471699e-02
8.559035654278294991e-02
8.758063361786483370e-02
8.798917097968020351e-02
9.053851059122998424e-02
9.214963935508853343e-02
9.561962068729262798e-02
9.701557235692105652e-02
9.904032517779304268e-02
1.030398514899640156e-01
1.041075259125195385e-01
1.050202941939807899e-01
1.078986668335870508e-01
1.102188235293738022e-01
1.123368446639757684e-01
1.165453944521406271e-01
1.182375583886111914e-01
1.192022642909563446e-01
1.233793435772469888e-01
1.249959983606260538e-01
1.275966489076545973e-01
1.291056648664239137e-01
1.302754506545563129e-01
1.333502767001751854e-01
1.364174412404549619e-01
1.389204177566343013e-01
1.418281281033077212e-01
1.450157229460710961e-01
1.462335556921013358e-01
1.481430173247964277e-01
1.508566659005279309e-01
1.531640268223995460e-01
1.558302827884297803e-01
1.573180819056006763e-01
1.593178873958562280e-01
1.625748458864222923e-01
1.651073822034716532e-01
1.664809826633776857e-01
1.686646724027192346e-01
1.717123410990693821e-01
1.730608436675704076e-01
1.763802589286177225e-01
1.779233885867516907e-01
1.806965091690182768e-01
1.826567009223185045e-01
1.853714683815449182e-01
1.867590259109866146e-01
1.902976927608180102e-01
1.919351184978028702e-01
1.923402761471631195e-01
1.958706130015138436e-01
1.975374421748290477e-01
2.001394213502421249e-01
2.018869272223469402e-01
2.040478315173955559e-01
2.060155373243693355e-01
2.080624544698698175e-01
2.108159091750326231e-01
2.136445951221723483e-01
2.146617351724540157e-01
2.170270069430228765e-01
2.202412779225508543e-01
2.223556178001946659e-01
2.237363248166263918e-01
2.257112452714590822e-01
2.274223595597487380e-01
2.293608342640806319e-01
2.311029974996016700e-01
2.340855295491047761e-01
2.367992408244713742e-01
2.385417695735604360e-01
2.399024067880286271e-01
2.423721421694822187e-01
2.448576716530246611e-01
2.462457245452781829e-01
2.483269405556029485e-01
2.506964013889241283e-01
2.522930389351316083e-01
2.537636570054977447e-01
2.562836301279783346e-01
2.591111815405237051e-01
2.607996643712842122e-01
2.625260143277481362e-01
2.643194666315275554e-01
2.665959893061898289e-01
2.682966485864899386e-01
2.704181005595965859e-01
2.728210768449085832e-01
2.745950562655581906e-01
2.768455271378355009e-01
2.782411297934446748e-01
2.801335050365726942e-01
2.825304620980227388e-01
2.844932669895865462e-01
2.853932649380719333e-01
2.873432747142161681e-01
2.894610537017800467e-01
2.914118449386494669e-01
2.933882876853524113e-01
2.954290705466742217e-01
2.963844273665339202e-01
2.985321735001946752e-01
3.018715714074863832e-01
3.031128660824073950e-01
3.052455859730122123e-01
3.066927948802290471e-01
3.082816617923135327e-01
3.099621665290314132e-01
3.117832636260182144e-01
3.143523478968249241e-01
3.161452425104556707e-01
3.177052795144240105e-01
3.189063558019878397e-01
3.210480458402120152e-01
3.233076478124647379e-01
3.255268061412611158e-01
3.272518179053103826e-01
3.289391008996366272e-01
3.304597788304688977e-01
3.321831758799942413e-01
3.338619069751105339e-01
3.352786444270119404e-01
3.368198694805042970e-01
3.385766279552989144e-01
3.396425093837879827e-01
3.414452134577856679e-01
3.441184312703032822e-01
3.456660983571663848e-01
3.469663879982494703e-01
3.486584017310847550e-01
3.506583816288678657e-01
3.522317580265991732e-01
3.542308501357683825e-01
3.551137910636748551e-01
3.573840838800809161e-01
3.585936540763480229e-01
3.604851410210969109e-01
3.624554436810538682e-01
3.636130958482026165e-01
3.656130226198784916e-01
3.668538598985247035e-01
3.686076187944080096e-01
3.705998599524800152e-01
3.720411752397838057e-01
3.736351961065160765e-01
3.746019943458215318e-01
3.763350110305707652e-01
3.780957699592676358e-01
3.793899029357719610e-01
3.810656929035152185e-01
3.833748358181371940e-01
3.844294519620654604e-01
3.857972149525643601e-01
3.874515233467083486e-01
3.889410486083711982e-01
3.899711897584678955e-01
3.916203101824202726e-01
3.936558008536846232e-01
3.946928256923818434e-01
3.962712071094445787e-01
3.979813134943449016e-01
3.994391158968509381e-01
4.008713574247504408e-01
4.024127494310197894e-01
4.040527346355926031e-01
4.054661152199631746e-01
4.065861859697321168e-01
4.080415174879719054e-01
4.104026632480716197e-01
4.109498592326996658e-01
4.130073992450644660e-01
4.141438850392216708e-01
4.158330177047778187e-01
4.171496615376796835e-01
4.179754477080415698e-01
4.196023319386060768e-01
4.208773565659777449e-01
4.229017446210497910e-01
4.242218287387380937e-01
4.246484941584885431e-01
4.261896948158128140e-01
4.280709428070533784e-01
4.295940985905836174e-01
4.312024873404295966e-01
4.320249233474147688e-01
4.332666388210469899e-01
4.346934073059350312e-01
4.362845146743808966e-01
4.375372160258178544e-01
4.387597979151241501e-01
4.404313813101543018e-01
4.415606628065327222e-01
4.428958398598005775e-01
4.443006041014299079e-01
4.452686819089567427e-01
4.466327021987130941e-01
4.477900702079272710e-01
4.492883513592881295e-01
4.507615236306973250e-01
4.521116693956143129e-01
4.534150365603714095e-01
4.547704251794073560e-01
4.553094836681091939e-01
4.566861596532468814e-01
4.582292088868754609e-01
4.594695646098938546e-01
4.608042101303881366e-01
4.620902756948848111e-01
4.630028175508533739e-01
4.641783382919820733e-01
4.655514778608357274e-01
4.670333161106028363e-01
4.680671656121599411e-01
4.692254897216858733e-01
4.708527619863850933e-01
4.721193377076800535e-01
4.733270140581027352e-01
4.742648994590083489e-01
4.747314137693270930e-01
4.767540448048017687e-01
4.780097220521527523e-01
4.789998385726354502e-01
4.805721535356282659e-01
4.812340660129932890e-01
4.824168575158399586e-01
4.838413084239568951e-01
4.858739633253971735e-01
4.856847371782060940e-01
4.869103436905770632e-01
4.882156259338774618e-01
4.894273657725999871e-01
4.906826017589256961e-01
4.920826055222873863e-01
4.929604311916170323e-01
4.938458682820121570e-01
4.952535515238473129e-01
4.964324257090969028e-01
4.975961827051500475e-01
4.984814376984674222e-01
4.998125640001807035e-01
5.007388230620981595e-01
5.022500847909295851e-01
5.028972866692922317e-01
5.039681190387901299e-01
5.054565345143271493e-01
5.066324705517142313e-01
5.075206107118256371e-01
5.086960684671452126e-01
5.096395608552354295e-01
5.106125632860253338e-01
5.116895956324990502e-01
5.122283751494317583e-01
5.134222006306446984e-01
5.145465074740864786e-01
5.155873800690691233e-01
5.167918941364559871e-01
5.176419184263431061e-01
5.190283223750528085e-01
5.197548593079575063e-01
5.208961649105297020e-01
5.222293472321182239e-01
5.231362031719901662e-01
5.243749778486104240e-01
5.252087082126258855e-01
5.261961523660547702e-01
5.272657474464793603e-01
5.284608697876660433e-01
5.294290312257008413e-01
5.304596137865177363e-01
5.311644573373893730e-01
5.325441896588278823e-01
5.333553394394559000e-01
5.342326820194990278e-01
5.352155711397001969e-01
5.363743090016201975e-01
5.371477365984529406e-01
5.380932849422425113e-01
5.388692334594957778e-01
5.402370236955856830e-01
5.410048118596031408e-01
5.419700682609402964e-01
5.429784271608477653e-01
5.439155189600161089e-01
5.445632638660549141e-01
5.459170493446705574e-01
5.469857069573476060e-01
5.475027760601536286e-01
5.485281663257217666e-01
5.493135859097705298e-01
5.504121104566643830e-01
5.509922428340492395e-01
5.524719464183026618e-01
5.530298414633070259e-01
5.542373383930179198e-01
5.550687563586167439e-01
5.556969296756587573e-01
5.564056466473323859e-01
5.575082121472807462e-01
5.584835085553270240e-01
5.590937841550528420e-01
5.602559544844383232e-01
5.610563736037658122e-01
5.619563002838739996e-01
5.625567776043239876e-01
5.633911930171797700e-01
5.644283188058114575e-01
5.653342600650389516e-01
5.663170180482629545e-01
5.672770323204219256e-01
5.680426560028832839e-01
5.687088949186741571e-01
5.696884178983437907e-01
5.704503178249759054e-01
5.710907705595403838e-01
5.723813175575228618e-01
5.731600045882698780e-01
5.739173035188507299e-01
5.744555312210745113e-01
5.752469249027756248e-01
5.761265800645193336e-01
5.767115763788024374e-01
5.776978230089803157e-01
5.787538765782465067e-01
5.794163860986267789e-01
5.801862884393628184e-01
5.811979312902977313e-01
5.820197313820801854e-01
5.825179901909791624e-01
5.831481505654990682e-01
5.842225429162336559e-01
5.850336183367811360e-01
5.858496358862061992e-01
5.866102096571339519e-01
5.876321080940364316e-01
5.885015789434646649e-01
5.890798031870293494e-01
5.898384922659846152e-01
5.907509452019131801e-01
5.915343614671964012e-01
5.918879258521225761e-01
5.929685005513879448e-01
5.937946744731770199e-01
5.947169739699458280e-01
5.951092085503737472e-01
5.959623486249467916e-01
5.966597528749796320e-01
5.972757282668017531e-01
5.982622722993925501e-01
5.989086210297938084e-01
5.995880994832711863e-01
6.003558983217482936e-01
6.010604981260101454e-01
6.016882325285448641e-01
6.025592750180426282e-01
6.034269923519781642e-01
6.037682225993444840e-01
6.047879495345894751e-01
6.056898689499849997e-01
6.060717940340141219e-01
6.067476520774763848e-01
6.077134073934814529e-01
6.083328977411320837e-01
6.088632520649399638e-01
6.097063705607014272e-01
6.107454047943293718e-01
6.114836815619409949e-01
6.118738521028190824e-01
6.126945324638205514e-01
6.132690365262847276e-01
6.140418116568864271e-01
6.145649621855169276e-01
6.151527592028009916e-01
6.162446464889624886e-01
6.169085271221943501e-01
6.172476827275010791e-01
6.177983823035479993e-01
6.185498315534171399e-01
6.193091990596856222e-01
6.203165789711730937e-01
6.210137379977758165e-01
6.214095249678398547e-01
6.226347227494146708e-01
6.230129876777652509e-01
6.236613402859890742e-01
6.240813863480472179e-01
6.247736947365341020e-01
6.254235197206267083e-01
6.257705211597311967e-01
6.266863385227986472e-01
6.273646930081495654e-01
6.283878739690059723e-01
6.286399589230549090e-01
6.291803932732363824e-01
6.299614143275205080e-01
6.305303483264619313e-01
6.313642928177214397e-01
6.319597970480972382e-01
6.324966430461149702e-01
6.332784858998580235e-01
6.337628482874675395e-01
6.343558524278181121e-01
6.350246361479459090e-01
6.356124320776169734e-01
6.362460730597647718e-01
6.371208556146542579e-01
6.375807260508236096e-01
6.382074826925586697e-01
6.386308600837008465e-01
6.394678255547081580e-01
6.396952617811223485e-01
6.402152120573822991e-01
6.411429863207576130e-01
6.414385013452335027e-01
6.423802020545644753e-01
6.432209831492120555e-01
6.435616825205304758e-01
6.439883146161972105e-01
6.448163485427452768e-01
6.454625612913597044e-01
6.458719101073921998e-01
6.465140236632330728e-01
6.473528809695389130e-01
6.478431772224930718e-01
6.484403759349538499e-01
6.489655251832586735e-01
6.493582357400139449e-01
6.502058955837900500e-01
6.507674263599486641e-01
6.511228826340237363e-01
6.516136338763837133e-01
6.524042129119238531e-01
6.530726323380457998e-01
6.533070077965730249e-01
6.538459765884415686e-01
6.546497788846386001e-01
6.552707206785549632e-01
6.559040284739066085e-01
6.564844055969264458e-01
6.566742979822411952e-01
6.573044357769833868e-01
6.579825567113821716e-01
6.586327980553521311e-01
6.590696443934358495e-01
6.593831530143079434e-01
6.600744285120115906e-01
6.606235418609200938e-01
6.612010620306860709e-01
6.621111251616844662e-01
6.626508484271549371e-01
6.630698433137698355e-01
6.634920738540699414e-01
6.640089531787425337e-01
6.646105692712567237e-01
6.651965286149400525e-01
6.656379255101667614e-01
6.660707207888098003e-01
6.665927933104858205e-01
6.672923725060232458e-01
6.679386844233214937e-01
6.685176955789955411e-01
6.686721581801748915e-01
6.694299336177392812e-01
6.698384680249692691e-01
6.703644618230748531e-01
6.707850473204044484e-01
6.714619214230116429e-01
6.718176949508687379e-01
6.721553722289884680e-01
6.731466815702171758e-01
6.734711142428669861e-01
6.738136125324755143e-01
6.743395668301895851e-01
6.748467524079110325e-01
6.760497029693642856e-01
6.762954156937663885e-01
6.765236406800897440e-01
6.772692806339893901e-01
6.777501494806084104e-01
6.781006493289392090e-01
6.786857255959520829e-01
6.790435157873920824e-01
6.794324487224117082e-01
6.797937269891488610e-01
6.805470698642824834e-01
6.813346762994023642e-01
6.816627446829106596e-01
6.819067532158565870e-01
6.826442083972088515e-01
6.829563773710547459e-01
6.835230372227877327e-01
6.839437327816348944e-01
6.844837136422786683e-01
6.850443906379178882e-01
6.854706891095057042e-01
6.858617563916419302e-01
6.864046206508186421e-01
6.868590816881969818e-01
6.872042354285611276e-01
6.879269954074032078e-01
6.882891446060915852e-01
6.887853772457331880e-01
6.891344792906166639e-01
6.898952689634253455e-01
6.903354600359022930e-01
6.905572421244546844e-01
6.912448624669306207e-01
6.916063654958211071e-01
6.922068994286063592e-01
6.927698678227999229e-01
6.929437329349618091e-01
6.933831252993728489e-01
6.937822073967992997e-01
6.944971198866377593e-01
6.948748838681021445e-01
6.953593498622453462e-01
6.957664331205797303e-01
6.963747663047843428e-01
6.965868962398146236e-01
6.974471524954527490e-01
6.976787622161656488e-01
6.981287247420417952e-01
6.987235319611410089e-01
6.988876428161148180e-01
6.995919959875303018e-01
7.000481157899103302e-01
7.003831677586103144e-01
7.006132585044047012e-01
7.013756977069017795e-01
7.018850130034919310e-01
7.023140537577206022e-01
7.025081227499408998e-01
7.029966783767302996e-01
7.033326496098734060e-01
7.038024914276950206e-01
7.042483897334603782e-01
7.046518592922271784e-01
7.051436859290362014e-01
7.056553173600447204e-01
7.061796651269933722e-01
7.066040644187491226e-01
7.071051637914165244e-01
7.073448449050281361e-01
7.079032929947141062e-01
7.081793092565594749e-01
7.087345137960352481e-01
7.091243686669840285e-01
7.094321974641215611e-01
7.101456584999539245e-01
7.104820649078215089e-01
7.110517730653133084e-01
7.111237000934699237e-01
7.116586141185627934e-01
7.121190721069247109e-01
7.125344298990556879e-01
7.129655741127923774e-01
7.131335545604625681e-01
7.137752172721111288e-01
7.143747148248549284e-01
7.143252668282451534e-01
7.149676517520822117e-01
7.153937218003412202e-01
7.157636057243084160e-01
7.161539915585964922e-01
7.165073881518914112e-01
7.170141562575902405e-01
7.173353661659704894e-01
7.178217995227634818e-01
7.181649486063982346e-01
7.186886436591675142e-01
7.190082513430593458e-01
7.192650755772049820e-01
7.199191824146353724e-01
7.202809199118993533e-01
7.204468874777052445e-01
7.210189907004139753e-01
7.215231842576291799e-01
7.219119365822481704e-01
7.223066500588369854e-01
7.227117301232192093e-01
7.232067853049657380e-01
7.233667051708448925e-01
7.236632902339519280e-01
7.240590367294660323e-01
7.245579608373925451e-01
7.249037120771949505e-01
7.253700663363540357e-01
7.259756235553473935e-01
7.260654635495594755e-01
7.265268687249158974e-01
7.270184270375424918e-01
7.273581120874175188e-01
7.277458079152890891e-01
7.280092953066172878e-01
7.285857476144694811e-01
7.288694111619740124e-01
7.292155677985262541e-01
7.297003115434154141e-01
7.297824751123530573e-01
7.302958633593702453e-01
7.305125584676227524e-01
7.312064061657855829e-01
7.315232553962377482e-01
7.320762483658269648e-01
7.321735482728022326e-01
7.325405138495155732e-01
7.329601064653104014e-01
7.332017006007667259e-01
7.336809558463367464e-01
7.340324375852077532e-01
7.343285770034910787e-01
7.348156479926624129e-01
7.352922335055975811e-01
7.357604515632901743e-01
7.358535384663916767e-01
7.362593080598689443e-01
7.367355968515085785e-01
7.371506328351231652e-01
7.374933561418098860e-01
7.377446993912619710e-01
7.381701014058964505e-01
7.385183693645874792e-01
7.388320033732029835e-01
7.392208927503369775e-01
7.394004615662265190e-01
7.397645312350968894e-01
7.404903202809136609e-01
7.403923549087914058e-01
7.412685953732275346e-01
7.411820560790015611e-01
7.416121980952407045e-01
7.421917453809133702e-01
7.424011542950230691e-01
7.426089659171434265e-01
7.432095369122981854e-01
7.431902701224097907e-01
7.436193537488557936e-01
7.443648808351968071e-01
7.446080599173927617e-01
7.445909260572080024e-01
7.451882081838883121e-01
7.455288890979062666e-01
7.456117339423555812e-01
7.462014053569467897e-01
7.465470986658552244e-01
7.469302056058879646e-01
7.472810008632632117e-01
7.474856112066591285e-01
7.477887528497205727e-01
7.479149264789947127e-01
7.484538853517501700e-01
7.491297391250172355e-01
7.492591913379383906e-01
7.494646128319782941e-01
7.498329758781904220e-01
7.501649454517794746e-01
7.508370259885847053e-01
7.509306360949160597e-01
7.508892195864518282e-01
7.514689249452364272e-01
7.516790764856519091e-01
7.522665937170964767e-01
7.526442920672871129e-01
7.531104288698101668e-01
7.532906784182847870e-01
7.534342746119245815e-01
7.538205533584995122e-01
7.543475693144189309e-01
7.543822224096432549e-01
7.547263255552801864e-01
7.551791661225262242e-01
7.552510997539312321e-01
7.557661007406127895e-01
7.563269546156756729e-01
7.563200936467912028e-01
7.567353058726760118e-01
7.569065316136383004e-01
7.575920423030693129e-01
7.577899871723640102e-01
7.582702769306669532e-01
7.584968966499545662e-01
7.587880393397284928e-01
7.590461076864681855e-01
7.592629821486212016e-01
7.596043155450419304e-01
7.598515163898440505e-01
7.602856460456339782e-01
7.605242273117335250e-01
7.606511113551118752e-01
7.610142309176201048e-01
7.612852043174455074e-01
7.617528005605171959e-01
7.619658489163114723e-01
7.623839294921147536e-01
7.624121250653493886e-01
7.630040253045801135e-01
7.632694489506128832e-01
7.635389788172483039e-01
7.638966405903068191e-01
7.641612021474748495e-01
7.644196840623019851e-01
7.649613036422014956e-01
7.652306433583475620e-01
7.654638258547489249e-01
7.657675415916878059e-01
7.660405462115743580e-01
7.661832227344107515e-01
7.665514752627466954e-01
7.667501080702201488e-01
7.672838284570970835e-01
7.674111880546204967e-01
7.677930122342574437e-01
7.680872777019600584e-01
7.683173525078254018e-01
7.687260942653750817e-01
7.689860239871291192e-01
7.691878099160139870e-01
7.695962737472725745e-01
7.697868287517566355e-01
7.700803762388914731e-01
7.704477242874476772e-01
7.707286276570970429e-01
7.711405952020071730e-01
7.712568138189267453e-01
7.715624525076038021e-01
7.719115595178089873e-01
7.722052678341946308e-01
7.722867224173352030e-01
7.727567252692021382e-01
7.731724193271578560e-01
7.735053841117640605e-01
7.733972307976310079e-01
7.736539279315972628e-01
7.738890541147712687e-01
7.743109579541183063e-01
7.746125390804927680e-01
7.748851635116658088e-01
7.751549435950129130e-01
7.752765307692954799e-01
7.756791009071670739e-01
7.757717558091893340e-01
7.763173677861543442e-01
7.766813830128298513e-01
7.768751836415477285e-01
7.771738681945340455e-01
7.774209466571895266e-01
7.778652809888191300e-01
7.779075425028074697e-01
7.780650967696277620e-01
7.783747004490032539e-01
7.786765882535395811e-01
7.791089531577182203e-01
7.792735922645762647e-01
7.794464004066855578e-01
7.799679915886763570e-01
7.799987159664633074e-01
7.803548688967514302e-01
7.806360568881610673e-01
7.810484555395228456e-01
7.810969824738438483e-01
7.813691148955865806e-01
7.818956058158568201e-01
7.817961747555082219e-01
7.823474674309308652e-01
7.825763143197120852e-01
7.826746520231833149e-01
7.829669359741575629e-01
7.832900061437177985e-01
7.834626260573225309e-01
7.835359124864728075e-01
7.840865564450908431e-01
7.840453620249218103e-01
7.847102209456007227e-01
7.849913953566201030e-01
7.850592042375492685e-01
7.855190127623050689e-01
7.854811720534007335e-01
7.859059414310552993e-01
7.861540148847592224e-01
7.862131539328776064e-01
7.868394133320012473e-01
7.867940942780391467e-01
7.871037020201957501e-01
7.874023431376687698e-01
7.877292757494396280e-01
7.877452224145806703e-01
7.879967799743505807e-01
7.881841888775293903e-01
7.886760155487583246e-01
7.886887778231702617e-01
7.892035879684713429e-01
7.893596327877658858e-01
7.895941127017347405e-01
7.899713457721092569e-01
7.900252938285049487e-01
7.903971446691173686e-01
7.909114312565037608e-01
7.909223914178309389e-01
7.911200091665857581e-01
7.913967943756157197e-01
7.916106894854013643e-01
7.920493058051780721e-01
7.924101027017299570e-01
7.923593575063675454e-01
7.927311969762455002e-01
7.929915998341807715e-01
7.931240728321674593e-01
7.933266689815403616e-01
7.935030309072097499e-01
7.937083940869368304e-01
7.939528437868177413e-01
7.943091498723291455e-01
7.945229433071756553e-01
7.949503525003374094e-01
7.951989808630692824e-01
7.950957730301310145e-01
7.953607162922290419e-01
7.957032644527884946e-01
7.958806686065319491e-01
7.962703785342639673e-01
7.964867082110014262e-01
7.967908797377429853e-01
7.969048800277803712e-01
7.971870699625543955e-01
7.973059483617298548e-01
7.974123891763785776e-01
7.978613043898878932e-01
7.980282996871495005e-01
7.983773182661828560e-01
7.983904098651912751e-01
7.986844277514612012e-01
7.988521131981918266e-01
7.992613324629429528e-01
7.993499928950984490e-01
7.995717782379976324e-01
7.999961405302926654e-01
8.000671508623257155e-01
8.003959092637615846e-01
8.006454771117422764e-01
8.008579912680197088e-01
8.009718749070873223e-01
8.012312124739574548e-01
8.015615305736092377e-01
8.017912876654207377e-01
8.020063622911101087e-01
8.020804894864498324e-01
8.022916475160515315e-01
8.026638118583738768e-01
8.026838718592229638e-01
8.030660807296168269e-01
8.033438836694720697e-01
8.035484393162168892e-01
8.036198111421835044e-01
8.038387316616421030e-01
8.041198290231820200e-01
8.043231195241581366e-01
8.045554952363344059e-01
8.045873511262324751e-01
8.049747308634556120e-01
8.051620690236457323e-01
8.053337791408897717e-01
8.055607247548490779e-01
8.057047922986779742e-01
8.059576219896679161e-01
8.063085454483269743e-01
8.064734037010348189e-01
8.066420360023903724e-01
8.069851001100087906e-01
8.072070425126852689e-01
8.073955594433149807e-01
8.076403388012621809e-01
8.078401751871113756e-01
8.078919668015326350e-01
8.079818744758697768e-01
8.082130370183286949e-01
8.085515575234919483e-01
8.086477388282022893e-01
8.090179051303247881e-01
8.092438718014914878e-01
8.093891987612404915e-01
8.099195072660346773e-01
8.098695505576770648e-01
8.099452581949029284e-01
8.101152218831405571e-01
8.103895787809887175e-01
8.107219395283563612e-01
8.108578346179468044e-01
8.111605900978960948e-01
8.111538781359570738e-01
8.116097832198633233e-01
8.118683736660462502e-01
8.118666343556018017e-01
8.122039423088839305e-01
8.123483488896880989e-01
8.124875955697864471e-01
8.127673279138023510e-01
8.129486318320932048e-01
8.130586117590555828e-01
8.133023124286796746e-01
8.136666429619616725e-01
8.137647779764055622e-01
8.137745954999735520e-01
8.141112413244577795e-01
8.141134057768923959e-01
8.145760073803088863e-01
8.146274716154718876e-01
8.148219014575259767e-01
8.150883525114739347e-01
8.152446159931671099e-01
8.155878149958728507e-01
8.158601565742340522e-01
8.159398778402446872e-01
8.162646696256988799e-01
8.162897564096502911e-01
8.162650103685972214e-01
8.166564252450132511e-01
8.168915307572232054e-01
8.170515553347441617e-01
8.173679066991266229e-01
8.174936297980103239e-01
8.174803876825942339e-01
8.179353702475323784e-01
8.180216943862533840e-01
8.183258730994615870e-01
8.184501479692566361e-01
8.187370612884862231e-01
8.189446299545618535e-01
8.191335512528319374e-01
8.191139700751745023e-01
8.193785416237868713e-01
8.196941387926998113e-01
8.199910180848973829e-01
8.199035556691742777e-01
8.203054484115382960e-01
8.204623254679341837e-01
8.206235981943010849e-01
8.208945195002631534e-01
8.210260900910064663e-01
8.211852765760692119e-01
8.214497639568615339e-01
8.215192679574560009e-01
8.217215405611417722e-01
8.218190381049759186e-01
8.223094368176377955e-01
8.223067080248663840e-01
8.225179071095127803e-01
8.226931281232497950e-01
8.228626383413102374e-01
8.233025411295896712e-01
8.233086827511207906e-01
8.234991342340448606e-01
8.236604415274598745e-01
8.238655656645278436e-01
8.239692973089727257e-01
8.243995547559868076e-01
8.242816143014880526e-01
8.245407074110322476e-01
8.247193981311978783e-01
8.249341163043194536e-01
8.250793452805232908e-01
8.253450077958267572e-01
8.254086525954815734e-01
8.258349484275467889e-01
8.258895075126260199e-01
8.260319800356221709e-01
8.261512766133592978e-01
8.262363549636942972e-01
8.266111432810069326e-01
8.266419479128745973e-01
