2.322111518897353438e-03
2.218528565543945001e-03
2.149098834185706082e-03
2.542909988941444675e-03
3.040751575555732805e-03
3.225288732235580963e-03
3.297976408690047722e-03
3.276771705987235189e-03
3.103860129156102866e-03
2.962556270140589455e-03
2.807920166105974235e-03
2.496771211961291027e-03
2.699944829345561539e-03
3.473004762369758490e-03
3.956519361642508829e-03
4.933621546105973824e-03
5.804563976747401273e-03
5.224022969763954943e-03
4.879582602256052684e-03
4.969525468974507476e-03
4.878648695120687759e-03
5.261456194581737300e-03
6.222645127709453862e-03
7.908403575310255645e-03
7.527987481569174168e-03
9.070803137597453075e-03
1.114655864278602491e-02
1.095381425849577262e-02
1.233600470567639169e-02
1.224637376481807483e-02
1.214892014053572770e-02
1.149850068230033953e-02
1.252667594611296155e-02
1.352278674695855942e-02
1.650948838718115791e-02
1.798060036090085023e-02
1.916429681422889691e-02
2.099763942825846191e-02
2.173645949141480085e-02
2.131115596855046035e-02
2.253829375438858376e-02
2.288791360509479303e-02
2.335120765133088389e-02
2.404587072583454568e-02
2.477837972219719062e-02
2.660263105672734663e-02
2.797125569557135094e-02
2.956912900395133534e-02
3.129710815724597722e-02
3.250352143955486522e-02
3.279730886963164171e-02
3.421538392231980585e-02
3.580459180394110486e-02
3.591653096727467909e-02
3.640548020361360909e-02
3.829034024925306867e-02
4.039200567916984008e-02
4.299416772677656234e-02
4.368690211790386690e-02
4.310799334295707663e-02
4.495696630965419216e-02
4.552169105672880522e-02
4.706820652849518644e-02
4.867961567751092483e-02
4.907362690089944052e-02
5.031006074177572784e-02
5.300158397939250948e-02
5.273430267630471735e-02
5.462946392913356486e-02
5.543289639869374008e-02
5.731033439612878699e-02
5.977673926579009367e-02
6.002962661791972493e-02
6.085237217245110380e-02
6.315648913267900288e-02
6.371117295030966077e-02
6.553050380374957073e-02
6.638877829860845292e-02
6.715866089606120637e-02
6.984690730308146245e-02
7.169874478287537045e-02
7.215377639945591559e-02
7.430100635267958276e-02
7.661856263699111380e-02
7.617954916075624083e-02
7.621582191332831879e-02
7.782445203920961008e-02
7.954662856894278988e-02
8.146631614890070816e-02
8.167508964227357393e-02
8.266013431218489915e-02
8.526851352887998559e-02
8.668733223104389818e-02
8.795580345511407050e-02
8.938632099066688708e-02
9.161909006033988612e-02
9.193956750543737233e-02
9.413655174223059530e-02
9.434445390747417393e-02
9.580323183986205748e-02
9.738887750673148880e-02
9.952161084416001613e-02
9.994787467285574933e-02
1.013492150937816000e-01
1.020582201551928914e-01
1.038977218128500080e-01
1.056238380487731915e-01
1.060694243255882463e-01
1.085249895103149731e-01
1.086688372128032098e-01
1.100640621225037336e-01
1.110087369246614691e-01
1.121256097420521708e-01
1.146497320952304944e-01
1.161282673256970460e-01
1.161580904361501493e-01
1.181893315751643136e-01
1.198575428160536110e-01
1.207582872826383630e-01
1.219502916686796279e-01
1.239088089362074263e-01
1.245512764730401789e-01
1.260227884324798819e-01
1.277101810075570165e-01
1.294556650461889669e-01
1.307744305307884380e-01
1.322074967334787021e-01
1.331397037722400478e-01
1.345313712108611726e-01
1.359715038630035788e-01
1.368338674226844409e-01
1.384819737778904269e-01
1.396461408991434838e-01
1.404196620993459765e-01
1.415361507821877307e-01
1.438190201548905645e-01
1.446926361343481848e-01
1.461821198059855276e-01
1.487592612507164513e-01
1.490403784698655920e-01
1.501713364640726023e-01
1.520598346596090111e-01
1.532990646382806910e-01
1.547761103234438218e-01
1.555818109982774478e-01
1.564095812134966845e-01
1.582581351988455454e-01
1.599837487338399700e-01
1.620983459815910077e-01
1.622138109183925980e-01
1.632325135180681397e-01
1.639502678424897553e-01
1.656505216189805563e-01
1.669216448583633050e-01
1.675270745239818282e-01
1.698605685922453257e-01
1.705643359275351434e-01
1.719167173086119937e-01
1.731762331349089856e-01
1.748218324667986379e-01
1.755565719800617763e-01
1.770306240843866619e-01
1.783478746870090503e-01
1.800227301456227280e-01
1.818468638236631907e-01
1.826417830385926311e-01
1.832880071457492488e-01
1.846276567724784157e-01
1.860578076544260329e-01
1.869789354182420649e-01
1.888643674598362299e-01
1.905075634960659292e-01
1.909987249604402915e-01
1.920557179649751978e-01
1.936963470071173810e-01
1.947029809839971870e-01
1.961358395171924618e-01
1.974839175249269996e-01
1.983864206793845009e-01
1.994572520733298715e-01
2.010030465856725013e-01
2.018405351541187887e-01
2.033604017197231384e-01
2.050745831415778098e-01
2.058691166233617420e-01
2.068952066964939440e-01
2.079237409655881053e-01
2.092060610243200725e-01
2.103928047936935719e-01
2.123637920780976629e-01
2.138275042653441094e-01
2.136946228289423322e-01
2.155809148185620916e-01
2.168346415681490225e-01
2.176210935187223305e-01
2.189100719480693291e-01
2.208506268381546511e-01
2.216650496465567555e-01
2.228285933011348585e-01
2.237064558921834090e-01
2.253639701076893820e-01
2.263400444822260549e-01
2.273110357756671640e-01
2.285559570595593060e-01
2.296360884882345244e-01
2.304724412199982697e-01
2.318403051284998184e-01
2.332081779792669618e-01
2.346834606020722080e-01
2.354701693906648685e-01
2.367537795836983927e-01
2.385499346126126186e-01
2.393668217341239912e-01
2.402723268190183892e-01
2.420258010175932450e-01
2.432345120624953283e-01
2.441849107693683518e-01
2.449482522166281373e-01
2.463258675786009766e-01
2.476279479925111437e-01
2.482990888077911407e-01
2.495089832373098282e-01
2.513740669867097210e-01
2.520528803922211791e-01
2.527900084562501593e-01
2.546138507921877348e-01
2.555362570151882839e-01
2.566224919793034243e-01
2.578667672506107511e-01
2.590233986707426439e-01
2.601589356254705443e-01
2.609143010026083176e-01
2.622722296943785225e-01
2.637945510723971321e-01
2.645758840396620348e-01
2.659187008777114669e-01
2.668997711548228846e-01
2.679108287302903735e-01
2.690308348503934743e-01
2.705837737312002944e-01
2.715188967372768047e-01
2.720726603536324228e-01
2.736112830357762538e-01
2.747701165940019674e-01
2.757999961851079207e-01
2.770395970669580765e-01
2.782818012356690351e-01
2.789212422957183524e-01
2.799787491478742951e-01
2.810933018213367385e-01
2.819526027636709564e-01
2.831243895911420561e-01
2.842764791386470091e-01
2.853463080394056384e-01
2.866483726625101425e-01
2.877929880953850605e-01
2.889410581951921686e-01
2.900244810149635311e-01
2.915026396985546109e-01
2.922778324299374342e-01
2.931044950686916284e-01
2.943225455644426503e-01
2.953236191865902249e-01
2.966662637623435628e-01
2.977525180949702754e-01
2.988541359426202804e-01
2.997557896779532993e-01
3.009241041124537386e-01
3.017050246820879855e-01
3.028817708307194323e-01
3.043647408747837124e-01
3.049855114337667872e-01
3.060718884484769364e-01
3.070228163843225500e-01
3.079297881268956427e-01
3.094759061932018662e-01
3.103757276178666924e-01
3.112591160173673321e-01
3.126977638240158175e-01
3.134899320770545006e-01
3.148113817104641887e-01
3.156527186133651908e-01
3.164886418869561346e-01
3.177606714626427520e-01
3.185703238593582953e-01
3.194062780324290474e-01
3.203778430216362438e-01
3.217526743593814853e-01
3.229152524151841508e-01
3.234890691927602702e-01
3.244392582747999132e-01
3.254096949769268443e-01
3.264602246986349487e-01
3.278039884897468448e-01
3.287934007745051401e-01
3.299980132353728113e-01
3.311004381225750581e-01
3.320047323505512238e-01
3.331651035594998533e-01
3.343570595191167061e-01
3.347850046909794375e-01
3.357909970890911033e-01
3.369878976139042415e-01
3.379369005583978125e-01
3.387233976767884402e-01
3.396780716733129868e-01
3.410305338762193994e-01
3.417420977337569110e-01
3.427382326488797037e-01
3.436804606121008909e-01
3.449736366991794645e-01
3.462112680505226581e-01
3.466273412416790989e-01
3.476809898779823493e-01
3.488084234244839821e-01
3.496605511481042372e-01
3.504524645439904273e-01
3.513347513820588297e-01
3.525124753509308317e-01
3.536088774370744203e-01
3.548072858741080360e-01
3.555135888764519581e-01
3.563307803069024060e-01
3.570195659676488886e-01
3.582219821706051910e-01
3.592965836075610597e-01
3.605050143625843639e-01
3.614225879581866030e-01
3.621370750704876462e-01
3.630876087260200280e-01
3.641183432888812632e-01
3.650551298364753672e-01
3.659969220755563413e-01
3.670955530220678109e-01
3.678852806606631165e-01
3.689326870859357399e-01
3.699527439323828104e-01
3.706909622384045866e-01
3.715360768081701348e-01
3.726597345700775055e-01
3.735483435959361942e-01
3.744051799416533433e-01
3.756509560494477040e-01
3.766331911759146500e-01
3.771598268768268092e-01
3.782668189319561280e-01
3.791913025415470928e-01
3.803212553598583345e-01
3.811371881351923729e-01
3.820789428832674917e-01
3.828513970153742951e-01
3.837150250168881449e-01
3.846256815453648614e-01
3.851770197194319678e-01
3.862098649322325827e-01
3.872703185632948020e-01
3.883951359514470902e-01
3.891314134090857468e-01
3.899204857171982841e-01
3.909755123195012838e-01
3.921558964716966300e-01
3.926864905721689225e-01
3.934150665774256428e-01
3.942770332004784661e-01
3.950477602552677769e-01
3.960304403888259550e-01
3.969732615663639774e-01
3.980542461975625779e-01
3.990846374514774864e-01
4.000483586711697237e-01
4.008298465996878446e-01
4.014764463049926291e-01
4.025851539603539919e-01
4.035305728643185375e-01
4.045765108909069596e-01
4.055337726429171230e-01
4.066968661518742811e-01
4.072084883435481695e-01
4.079721836227945819e-01
4.086893787503336206e-01
4.096872317434837596e-01
4.104849044151560600e-01
4.113632397358666926e-01
4.121327437203140542e-01
4.129982881300854336e-01
4.138819801961665101e-01
4.146464149790327069e-01
4.153041139073935240e-01
4.162141401913064254e-01
4.171104445313600362e-01
4.180187480876347283e-01
4.189335874627870826e-01
4.198945869187034052e-01
4.206874677965249387e-01
4.215616666715068517e-01
4.223765868027981596e-01
4.233790052002990301e-01
4.241240774707953354e-01
4.248917424632094320e-01
4.256955838854403762e-01
4.267761490637282384e-01
4.275074484635713046e-01
4.283503523008738711e-01
4.292586403492832936e-01
4.298673829603872343e-01
4.308215323901756211e-01
4.317447750945685447e-01
4.326377227592020369e-01
4.333829231074408650e-01
4.341670600264868618e-01
4.348682247595136441e-01
4.358190373292178954e-01
4.365872623546919740e-01
4.373715703232303742e-01
4.384110388108900525e-01
4.393215475460802710e-01
4.397812861804575313e-01
4.405048499354159430e-01
4.412636150241373567e-01
4.421075241447565696e-01
4.430946284622730436e-01
4.440077109891853446e-01
4.445930285478461030e-01
4.454064239374233569e-01
4.463039811064779538e-01
4.470200081478366561e-01
4.478874874697642561e-01
4.488121110833019900e-01
4.495356996385711512e-01
4.501147860201434314e-01
4.509518161454822982e-01
4.516653393250777415e-01
4.527558348457002557e-01
4.533083903590346408e-01
4.542017045021329857e-01
4.549337631736076748e-01
4.557988408614453979e-01
4.566425454911343662e-01
4.572739365043511084e-01
4.580937475184791996e-01
4.586397307338383467e-01
4.593902195038543357e-01
4.603241403213446103e-01
4.610827312219886176e-01
4.620214858014924930e-01
4.626729922299728792e-01
4.634631333767519901e-01
4.645225723891636682e-01
4.652978468956760483e-01
4.662373950797920052e-01
4.668221803846024920e-01
4.674544576202512847e-01
4.680414962050484240e-01
4.690194237156732893e-01
4.698157599337702273e-01
4.705773081609405106e-01
4.712527555683352909e-01
4.718475762094542780e-01
4.727223762421137176e-01
4.734273785646438415e-01
4.742466847303357103e-01
4.749031683356223499e-01
4.759375684168721810e-01
4.764969522575420169e-01
4.772042800793492301e-01
4.782340376511089453e-01
4.787796113153888755e-01
4.794354716380299086e-01
4.799115299949787139e-01
4.808097877403385012e-01
4.816061343855249088e-01
4.823384127825503520e-01
4.830609701051056248e-01
4.837146458592163634e-01
4.842622085616428707e-01
4.854102320262266845e-01
4.859724560999523213e-01
4.867284962152796379e-01
4.874393046520404948e-01
4.882613487111697181e-01
4.888684510032209607e-01
4.896825037632832611e-01
4.903660225973597298e-01
4.909864871420486221e-01
4.918251921493799195e-01
4.924738499021779625e-01
4.933235538293829769e-01
4.938098803965220718e-01
4.947335827840311784e-01
4.954322370217180693e-01
4.961919397287186673e-01
4.963838902706112499e-01
4.971443945481596738e-01
4.979721386481263945e-01
4.988775300630813314e-01
4.995939589253310387e-01
5.004400957448178477e-01
5.010465443645071293e-01
5.017095848830988025e-01
5.024537194239314664e-01
5.030926534255474314e-01
5.038106038867572467e-01
5.044117648003116905e-01
5.049443691629326159e-01
5.060558609849679090e-01
5.065808501765188820e-01
5.071754667282976081e-01
5.081346770102583843e-01
5.089216347935704432e-01
5.094471401568310132e-01
5.097056048899226699e-01
5.105083193222464955e-01
5.113010671058801915e-01
5.118848154989833477e-01
5.126741868978937910e-01
5.132041263701744294e-01
5.140183851828428185e-01
5.146991674182418430e-01
5.155259838288174246e-01
5.161517622113780401e-01
5.166539366996272253e-01
5.174042341468736428e-01
5.180928644117491766e-01
5.186934617711218554e-01
5.195287481152390807e-01
5.201234402383447808e-01
5.209232317709432403e-01
5.216719924858618240e-01
5.218830282526121245e-01
5.226701437457151878e-01
5.233317005220367024e-01
5.241459918355183545e-01
5.248358833250232891e-01
5.255513898573933584e-01
5.259865812448288880e-01
5.267189388981132758e-01
5.274462077445023489e-01
5.279272405979328342e-01
5.286624746421481058e-01
5.292017289473058828e-01
5.297867602470732740e-01
5.306106858058319276e-01
5.312658510566071746e-01
5.319564682302669878e-01
5.327660980549255854e-01
5.332333894391307894e-01
5.339101031381822127e-01
5.343304342304402432e-01
5.350822479300630929e-01
5.358327979728511048e-01
5.364419469202188484e-01
5.372062017615469864e-01
5.379882836079691311e-01
5.381582900749097842e-01
5.390187553857613834e-01
5.396091278923033085e-01
5.402781936996974288e-01
5.409189511995987631e-01
5.415616580437149219e-01
5.422310214951465701e-01
5.426760519921650650e-01
5.432532292565642740e-01
5.440181021340406708e-01
5.448610244729674701e-01
5.453598430491294335e-01
5.460332791543747177e-01
5.466362757548669515e-01
5.472441395334797232e-01
5.477941910906387601e-01
5.486413617367680295e-01
5.490821823605704921e-01
5.499333317403355403e-01
5.502520695385526572e-01
5.510342601742478363e-01
5.513476454811786498e-01
5.519707500419601676e-01
5.526219246173524891e-01
5.533255783290471630e-01
5.540832699545998885e-01
5.546666079555482298e-01
5.551630624949903670e-01
5.559426738152122294e-01
5.566438694790981634e-01
5.571739251225725775e-01
5.575450735657238033e-01
5.581434949004335788e-01
5.591340282218681956e-01
5.596083681184549352e-01
5.601675087238193740e-01
5.607244020966373199e-01
5.612961286796626093e-01
5.619493126022823137e-01
5.622522074098239564e-01
5.633821701236880752e-01
5.637165888362908328e-01
5.646395262917255353e-01
5.649205984528755664e-01
5.656182451296632996e-01
5.660050338448313623e-01
5.668741234893558412e-01
5.676819724685403523e-01
5.679720461745666471e-01
5.687276450148662787e-01
5.692711028519239491e-01
5.697930547720929662e-01
5.705359750883257641e-01
5.709851966371961574e-01
5.718102222730095940e-01
5.722039835515317918e-01
5.728309346017812498e-01
5.734997870573849132e-01
5.738986366644087678e-01
5.746810636536022754e-01
5.753267928869173486e-01
5.758683505385255863e-01
5.765990716836152385e-01
5.770683121967861151e-01
5.776276037721286283e-01
5.781364516293752143e-01
5.789032839521158769e-01
5.794910141042923790e-01
5.797898693740222154e-01
5.806819810546642868e-01
5.812014466882908792e-01
5.818039065588169745e-01
5.826500936779739348e-01
5.831071670576645216e-01
5.835538110219435914e-01
5.842985119980271813e-01
5.846890332082945729e-01
5.854472115970409396e-01
5.858210355649535739e-01
5.867455413455499036e-01
5.871761475918051421e-01
5.879428769181330727e-01
5.884551208541320966e-01
5.890263781561366763e-01
5.898516671452821436e-01
5.901541386272441958e-01
5.909662567269995392e-01
5.914795255210071323e-01
5.919501733630423423e-01
5.925632551166026829e-01
5.931915764834453375e-01
5.938953351903638600e-01
5.943657660759744665e-01
5.949229349887252827e-01
5.955991130267705991e-01
5.965663942315493351e-01
5.968549670193439294e-01
5.973260206198035549e-01
5.978425127702603481e-01
5.985566806678309648e-01
5.991063955092355009e-01
5.996731328277075113e-01
6.003191767396607315e-01
6.006827640941180269e-01
6.012971884465061478e-01
6.019363369086999649e-01
6.025859586192097161e-01
6.033903769689453744e-01
6.039445588125043063e-01
6.044565178978342779e-01
6.050200722971093015e-01
6.056077105670049088e-01
6.061552002288393970e-01
6.068380193816332868e-01
6.073321740224024712e-01
6.080429880957285427e-01
6.084860428506568830e-01
6.092972919465736714e-01
6.098259727392332241e-01
6.102941524845322263e-01
6.110410396871510663e-01
6.117019210456419165e-01
6.120113733447832827e-01
6.126559332992986828e-01
6.133030814668485320e-01
6.136902708794849115e-01
6.144335578032739109e-01
6.149495814302132768e-01
6.154713786303063205e-01
6.162889542224498918e-01
6.168273021557850733e-01
6.171826153581178032e-01
6.179201503234782455e-01
6.183860910123621935e-01
6.191083513717180464e-01
6.197081946966244148e-01
6.202848864323742273e-01
6.208973412742876397e-01
6.216182849148691458e-01
6.219925357807737365e-01
6.225428849692421496e-01
6.234977783289857856e-01
6.238640909469066465e-01
6.242409886342393799e-01
6.249519946566582940e-01
6.256858238034201936e-01
6.261924280841395518e-01
6.266640118078584676e-01
6.272304278298391766e-01
6.280464609384711627e-01
6.286352377904783628e-01
6.291857952549597677e-01
6.294966160843861180e-01
6.303145144880628603e-01
6.309065616437348201e-01
6.314846538134087917e-01
6.318836605333092438e-01
6.324966015819797338e-01
6.330261554118261635e-01
6.336027340475260949e-01
6.342351483880971363e-01
6.347506561512109569e-01
6.353431440954184772e-01
6.360470115627112619e-01
6.365535092518428417e-01
6.371637003569354807e-01
6.377244380592023143e-01
6.382422039495331267e-01
6.388742577520654109e-01
6.394853577340974260e-01
6.400883622452987476e-01
6.405402321136149935e-01
6.412491693453489239e-01
6.419887820650690413e-01
6.421594875664855540e-01
6.427793553392890935e-01
6.437017316748802065e-01
6.441264306602527689e-01
6.447735112874497521e-01
6.451872464138326269e-01
6.458102463418271544e-01
6.464933737361734378e-01
6.468977378844751325e-01
6.475894238285233584e-01
6.480852934189743619e-01
6.486912320598835491e-01
6.492965573941968938e-01
6.498831202125165962e-01
6.502486861194037848e-01
6.507765549988462350e-01
6.514809436966476630e-01
6.519101565002592968e-01
6.527940701845181826e-01
6.529500024764293142e-01
6.536646075242300569e-01
6.543499488732799074e-01
6.549273586713294515e-01
6.554196657336879284e-01
6.560886258641133173e-01
6.565324061917323650e-01
6.572428510739602991e-01
6.579023880349044173e-01
6.581664338822293958e-01
6.585786569500950982e-01
6.593144059968573112e-01
6.599424251188266144e-01
6.603348264039311522e-01
6.608677197869836650e-01
6.614280734149998731e-01
6.619032257972063960e-01
6.624834732719555586e-01
6.629878543249823064e-01
6.636814850311348879e-01
6.640527020659338087e-01
6.647961790988230479e-01
6.653877153286273938e-01
6.655983684389501498e-01
6.661504465283054621e-01
6.668850419414513730e-01
6.674778681856062823e-01
6.679287445524267897e-01
6.686326046659558653e-01
6.690986754485599430e-01
6.697657655502186058e-01
6.702260480698468692e-01
6.707019513279860456e-01
6.712871410697903718e-01
6.717290949529828303e-01
6.722658596361641425e-01
6.729417791168730290e-01
6.732762446992609506e-01
6.738227264058861410e-01
6.747069202913944519e-01
6.750481455389427676e-01
6.754410704152417066e-01
6.760404757961024913e-01
6.765599481995413500e-01
6.770738036554604378e-01
6.774315082259581011e-01
6.780917731881660471e-01
6.787124422392660783e-01
6.793148193512408284e-01
6.796822372526679645e-01
6.802367488331093615e-01
6.805298357035978185e-01
6.810758914737813363e-01
6.817289821783049097e-01
6.823280493967414095e-01
6.827597172456539854e-01
6.831255132016077480e-01
6.838025644247488488e-01
6.840599550405876972e-01
6.848465972277224534e-01
6.851337722114874129e-01
6.860206519007507886e-01
6.863058867837362742e-01
6.867529354214481074e-01
6.873170677959279384e-01
6.878295230708380004e-01
6.882661129539358047e-01
6.886563784535667532e-01
6.895706377415248278e-01
6.897616254230034549e-01
6.902727446682962453e-01
6.908097607168157683e-01
6.912816940804493715e-01
6.917536528617653779e-01
6.922686536897094678e-01
6.926744481636464279e-01
6.931436433942085307e-01
6.938562094645750467e-01
6.940607680045771666e-01
6.946332178601302143e-01
6.951330289844294130e-01
6.956904595972930316e-01
6.961499698185863449e-01
6.965802482749454683e-01
6.972563805712662655e-01
6.976570351858066843e-01
6.980018355897554816e-01
6.985444536609766164e-01
6.990032676046302740e-01
6.995011833348275809e-01
6.998675214278412549e-01
7.001158880089204395e-01
7.006596315060161784e-01
7.012886621596927661e-01
7.017815624839309763e-01
7.022041001116822168e-01
7.026213862655432685e-01
7.030608059575272906e-01
7.035275915974464889e-01
7.040225988098010035e-01
7.045579966419904805e-01
7.050063339643292126e-01
7.052865904369602923e-01
7.057433298573729807e-01
7.060293719693371273e-01
7.067689090559167164e-01
7.071185871437084547e-01
7.073898294617264604e-01
7.080159037858833049e-01
7.085027850710364783e-01
7.087396319197603045e-01
7.094457820905755163e-01
7.098092904695816330e-01
7.104361354868022893e-01
7.107974556937395327e-01
7.110792188004902981e-01
7.117204664775818035e-01
7.120634010095117095e-01
7.123660557291812134e-01
7.128736120646937957e-01
7.131206795560893763e-01
7.137883312541113412e-01
7.140198646756197309e-01
7.146962609336486860e-01
7.150049189868178390e-01
7.154468492183897466e-01
7.158177787776370815e-01
7.161770575278861850e-01
7.166218289749229919e-01
7.172110370837372351e-01
7.175831915783952297e-01
7.179244748115091168e-01
7.183371622326898409e-01
7.188187378478214651e-01
7.193204669181088029e-01
7.195503526480377943e-01
7.198017515586776494e-01
7.204335585621923777e-01
7.207457959874942199e-01
7.209635335409333434e-01
7.216410650611436717e-01
7.219593772512082896e-01
7.226041903953758228e-01
7.227370305470917078e-01
7.231643311191130463e-01
7.236077656439598993e-01
7.241725591657508510e-01
7.243198870847953330e-01
7.248112673786323290e-01
7.252300845378170102e-01
7.257062758505979927e-01
7.260187735726679747e-01
7.262348373609563978e-01
7.268052274954825975e-01
7.271132348703466253e-01
7.274587072609652871e-01
7.280751198096697685e-01
7.284798583286072882e-01
7.289346419995978987e-01
7.291413820604070173e-01
7.295161339151694513e-01
7.299418559519612604e-01
7.303653669041082486e-01
7.306980038750358064e-01
7.309092160666474935e-01
7.314741062191333354e-01
7.318310213988767909e-01
7.318646967279173188e-01
7.326213932571605802e-01
7.328775587446934026e-01
7.332129214554204966e-01
7.334688658452159782e-01
7.339369404047989542e-01
7.344247475882018650e-01
7.346420031104423654e-01
7.351113015532659833e-01
7.355090268153889888e-01
7.357292994021698007e-01
7.362746478184929444e-01
7.365608576888432735e-01
7.369858935777080511e-01
7.373998713949112549e-01
7.375778607272884813e-01
7.381324237054617265e-01
7.384894748982558932e-01
7.387598079016616248e-01
7.391064663205179075e-01
7.394367767780303247e-01
7.397447622539753409e-01
7.400405787086523635e-01
7.403415129679754569e-01
7.407886774479842673e-01
7.411774807725148850e-01
7.415146601762050427e-01
7.417336480148167821e-01
7.422612362717261325e-01
7.425404052028942159e-01
7.428089458115624266e-01
7.432890598109836988e-01
7.437255521570313999e-01
7.440941347213092527e-01
7.442404296078870551e-01
7.447782321423770391e-01
7.449406099042009677e-01
7.454555098644837230e-01
7.457599727190094008e-01
7.461690329997687776e-01
7.464689168457424584e-01
7.467646704635645394e-01
7.471264053506635472e-01
7.474480407036242502e-01
7.478937499006278466e-01
7.481144636689629479e-01
7.486494739292630651e-01
7.488837681462793272e-01
7.491903485917092986e-01
7.494960329207970284e-01
7.497934895778480824e-01
7.503300302337485572e-01
7.505568989377693345e-01
7.508470765492145649e-01
7.510187332907370950e-01
7.515468312638492465e-01
7.517790127669230493e-01
7.522135679082028181e-01
7.526037406274681540e-01
7.527870098261846277e-01
7.530652588567221528e-01
7.535169565191786045e-01
7.537367009952476993e-01
7.542711337670887639e-01
7.545256225210177359e-01
7.548780755853752300e-01
7.551203859853090616e-01
7.554905778442219111e-01
7.558795554235602232e-01
7.561435488738733612e-01
7.563577976620939891e-01
7.568491055876320761e-01
7.571394186439343033e-01
7.573923757347678087e-01
7.576489664574077576e-01
7.582259300484485154e-01
7.585807485292178631e-01
7.587248047758186065e-01
7.591575152056990738e-01
7.593460523532614692e-01
7.596767235569746868e-01
7.599297957085755506e-01
7.606069622436411048e-01
7.607607185308605802e-01
7.608815447666266163e-01
7.613975889084781956e-01
7.617298718659150092e-01
7.618806941006855959e-01
7.624794960371923391e-01
7.627387878865063975e-01
7.629266048505415343e-01
7.633684738171813144e-01
7.637379194981548380e-01
7.639783858818171014e-01
7.642140686512925996e-01
7.645829761555873461e-01
7.647861941506639560e-01
7.652925906755716490e-01
7.658094989908709183e-01
7.660493221874484782e-01
7.663718816898491548e-01
7.665439567670706555e-01
7.669155901951534293e-01
7.673713699771461672e-01
7.675497381397756724e-01
7.680181617423297302e-01
7.680480649319981756e-01
7.684839768089665180e-01
7.688861841269108988e-01
7.692704156949271566e-01
7.693636082419544886e-01
