4.872594452553677749e-03
4.672937552831739859e-03
4.538102155771667721e-03
4.796257139232775434e-03
5.126367813899504813e-03
5.226119033913241563e-03
5.193786159705980794e-03
5.112540473789677249e-03
4.976908779137209984e-03
4.816692420209371661e-03
4.684231946629042152e-03
4.162156785908976107e-03
4.416363942010307839e-03
5.594307531529014998e-03
6.265164008384198867e-03
7.800259009794335840e-03
9.195044800844454427e-03
8.288452885781829801e-03
7.808750853150926360e-03
8.020253489064569849e-03
7.948828951527811201e-03
8.508527437053509807e-03
1.006275952130826663e-02
1.262292020637339508e-02
1.200296044062089743e-02
1.442262909575822358e-02
1.767256768059868866e-02
1.753899152378726733e-02
1.971164910028454925e-02
1.947960418875481492e-02
1.940777643227613661e-02
1.860404284786357915e-02
2.020643564385216431e-02
2.148538655613872403e-02
2.598363251754666481e-02
2.838660364568015154e-02
3.035569993961925381e-02
3.308162843103944206e-02
3.408532751873009914e-02
3.363001577913748985e-02
3.544756886006830698e-02
3.604556141618408399e-02
3.688984154303845409e-02
3.813059849006401880e-02
3.934681514128891833e-02
4.184179856825667732e-02
4.377149673521775475e-02
4.628959536746586612e-02
4.881469963256719613e-02
5.083540073258905473e-02
5.136719073123081208e-02
5.309438433636155807e-02
5.544553780022806050e-02
5.556587063503401480e-02
5.662674739147852132e-02
5.999652932159706131e-02
6.291484389197428417e-02
6.586031868341915563e-02
6.729376712038637187e-02
6.721397441986860788e-02
6.939595514861296444e-02
7.056028131572672502e-02
7.297910672916242680e-02
7.484876867625087082e-02
7.575994358670656847e-02
7.880943957873390304e-02
8.070646825347607689e-02
8.081361593975140700e-02
8.323983779906349301e-02
8.511453281739472798e-02
8.718780292561920109e-02
9.067259353501644359e-02
9.163240898051989991e-02
9.252344665297605741e-02
9.591775272270250396e-02
9.704716933937626577e-02
9.938028573906688978e-02
1.007567998046829533e-01
1.015262673766026968e-01
1.044979334074573052e-01
1.071503186279898906e-01
1.089080328251526425e-01
1.115344926394020719e-01
1.143606780740275553e-01
1.147247219184341360e-01
1.155430659170156166e-01
1.179202451386423822e-01
1.202131481777127114e-01
1.226762995537257761e-01
1.234848628640358298e-01
1.248914055126365413e-01
1.278879970436075098e-01
1.298373472763321990e-01
1.312841366973719615e-01
1.330860658962228493e-01
1.359722148683165932e-01
1.373882952214598441e-01
1.399858254365035082e-01
1.405233626407936809e-01
1.429330172983829805e-01
1.443897407821071732e-01
1.473709232357860444e-01
1.483967425874063162e-01
1.510758425645743197e-01
1.520173789178134449e-01
1.526749009114254096e-01
1.561789316513294001e-01
1.569454260706707183e-01
1.594358630259151144e-01
1.606101510615691452e-01
1.624224482674812842e-01
1.640980588776886628e-01
1.657324852556385231e-01
1.689199052906469878e-01
1.707499397768151295e-01
1.710203244800960476e-01
1.737882720121571301e-01
1.764686288480569187e-01
1.780421511606060381e-01
1.790383600126058961e-01
1.808986553150731535e-01
1.824473047978707185e-01
1.841704654020149823e-01
1.858875327606828998e-01
1.887453835993643803e-01
1.909691879850916041e-01
1.924500243856923642e-01
1.935352574924039948e-01
1.954031583986689802e-01
1.975303745391815136e-01
1.987614405422435948e-01
2.008344966446447555e-01
2.028202487436262524e-01
2.039006625448453736e-01
2.050191765963590151e-01
2.080230258597454140e-01
2.099599071833541941e-01
2.115283895206270248e-01
2.135074802255233495e-01
2.146385221537459032e-01
2.165475576950218750e-01
2.182695958527379743e-01
2.203039118082751047e-01
2.225125971874458430e-01
2.235601616043906281e-01
2.251882219634301352e-01
2.269407238717054964e-01
2.291264607628580030e-01
2.313860974169475448e-01
2.324274917678317565e-01
2.335654506215010529e-01
2.357430778106621716e-01
2.369228130180029146e-01
2.383867332421262530e-01
2.408562185626999252e-01
2.424082502448625942e-01
2.433052195670215578e-01
2.450889651985445894e-01
2.479143069141686306e-01
2.491892146574669897e-01
2.509765281907194723e-01
2.523767433476760691e-01
2.539083619031552996e-01
2.555348930895827708e-01
2.573515620030249473e-01
2.592113505156870557e-01
2.607380449026802105e-01
2.621841305130477306e-01
2.633805367604933889e-01
2.648473877552845468e-01
2.669987794507010515e-01
2.694604577257649902e-01
2.702662139850244283e-01
2.719028974159040102e-01
2.735556534226827874e-01
2.747175314421357872e-01
2.765505316702076555e-01
2.782113905741308568e-01
2.796586954298894145e-01
2.810366119439501320e-01
2.826395532336503646e-01
2.842513226800632009e-01
2.857290732206251849e-01
2.876051204853350418e-01
2.885094051882202693e-01
2.902785327728558129e-01
2.920940946204180211e-01
2.935814789974067751e-01
2.953527699690251529e-01
2.964001621326288194e-01
2.981569471317419007e-01
2.987307783623776025e-01
3.007385955882566075e-01
3.029469038239355205e-01
3.036976195495644237e-01
3.055907020788540818e-01
3.071109817289167654e-01
3.091932685660254698e-01
3.099732209358669888e-01
3.120160898131644212e-01
3.132373820744251414e-01
3.140099672243718554e-01
3.159302312128573487e-01
3.173872120140691089e-01
3.187366594095094041e-01
3.201521029272714203e-01
3.218291032979573307e-01
3.230283861656059741e-01
3.250439554535923259e-01
3.261074069524346197e-01
3.274683902632920529e-01
3.286187545027214885e-01
3.299942116911548373e-01
3.317853140536656809e-01
3.330308740558382552e-01
3.346427335186422658e-01
3.361710098375664812e-01
3.373024223094034935e-01
3.386887991397389275e-01
3.404975100883867456e-01
3.422309243265090339e-01
3.435574508289958584e-01
3.448754852603241883e-01
3.456160420616767870e-01
3.473299753698280146e-01
3.488723548553004372e-01
3.502039809170039431e-01
3.518150850584139122e-01
3.529452850523744911e-01
3.539901655084639054e-01
3.557458071381972009e-01
3.568359598146827460e-01
3.580698435528434920e-01
3.597176392196736461e-01
3.611881888864059142e-01
3.623233103783352060e-01
3.631513316394431867e-01
3.645285738502354045e-01
3.663809409086550839e-01
3.677559782709607372e-01
3.691361499719729711e-01
3.702819875018117379e-01
3.713672843241584975e-01
3.729300725203194000e-01
3.742916540901650713e-01
3.755950092737892487e-01
3.769829274361782834e-01
3.782230717648302210e-01
3.790637860631197453e-01
3.807091269187665716e-01
3.818522419782368615e-01
3.828206990808492027e-01
3.842057711461535074e-01
3.857150883015886822e-01
3.869976836265001108e-01
3.883347308242718343e-01
3.897299011215005771e-01
3.904907047459093561e-01
3.923013252599840128e-01
3.934553662531897755e-01
3.944997769735150150e-01
3.954243404973115106e-01
3.968633012056274612e-01
3.984323903269932354e-01
3.998318292652565109e-01
4.013945248608803418e-01
4.024161414926588631e-01
4.036036783449917786e-01
4.045878334348564365e-01
4.059030452909969111e-01
4.071760087881294288e-01
4.084465372529622051e-01
4.092585768389184198e-01
4.107632576919600376e-01
4.118963788752168509e-01
4.121296726199480398e-01
4.142334074625517726e-01
4.156041092174914686e-01
4.167743324850162190e-01
4.177352241507771291e-01
4.190439038046793185e-01
4.202165267455022502e-01
4.214645309871357659e-01
4.222632757376041379e-01
4.234203717611862428e-01
4.247915517703779176e-01
4.258644156365278821e-01
4.270789913239866342e-01
4.277657775555324116e-01
4.291334099962579307e-01
4.304473019227432196e-01
4.314981981470148997e-01
4.327228159527440887e-01
4.343797051503985873e-01
4.349468094734366685e-01
4.359196010376251706e-01
4.369896215193029843e-01
4.383336188331750649e-01
4.396304922804077919e-01
4.408436501352783199e-01
4.416903874507104311e-01
4.428361916727652781e-01
4.441558398498254845e-01
4.451807857561126958e-01
4.462814201105259060e-01
4.471402790167157137e-01
4.481358035905431136e-01
4.491491609759183379e-01
4.505193578357725159e-01
4.514516277838753200e-01
4.523229586835715299e-01
4.534903281894621108e-01
4.547682772113237348e-01
4.556530051961352745e-01
4.565978809354515056e-01
4.580894146652649823e-01
4.594037946514130666e-01
4.609731238113548013e-01
4.615246600141711952e-01
4.622468381327339282e-01
4.628001582222111554e-01
4.639268995494312819e-01
4.655035601081191632e-01
4.664915240341847569e-01
4.673727548535115406e-01
4.685853344442076351e-01
4.698021257610628387e-01
4.709012398051230508e-01
4.716944072375781061e-01
4.721989714428269647e-01
4.733218180632674521e-01
4.745015154299255800e-01
4.755250207380304905e-01
4.764118760529797436e-01
4.772733181432161631e-01
4.781995640624574495e-01
4.794575037984351029e-01
4.804681228866536924e-01
4.814705885214424219e-01
4.823314958672473285e-01
4.836666847872103658e-01
4.844847176698371394e-01
4.855059487041023525e-01
4.866744991765847295e-01
4.872264216606606024e-01
4.885480356504356969e-01
4.893461093351836877e-01
4.901968014080222424e-01
4.912805801691870200e-01
4.924390457066016302e-01
4.933225006940545332e-01
4.945310681346297144e-01
4.954360883793094694e-01
4.961385599725446349e-01
4.970711548182449313e-01
4.980971035021198867e-01
4.989982592818556495e-01
4.997736952976939984e-01
5.006057629677644893e-01
5.020706548549368486e-01
5.028263812234350372e-01
5.037484986060295489e-01
5.046650729556626525e-01
5.054967930825955413e-01
5.066336877795941662e-01
5.078638760902698390e-01
5.081982352439300410e-01
5.087884531925287446e-01
5.098538593593036072e-01
5.107894078039635355e-01
5.118126258392248218e-01
5.128033305460352187e-01
5.137210112795098649e-01
5.147455914810208366e-01
5.160075142778957069e-01
5.164457292271589228e-01
5.175028917543147422e-01
5.181853947240336877e-01
5.191658737861220008e-01
5.202111715626738242e-01
5.210774656746776090e-01
5.219773032719449146e-01
5.227957064137369603e-01
5.237825137643999929e-01
5.245371335470561114e-01
5.253811550267526442e-01
5.258690736002119559e-01
5.269054417590133266e-01
5.276315359721159837e-01
5.285755478886917658e-01
5.294063621313798151e-01
5.301610550525877041e-01
5.312499397050669536e-01
5.322492553570447038e-01
5.331196759264065221e-01
5.337406868041817409e-01
5.347650946912670955e-01
5.354126309012235962e-01
5.361622757211478296e-01
5.369228953993385733e-01
5.378355759820849791e-01
5.388267387460689006e-01
5.395741816670952540e-01
5.401093368078564438e-01
5.408482971815458118e-01
5.419850178606439028e-01
5.426400404164009039e-01
5.434625808120870927e-01
5.444463161052323086e-01
5.453082273814474634e-01
5.465109611216903973e-01
5.469205544523849660e-01
5.480116476098650935e-01
5.484539432807147286e-01
5.493837010794569986e-01
5.502541647861594054e-01
5.509285360885975980e-01
5.514979676148035193e-01
5.525699619063860757e-01
5.529661529010723164e-01
5.538998013288213285e-01
5.551940730143476443e-01
5.560827561193377733e-01
5.564352344654474036e-01
5.571524519354198457e-01
5.578282007670561926e-01
5.588844226830995687e-01
5.594550640119488882e-01
5.605053862220882310e-01
5.613841514456532344e-01
5.620685040112383124e-01
5.626082135742999091e-01
5.636142786540806471e-01
5.640870699000959387e-01
5.648860665662107650e-01
5.654915545516062680e-01
5.667421363550735336e-01
5.673363447752126643e-01
5.680988849442436539e-01
5.688030913131266741e-01
5.691599414867810625e-01
5.700225026719638599e-01
5.708429068105790316e-01
5.716402216219187427e-01
5.723637750429615423e-01
5.730116224222334687e-01
5.733952566140481100e-01
5.740726300983191033e-01
5.751034773319011473e-01
5.759982921021591373e-01
5.767066537699327977e-01
5.773492240784876550e-01
5.783413715124816612e-01
5.788142769387334408e-01
5.796778395326037669e-01
5.803396084427351331e-01
5.812691248808817823e-01
5.818089876322839471e-01
5.822780398391571577e-01
5.831343194329501323e-01
5.838386237681025825e-01
5.843892019176919472e-01
5.851499938692136249e-01
5.858191382887916188e-01
5.868498082623433421e-01
5.876070608739091261e-01
5.882293133852798395e-01
5.887344637306302086e-01
5.891669800978402982e-01
5.900709255316833879e-01
5.908665225690485912e-01
5.913851682071417093e-01
5.922627325246720975e-01
5.928388452295721978e-01
5.932896646210782388e-01
5.941738092355189904e-01
5.946101898262362573e-01
5.955517151807983023e-01
5.961285490878271975e-01
5.970109257187521390e-01
5.974077493885239232e-01
5.980652124098166933e-01
5.987879403046482141e-01
5.993469547054126600e-01
6.000981372810187953e-01
6.010148526573753092e-01
6.012616888059799658e-01
6.021225359911415165e-01
6.029356765512531302e-01
6.034984454236450580e-01
6.043059089574100984e-01
6.048565010323970759e-01
6.055216448595038825e-01
6.059540995781004247e-01
6.064145593877733331e-01
6.072749432617193799e-01
6.080117498507994211e-01
6.086872168435610853e-01
6.092218959714855719e-01
6.099437841777897162e-01
6.106442469483165381e-01
6.110388530775285876e-01
6.118154316992822084e-01
6.123439508419110666e-01
6.131443303505856868e-01
6.139276162445810314e-01
6.144278178316163741e-01
6.151432603046830261e-01
6.155073075779642355e-01
6.162907446762261321e-01
6.169053624253533208e-01
6.175515140944880521e-01
6.182740675769997640e-01
6.185423308762111327e-01
6.190350300937678130e-01
6.197695116087427181e-01
6.203352618334707635e-01
6.211207670603693387e-01
6.215063578874944206e-01
6.221581366387290979e-01
6.228090154341836548e-01
6.235833101083801955e-01
6.244033171947843686e-01
6.246011206606596478e-01
6.252578149993684997e-01
6.257462538547179376e-01
6.265775091083345405e-01
6.269022407882594017e-01
6.276758800254070847e-01
6.282450256541161071e-01
6.287597104306964502e-01
6.294572671031419819e-01
6.299976960453913533e-01
6.305612776052474944e-01
6.311520288101148957e-01
6.319838893833812365e-01
6.323996434570878789e-01
6.328736013796606441e-01
6.335895247106391182e-01
6.339962205985597565e-01
6.346025431619838342e-01
6.350522981080612972e-01
6.355702914392182823e-01
6.364408309356432980e-01
6.370412304569065265e-01
6.375918838731678973e-01
6.382183113305111011e-01
6.387038627440402294e-01
6.392723090829401933e-01
6.399062596529464519e-01
6.404902013747942879e-01
6.410598933106207431e-01
6.412206287412789418e-01
6.421921639468092247e-01
6.426007255891802439e-01
6.432990555978732594e-01
6.439495452516961205e-01
6.444863186053028103e-01
6.452165661382022188e-01
6.454674379385600957e-01
6.459464707802027306e-01
6.465025210399378830e-01
6.470840210168870010e-01
6.476444086993272675e-01
6.481747428555904023e-01
6.487692549254040486e-01
6.492262788167699750e-01
6.498979881975115447e-01
6.503259770875530199e-01
6.509992533306284690e-01
6.511867349406911254e-01
6.521107184599214124e-01
6.526234351530113553e-01
6.528877588933278409e-01
6.535186900454041936e-01
6.539872606086032381e-01
6.547423951391506680e-01
6.552110232441208382e-01
6.556693789038803288e-01
6.562698974958779408e-01
6.569163674321437663e-01
6.574041309656327714e-01
6.578356328767978045e-01
6.584912264872364585e-01
6.589292947343783347e-01
6.595023323448709895e-01
6.600204882223968950e-01
6.604513984471493959e-01
6.611099092358309059e-01
6.617925363514668424e-01
6.623209223965536019e-01
6.626881246442043460e-01
6.633410721778374430e-01
6.636870864787818292e-01
6.641756643488132550e-01
6.649317562740587606e-01
6.654456921652450729e-01
6.656028965274471965e-01
6.662461353035997735e-01
6.669366438260303509e-01
6.672656378893819795e-01
6.674922630754888120e-01
6.684118060463145605e-01
6.686605780135751464e-01
6.692943532834738640e-01
6.698345320460241670e-01
6.702722591042005185e-01
6.707091584252447003e-01
6.715322523121070031e-01
6.719306935856486085e-01
6.722060495467846453e-01
6.726948340903643464e-01
6.734653778412158509e-01
6.739767760596176993e-01
6.744602641614128036e-01
6.750914180773489592e-01
6.752390179960588990e-01
6.760134322927955353e-01
6.765370347760056857e-01
6.770780707992382075e-01
6.773329265773351260e-01
6.779425852730126545e-01
6.783264604070526893e-01
6.788634782717943850e-01
6.793797797503189351e-01
6.798216873684037598e-01
6.804164874534720520e-01
6.810835644885432361e-01
6.811686609736764542e-01
6.818555549863721810e-01
6.822119974170051115e-01
6.826343374724987978e-01
6.832409273223980506e-01
6.837874397054842790e-01
6.841821828091693147e-01
6.846538595053863752e-01
6.851593674551833546e-01
6.855956854064279016e-01
6.860869751291285290e-01
6.867056822519929105e-01
6.871593835888757384e-01
6.876092073583122133e-01
6.882644113078464354e-01
6.886878705821914970e-01
6.893019233057819939e-01
6.894442606516355543e-01
6.896991145285024105e-01
6.903940047114686118e-01
6.908565661770166288e-01
6.915157384369453597e-01
6.917319706383944222e-01
6.923112777976457854e-01
6.927950215021367875e-01
6.932222902414629795e-01
6.937948931875855818e-01
6.942074574427433697e-01
6.945638418549882065e-01
6.951888805863373211e-01
6.957394775281549038e-01
6.961248906035726325e-01
6.965736852419999181e-01
6.970324912063600165e-01
6.973158531519372261e-01
6.979116878704428872e-01
6.982714264102021229e-01
6.989967992991965584e-01
6.990004287812771055e-01
6.998216539241863821e-01
7.003642273158310338e-01
7.006318216236561147e-01
7.010247868486960687e-01
7.014621525040078964e-01
7.019764317270649201e-01
7.025141622684171194e-01
7.029468700441569018e-01
7.034581446424725826e-01
7.040659018425795557e-01
7.045011631905170324e-01
7.048301274697894581e-01
7.054219294274487462e-01
7.056678802647183835e-01
7.061311061277293355e-01
7.064687803317295511e-01
7.069145320273712008e-01
7.073619000615157804e-01
7.077652111076051522e-01
7.083363136142558636e-01
7.087391045819785296e-01
7.091786066308087833e-01
7.094795414335386408e-01
7.100664039145905271e-01
7.106380487486800845e-01
7.108460009827254344e-01
7.112478872676861741e-01
7.118212360021742846e-01
7.118686554483690809e-01
7.127720806052982860e-01
7.131740221970359617e-01
7.135459990883186165e-01
7.137888018182303451e-01
7.145340849191996746e-01
7.143489607810932229e-01
7.151383101000962084e-01
7.156373876020012403e-01
7.160717658528996665e-01
7.163955670132929887e-01
7.172913870788157897e-01
7.174679222026810743e-01
7.176208480545218649e-01
7.184151349009825216e-01
7.187538238152005876e-01
7.187862369796629292e-01
7.194628068654607134e-01
7.197244615099555043e-01
7.201781835025835576e-01
7.205603794873343126e-01
7.210458678508188113e-01
7.216064359757022872e-01
7.217341051033488997e-01
7.223078407469881723e-01
7.227814905311056304e-01
7.230766255465213010e-01
7.232833620173484412e-01
7.241116083386500701e-01
7.242612013821685402e-01
7.247465683771872058e-01
7.251500074530435880e-01
7.255537490369670106e-01
7.258904403114873061e-01
7.262473111236164014e-01
7.267662157508069098e-01
7.272863840374153011e-01
7.276407216374397580e-01
7.278867100326228412e-01
7.284187048860987224e-01
7.286539360790611486e-01
7.291182141791935356e-01
7.296085543368220350e-01
7.300278046548546174e-01
7.304307611896437846e-01
7.306992065287768456e-01
7.311832778597452398e-01
7.317256446473880960e-01
7.319026776116399624e-01
7.320687260069712599e-01
7.327034533316638676e-01
7.330664542324989430e-01
7.337137693680179096e-01
7.339405775901529649e-01
7.342913704631476302e-01
7.345679976821951618e-01
7.350904850420344472e-01
7.353414618363894872e-01
7.357166766639751110e-01
7.360968399840974730e-01
7.367182085691602600e-01
7.369874685203479103e-01
7.372510441153627969e-01
7.378305349927158918e-01
7.381154874664620502e-01
7.383776259543874954e-01
7.388056592645498855e-01
7.392976394432136944e-01
7.394945402815829016e-01
7.398354754094400576e-01
7.404447834212678492e-01
7.406824537289067312e-01
7.410922061750571110e-01
7.414719376890100966e-01
7.418722435382715252e-01
7.422556609492108048e-01
7.424637908860384217e-01
7.430608885915047646e-01
7.432734876464412999e-01
7.434868229797269024e-01
7.439029621642138101e-01
7.444096725819352445e-01
7.447082649927493359e-01
7.450290265631501763e-01
7.454792851593464720e-01
7.458627274987245093e-01
7.462058516085291471e-01
7.465525737164067088e-01
7.470390675524466451e-01
7.471839576684620177e-01
7.478755210330066960e-01
7.481351280345164279e-01
7.483276347691421027e-01
7.486558912450462788e-01
7.491690306743873373e-01
7.493634263900811332e-01
7.497648409258108604e-01
7.500406950873980128e-01
7.506760585472909142e-01
7.508939805433868520e-01
7.511848302646980668e-01
7.516019502385405948e-01
7.519892271510664195e-01
7.521327171060830930e-01
7.525591043969203087e-01
7.530174083104652638e-01
7.530121734101422604e-01
7.536545800112098847e-01
7.539622980749599579e-01
7.543360618662133810e-01
7.547729231580269094e-01
7.550639439109889661e-01
7.554286995719792230e-01
7.557642291304250692e-01
7.560936991000929419e-01
7.566416186430880986e-01
7.567812724244116218e-01
7.569132616625157128e-01
7.574034958401456574e-01
7.575359919994736346e-01
7.579902886640339510e-01
7.583488455749022306e-01
7.586727855070026783e-01
7.590935630582369420e-01
7.594087177408200828e-01
7.597468438602651419e-01
7.601295028416389377e-01
7.602885341054020918e-01
7.605803292727932874e-01
7.610338129933547080e-01
7.613228060582645229e-01
7.617307190219828605e-01
7.617436695200057173e-01
7.622072680613473095e-01
7.626031662206789186e-01
7.628761325491102419e-01
7.632380125680289229e-01
7.635122707224462069e-01
7.638104632129185667e-01
7.641604036984260828e-01
7.645713685126179771e-01
7.650321559574158048e-01
7.652389059710046348e-01
7.654256717497922580e-01
7.658642635046587488e-01
7.659609681085304267e-01
7.664378798322150077e-01
7.668481689870456641e-01
7.669245480305565410e-01
7.673166992766398131e-01
7.676659061752549862e-01
7.677197863747143858e-01
7.682509620108278758e-01
7.683412091287926682e-01
7.688463183586705663e-01
7.689153357078655215e-01
7.694420803253863017e-01
7.699762759207108287e-01
7.699486906832665456e-01
7.705532657690022935e-01
7.707822839555353855e-01
7.710302794494282574e-01
7.713816951410207290e-01
7.716015552484121187e-01
7.719091352144872298e-01
7.721617475756715754e-01
7.725954071281563307e-01
7.727050859854975862e-01
7.730933529407085780e-01
7.732671848047044660e-01
7.736451847243092095e-01
7.739685460355878455e-01
7.743276853602567567e-01
7.745496412000330011e-01
7.749284615126011966e-01
7.751613654050889535e-01
7.754096342257120744e-01
7.755813780821186887e-01
7.759252538669697552e-01
7.763865415111526058e-01
7.763933862679993636e-01
7.768740693077914594e-01
7.772988958528658232e-01
7.775023133973749667e-01
7.777424674097670465e-01
7.781393607263202838e-01
7.783544630687202481e-01
7.787105118775073942e-01
7.787274330304565506e-01
7.792848545306846342e-01
7.795634866669617358e-01
7.798223598272584489e-01
7.799905409942278212e-01
7.801222063410861995e-01
7.803049354287222572e-01
7.810780852165425392e-01
7.812112104456635508e-01
7.815898945543885423e-01
7.817868803119277787e-01
7.819111580923143734e-01
7.821482800176912109e-01
7.827003117769569807e-01
7.827256058377607406e-01
7.829249778593507791e-01
7.833907879230460614e-01
7.836256260750126268e-01
7.839095528803619040e-01
7.841426519397992623e-01
7.845382730919691072e-01
7.845027727308608867e-01
7.850418523133817494e-01
7.853458844796092908e-01
7.857515089132784958e-01
7.857333504550263470e-01
7.859736653070987789e-01
7.862699014020652077e-01
7.866633381051005847e-01
7.868473698357507651e-01
7.869507138706539617e-01
7.872120376611377868e-01
7.875580969750984872e-01
7.877481455046811964e-01
7.881123868646795483e-01
7.881857386663795317e-01
7.887171286993246433e-01
7.888904244313083014e-01
7.891003868520196640e-01
7.894552140392879780e-01
7.897939451347980588e-01
7.899297207369303520e-01
7.903235460436206505e-01
7.904245162268762614e-01
7.906472366770901372e-01
7.911974729405807372e-01
7.910607704656480443e-01
7.914879048224507940e-01
7.916622671528784627e-01
7.920133560974836895e-01
7.922366534561697815e-01
7.924947491357394735e-01
7.927432897906376841e-01
7.929013334428175463e-01
7.934104600479604530e-01
7.934351000184400871e-01
7.938492467842614975e-01
7.940118242095013379e-01
7.942189388158502616e-01
7.944757959516698387e-01
7.947658445698094765e-01
7.950636286151984145e-01
7.951980574143084901e-01
7.954791402482783713e-01
7.958229613264912183e-01
7.959435230083510282e-01
7.962171038712064775e-01
7.963170728381588903e-01
7.966772551425603810e-01
7.969461158340864770e-01
7.971240884341362909e-01
7.974891286816057079e-01
7.977846033928989167e-01
7.979122423456956881e-01
7.982443174518080165e-01
7.982002907725720409e-01
7.988348077935024660e-01
7.988597798387876425e-01
7.990433972171472332e-01
7.995664945917348998e-01
7.998506406821153103e-01
7.998540476833068125e-01
8.001448038047174194e-01
8.003319560001174171e-01
8.005096880332781550e-01
8.009934900128906632e-01
8.011417866970100832e-01
8.011881328937207059e-01
8.015890185374269228e-01
8.016672098334131080e-01
8.020636628065453966e-01
8.022600098893805098e-01
8.024988383837122763e-01
8.027323931165450954e-01
8.029593421339232817e-01
8.031527502245319194e-01
8.034129040578017467e-01
8.037892774298502907e-01
8.038700422656052114e-01
8.042200044225030764e-01
8.042849738820501138e-01
8.047496564015788056e-01
8.047827310531916467e-01
8.051047504441768421e-01
8.051789308466800188e-01
8.055312645862801046e-01
8.058042446709496875e-01
8.059528258336539075e-01
8.062630686829171944e-01
8.063529805215031709e-01
8.066313404411448174e-01
8.067371541747029307e-01
8.072798724150704874e-01
8.073711995436694266e-01
8.076477460481616966e-01
8.077561729549629366e-01
8.081284131165553664e-01
8.083675366781877258e-01
8.084954905138009851e-01
8.087163527722853740e-01
8.089657428832768282e-01
8.091614215865277071e-01
8.095603410194246452e-01
8.097684237988900247e-01
8.099304551726487222e-01
8.101879075225056903e-01
8.102831603715751063e-01
8.105221912541596962e-01
8.106925027358978797e-01
8.108360483311360944e-01
8.113250664283221392e-01
8.114673277887725078e-01
8.117657240677282893e-01
8.118732946192486200e-01
8.119908332697928222e-01
8.122152989718314231e-01
8.123645938938992561e-01
8.128567437357425707e-01
8.129073202807789444e-01
8.131987090211432179e-01
8.132710839652622647e-01
