1.667671375708758633e-02
1.609093892324643671e-02
1.564727471063135852e-02
1.534697295825570088e-02
1.497548879342723571e-02
1.471772052908697052e-02
1.419326259437794953e-02
1.378705765966066130e-02
1.375237296631541366e-02
1.345247139728359374e-02
1.331480969563290061e-02
1.167507629310978769e-02
1.217199559058151394e-02
1.521165327457434796e-02
1.674418494130078955e-02
2.064560071443759942e-02
2.426812430032183193e-02
2.240034800307357660e-02
2.123493309724309996e-02
2.167909810508204457e-02
2.183113366959421944e-02
2.260133136791777492e-02
2.688708058190242625e-02
3.179166165344143868e-02
3.128365472045014500e-02
3.696792198066310015e-02
4.369598105615421502e-02
4.499073302405198760e-02
4.934759429912863316e-02
4.813480971820504467e-02
4.861808107840977222e-02
4.916418218207335711e-02
5.251500544305654633e-02
5.408608328966577755e-02
6.146904134705675343e-02
6.742210941029187776e-02
7.296244177180870316e-02
7.751513660547605655e-02
7.915695871707027764e-02
7.962948670844653687e-02
8.274388212710154233e-02
8.457419704513884084e-02
8.715473288040620492e-02
9.010419582390438720e-02
9.354120476682226126e-02
9.920519909788967639e-02
1.036944950958970796e-01
1.073307425655530001e-01
1.105117959043925846e-01
1.154801277576166241e-01
1.175689678625595896e-01
1.192604699327216855e-01
1.234092693630197135e-01
1.241504482740357351e-01
1.281924875506593731e-01
1.335299376788956216e-01
1.382597787738165662e-01
1.422861402853322910e-01
1.458730630938407380e-01
1.483965251685029907e-01
1.518379024192099969e-01
1.545979162329655654e-01
1.594300233275783296e-01
1.614013804891894222e-01
1.651964431623869078e-01
1.685319352351557498e-01
1.710948649269437571e-01
1.751215638761504378e-01
1.781195990202161239e-01
1.810229951552917438e-01
1.832116171470707655e-01
1.890000500567918795e-01
1.924657060398161368e-01
1.930640237645388224e-01
1.990373251157425416e-01
2.013184404119225113e-01
2.042768453983269117e-01
2.070064689346564624e-01
2.104100559729801256e-01
2.125997752843760968e-01
2.164727533940489501e-01
2.194781410079895134e-01
2.223578102387952504e-01
2.261013048228410482e-01
2.298826611062917968e-01
2.337215147552413053e-01
2.366591617454692209e-01
2.393677308481661214e-01
2.422716185288494029e-01
2.448371535797069232e-01
2.483483552651536974e-01
2.516867056549603743e-01
2.541958050955988035e-01
2.571332298283734996e-01
2.598892042676514413e-01
2.621103316365426816e-01
2.649408569858299756e-01
2.681156845855379722e-01
2.705036579382774642e-01
2.741803320136927402e-01
2.788650496082210606e-01
2.806424786411244598e-01
2.839798117408272038e-01
2.857843638032983580e-01
2.887975012642282624e-01
2.901854122925042190e-01
2.937021380629538103e-01
2.969394283169002891e-01
3.005997657015577196e-01
3.031981926896287205e-01
3.046684983899188848e-01
3.071329738387499342e-01
3.098545158192129723e-01
3.130076866976018723e-01
3.145841639659937017e-01
3.173829465203856781e-01
3.212776544353356800e-01
3.230370458408864942e-01
3.255295311456594676e-01
3.280070721439728443e-01
3.303599444162575449e-01
3.331270345849691172e-01
3.372841661169200256e-01
3.390295186107505909e-01
3.404161318274318559e-01
3.429702800968730814e-01
3.453490377017632285e-01
3.481288084180118592e-01
3.511835820812953535e-01
3.529342661430853179e-01
3.558924261561792202e-01
3.577482574643128244e-01
3.594976733563032822e-01
3.624113459648415914e-01
3.643688074915070740e-01
3.676448085608237659e-01
3.695553173212469678e-01
3.715133725792483799e-01
3.739675153686842224e-01
3.759171863408929948e-01
3.780635998677328580e-01
3.805622548991903775e-01
3.825755758048416943e-01
3.855746189181500916e-01
3.869278610017486408e-01
3.888214717799713949e-01
3.911575306703763966e-01
3.931439810219744535e-01
3.946857207163024794e-01
3.974048065551044062e-01
3.998707470370795325e-01
4.014748761315865000e-01
4.042492985748546430e-01
4.056427099209700127e-01
4.079920303259095271e-01
4.098833967771174369e-01
4.120290375841852426e-01
4.138683993574427955e-01
4.156228419577830957e-01
4.180470807323735660e-01
4.198566184691946424e-01
4.222084807022183917e-01
4.239170936316275506e-01
4.253444573812560359e-01
4.271802289533825903e-01
4.287844926704126869e-01
4.313765436289681010e-01
4.333555505896704574e-01
4.354851467899745754e-01
4.367774672424580840e-01
4.386698525572408913e-01
4.398411631081453055e-01
4.426975232996594456e-01
4.441312948205842770e-01
4.459537633118796918e-01
4.476362502856812697e-01
4.492609782835170762e-01
4.514520895382072574e-01
4.532039358703109366e-01
4.551198980962815610e-01
4.567226667852224975e-01
4.579601097527111753e-01
4.598099758347365396e-01
4.616765455578637489e-01
4.633196545625601348e-01
4.650456185762059658e-01
4.664717092048582536e-01
4.683811379492784366e-01
4.700407978320835234e-01
4.719496997780687764e-01
4.733428395078474460e-01
4.751025597221997798e-01
4.767489435657150110e-01
4.786569767381613771e-01
4.799675342118763233e-01
4.813887778119065319e-01
4.832375982585870311e-01
4.844811242589168176e-01
4.858052152747551200e-01
4.873020056239318887e-01
4.889807969710344704e-01
4.908470872451111133e-01
4.918012604992647585e-01
4.934443898438625187e-01
4.948231768917821238e-01
4.967690378262002993e-01
4.980866050230462472e-01
5.000995539598956929e-01
5.015202321541400998e-01
5.026080049336127953e-01
5.035108153289170607e-01
5.055031493018931066e-01
5.066615106803294966e-01
5.083837530831950557e-01
5.098639545603027567e-01
5.109225112503709143e-01
5.123825706305570327e-01
5.142109660833077411e-01
5.152272819699842410e-01
5.164571685362415732e-01
5.173955108256037549e-01
5.193710683588117494e-01
5.210844703303135761e-01
5.218177381984798746e-01
5.234852854618814444e-01
5.248351093842898996e-01
5.255804295935364578e-01
5.271868977240569132e-01
5.282013270302726715e-01
5.295676703321469114e-01
5.309134456062784002e-01
5.319862621873582276e-01
5.334662516796990772e-01
5.350990808344595617e-01
5.359751236416707698e-01
5.372253153896919819e-01
5.379653881908644797e-01
5.395703009101966430e-01
5.408923778924348280e-01
5.417651254599031851e-01
5.427668810584671544e-01
5.442254986992268728e-01
5.457955507199911960e-01
5.472412073973381696e-01
5.476317094478931891e-01
5.491731103744279530e-01
5.507292021002700988e-01
5.516157713052216582e-01
5.531417189034771864e-01
5.538140054196755147e-01
5.551306610405473130e-01
5.565991117805668686e-01
5.576577333068882814e-01
5.587588990531421329e-01
5.595382884638343546e-01
5.606054080244865512e-01
5.616528179621717021e-01
5.630144568725701237e-01
5.639439690844121333e-01
5.656467570675615120e-01
5.668364126826065386e-01
5.676264657559788596e-01
5.683603529164591439e-01
5.693266389226666613e-01
5.704091380133666789e-01
5.715885247279224313e-01
5.730568803123291532e-01
5.738070524345608714e-01
5.748654767019182321e-01
5.759146420489441587e-01
5.772412298346898396e-01
5.779809943921417892e-01
5.786666426898805504e-01
5.802937922442185092e-01
5.809187816433947216e-01
5.825121425844890233e-01
5.836828748995174232e-01
5.842003394011141548e-01
5.854286760776479248e-01
5.860550291150954383e-01
5.871317935079903849e-01
5.882785200128339831e-01
5.892141146082625625e-01
5.897872540385603601e-01
5.913133839065732866e-01
5.919625859296597792e-01
5.935924659221749611e-01
5.938992778691656316e-01
5.953038652736950542e-01
5.957057266437972842e-01
5.967422087426903499e-01
5.973935785020280109e-01
5.985544199632774065e-01
5.995015739110354236e-01
6.005482547768115076e-01
6.011358243318937200e-01
6.025370624981737366e-01
6.029315855992990469e-01
6.039928879887567215e-01
6.047621445759395753e-01
6.061954345771455310e-01
6.065569094841126718e-01
6.075175905333939363e-01
6.082563041100652601e-01
6.095887234727822568e-01
6.107060381371399727e-01
6.111633915713654552e-01
6.123240530132810777e-01
6.127997016587996004e-01
6.139053725759407998e-01
6.148608802215471680e-01
6.153320814519476212e-01
6.163665938296857272e-01
6.170464966309087140e-01
6.181346303113436358e-01
6.184627184666043886e-01
6.194361544286202115e-01
6.201707169465604519e-01
6.211733654922270143e-01
6.218276985932500445e-01
6.226364885462887244e-01
6.235578471433460557e-01
6.246279684620864581e-01
6.251473331585800652e-01
6.262139389094334430e-01
6.267840088339613480e-01
6.277947501860773327e-01
6.284615337019254788e-01
6.291996918466723487e-01
6.295539197540929166e-01
6.309915070092096956e-01
6.312445036361877815e-01
6.325246839001504862e-01
6.330044772443566004e-01
6.337378932726257519e-01
6.344407447999296235e-01
6.356106979752148556e-01
6.359517911964374104e-01
6.369783329813547557e-01
6.378413996325013047e-01
6.382540463305109713e-01
6.392347357443604050e-01
6.395365442351174101e-01
6.402323010777987156e-01
6.411295467768909351e-01
6.415606741848961514e-01
6.426632417600697256e-01
6.434600960874580222e-01
6.438966940078920675e-01
6.450869451342401417e-01
6.451543919759076262e-01
6.460764130388331195e-01
6.468837260513476961e-01
6.474440136826341563e-01
6.483067899420266178e-01
6.493040098317870434e-01
6.497778234118305463e-01
6.505035945572731348e-01
6.512017830495469006e-01
6.514608859557960985e-01
6.526115323870356200e-01
6.530862744782672813e-01
6.537632771344493721e-01
6.543936310063394046e-01
6.548909694858423558e-01
6.558705706758582998e-01
6.563925751988085588e-01
6.574383130863439284e-01
6.574975266594276224e-01
6.584394007956277939e-01
6.589497418399310469e-01
6.598695387260411493e-01
6.603883767558815787e-01
6.611095569983437281e-01
6.617290059536674596e-01
6.624724874533386432e-01
6.629208651933004015e-01
6.635047516918665123e-01
6.642499356192353988e-01
6.648950660978776295e-01
6.652325363007191017e-01
6.661746589875245927e-01
6.668476748692302447e-01
6.670820125670181566e-01
6.678645222554895344e-01
6.688285467638565018e-01
6.691084820322393822e-01
6.699618651287986282e-01
6.706549904613581248e-01
6.712676106918123997e-01
6.716880922178098956e-01
6.720357675624484273e-01
6.727608984736775932e-01
6.734866036240716447e-01
6.741175079517313096e-01
6.748325804215145052e-01
6.753619334897835724e-01
6.754521566475483185e-01
6.763567048026313255e-01
6.773114084359341813e-01
6.780857395293093948e-01
6.780140954267298570e-01
6.787719781983598821e-01
6.793353520824202407e-01
6.796334272421132860e-01
6.802283172668969202e-01
6.813043331005923520e-01
6.814451058681268991e-01
6.822292163238020679e-01
6.831604838418898762e-01
6.833507138233382294e-01
6.838044023759494161e-01
6.846282878117473381e-01
6.851023956646159485e-01
6.858284088960878710e-01
6.864103102767292741e-01
6.868335905685687415e-01
6.870814484400422639e-01
6.879606350358287159e-01
6.883235141312330496e-01
6.891799733738761535e-01
6.898139102796246869e-01
6.901393289572385070e-01
6.903385430563561131e-01
6.909281732557656097e-01
6.917651124185349998e-01
6.920837868639716506e-01
6.926752647472551594e-01
6.929675575164507828e-01
6.937029954413008737e-01
6.943412562694912804e-01
6.947750008387330034e-01
6.955197510055133314e-01
6.959607018865372474e-01
6.964583801434693910e-01
6.967705468675923219e-01
6.974063957754096377e-01
6.979785873950424824e-01
6.982021420473339957e-01
6.984765855316246164e-01
6.995771049770330707e-01
7.000683607517790286e-01
7.004540310641347300e-01
7.010497721737063426e-01
7.016086554951508347e-01
7.018035002853356685e-01
7.022887641446834417e-01
7.031074298362857133e-01
7.033873161434616161e-01
7.041069728669711036e-01
7.046357606100305260e-01
7.049802984024104990e-01
7.052527408119446672e-01
7.059388774914013842e-01
7.063658129513845640e-01
7.069759963516217827e-01
7.073607590437812620e-01
7.078889685084825967e-01
7.083116798187988339e-01
7.085778030951110917e-01
7.091596076343279487e-01
7.097258532257731956e-01
7.104031714803259456e-01
7.106441005977224279e-01
7.113742364075135161e-01
7.116383857398710377e-01
7.123199148047825169e-01
7.126637068916024109e-01
7.133382677717124976e-01
7.134909954523859232e-01
7.140135323146892254e-01
7.145740206558344187e-01
7.146431809676081492e-01
7.149594852491147901e-01
7.156496886612450092e-01
7.164095925194579051e-01
7.166069672516802713e-01
7.173076847472253936e-01
7.178628927095402901e-01
7.181091344984773528e-01
7.183924688701559536e-01
7.188597188697094520e-01
7.195194516621036263e-01
7.199472687919054037e-01
7.197929044170703339e-01
7.205827124132549999e-01
7.210041786351406579e-01
7.216247966464447439e-01
7.218706802805017197e-01
7.222532448617203782e-01
7.226823842658559593e-01
7.233947124967263775e-01
7.236375838131958727e-01
7.242793995194733991e-01
7.245020074583800040e-01
7.251975568351961554e-01
7.253521664443005612e-01
7.259684811717330710e-01
7.261829681605617148e-01
7.267554735948023037e-01
7.274577089252651785e-01
7.275694791284983420e-01
7.280476211642212814e-01
7.283905810564459404e-01
7.291007678366167033e-01
7.295115965667600122e-01
7.297946848382095286e-01
7.301229822814443438e-01
7.301764907344869826e-01
7.309454111815010258e-01
7.313556246127883576e-01
7.317424624532762323e-01
7.317870072163213946e-01
7.322926955879465183e-01
7.331480811310490120e-01
7.333584071547639693e-01
7.337678439220118864e-01
7.341590340869370568e-01
7.345817624272983348e-01
7.350817252185093409e-01
7.352218919418200826e-01
7.357587476090846623e-01
7.362141644568996890e-01
7.364614842851407994e-01
7.369803054801044029e-01
7.371303169409719747e-01
7.377952972694309386e-01
7.379098261492080812e-01
7.385172246090320192e-01
7.389624936798112609e-01
7.393958159037681277e-01
7.397729108168347167e-01
7.401554895339355067e-01
7.402525783239390922e-01
7.409352902065904356e-01
7.411010266912392286e-01
7.416493957851707508e-01
7.419885940493728960e-01
7.427802622023000900e-01
7.424592162169636467e-01
7.431331286300051353e-01
7.435794754100037984e-01
7.439489376431902556e-01
7.442523691590734458e-01
7.444057435987124771e-01
7.450602543576065884e-01
7.453925286343732193e-01
7.457689815381365328e-01
7.458740797120719801e-01
7.463756001219641334e-01
7.468702790704664363e-01
7.471084685943000236e-01
7.477397388096527209e-01
7.481840073445189532e-01
7.483959813836504882e-01
7.487121860056555889e-01
7.491555753081232671e-01
7.495792709367466999e-01
7.498541729444717641e-01
7.501718204849957550e-01
7.503973601854667663e-01
7.508252663965814255e-01
7.508639951225901665e-01
7.515008039226603875e-01
7.518475139251445949e-01
7.522845256582776363e-01
7.525602646636125881e-01
7.528958405092882611e-01
7.533231142880290054e-01
7.539410800377046584e-01
7.538958273772305985e-01
7.541441134944436575e-01
7.550687912217303177e-01
7.548686111174849334e-01
7.554613756891689347e-01
7.558289117617390529e-01
7.564053461591665473e-01
7.565733147195102815e-01
7.570121212598239779e-01
7.571011762569398451e-01
7.573038599292377659e-01
7.582200079558409911e-01
7.585948002445772609e-01
7.584771367330229719e-01
7.588768687038245364e-01
7.592129920710861679e-01
7.592425161938254341e-01
7.599717012384451520e-01
7.603849996112056475e-01
7.607418137334539532e-01
7.609668554459887435e-01
7.611757725081003123e-01
7.615622240524744235e-01
7.623507200731293176e-01
7.622521092444918267e-01
7.624887946564818941e-01
7.629382770602767261e-01
7.630056807817521269e-01
7.634042807487776416e-01
7.640086497636146001e-01
7.641578460393729788e-01
7.644802845445233253e-01
7.650923992880470648e-01
7.651431961697763295e-01
7.656226550419675814e-01
7.659837576737459353e-01
7.662207632371876853e-01
7.664055181638476100e-01
7.668647095258601665e-01
7.673242588735834646e-01
7.674847227707515263e-01
7.678503602549687779e-01
7.680610598774062492e-01
7.685190344136911822e-01
7.688054025277240022e-01
7.691120413522974930e-01
7.694928664144187191e-01
7.696219975962526050e-01
7.698806328862651815e-01
7.703539075145716675e-01
7.709207636496014926e-01
7.710680677504325731e-01
7.714974963935797847e-01
7.717068155581550126e-01
7.720846129459910667e-01
7.722858121387540242e-01
7.727860529532181166e-01
7.726710371922035359e-01
7.732003088324755913e-01
7.738621657284566746e-01
7.738261607628338368e-01
7.740804556911288214e-01
7.746776064697655784e-01
7.745699520558706475e-01
7.747667934120072708e-01
7.754063702473752429e-01
7.756218769594994678e-01
7.763548598148772850e-01
7.761698513660495458e-01
7.764051509790783623e-01
7.771757382130070058e-01
7.770465083413178320e-01
7.776464330056656049e-01
7.779093108399699474e-01
7.781016845657320324e-01
7.783179424478990915e-01
7.786651361838790031e-01
7.787892137382728119e-01
7.794305380319067611e-01
7.797095490069680945e-01
7.801143741904875695e-01
7.799847285222588633e-01
7.804565483564260830e-01
7.807357733401782962e-01
7.808396860245665483e-01
7.813362951394143829e-01
7.812712214860519921e-01
7.820337051924401983e-01
7.819330869165568298e-01
7.825664764413950980e-01
7.826173270659124714e-01
7.829138458425678460e-01
7.833344382564716435e-01
7.835499452696028655e-01
7.838822345808886816e-01
7.844714446094035454e-01
7.843396066435037728e-01
7.849205282200090172e-01
7.849588393111237572e-01
7.852168051203911592e-01
7.856252894890587424e-01
7.857661889677669542e-01
7.859191132397017610e-01
7.864136743464678059e-01
7.866313410696755826e-01
7.870254402215357548e-01
7.870208814585317736e-01
7.874998129251192802e-01
7.877582153645781293e-01
7.876730845436147321e-01
7.882672865966305897e-01
7.885713875556933372e-01
7.888392706163677159e-01
7.892760603009593146e-01
7.893574000104969235e-01
7.896202376218123264e-01
7.900130254669026630e-01
7.901256992536254131e-01
7.903839177681001305e-01
7.908740153060069833e-01
7.911207838898738354e-01
7.912404348244297392e-01
7.918201901304975365e-01
7.920348852404828222e-01
7.922721986535441463e-01
7.923892570411560365e-01
7.926305737660744866e-01
7.931129163425394424e-01
7.931223331947618860e-01
7.931396174597468152e-01
7.937882046605438946e-01
7.939733383679168366e-01
7.942752136942214936e-01
7.944937250642506443e-01
7.949093329859538981e-01
7.951437166759989239e-01
7.952000811542029313e-01
7.955403259956165263e-01
7.960119247380255114e-01
7.959912288090111865e-01
7.961447346589660690e-01
7.965125483936854600e-01
7.968483000621123802e-01
7.973087665356942688e-01
7.973177017337323980e-01
7.975022128437800895e-01
7.977600090756876705e-01
7.982739082181231627e-01
7.986086963069625178e-01
7.987185026265217758e-01
7.992198545035077428e-01
7.991600469946884555e-01
7.993965139007578324e-01
7.999114598282293098e-01
8.000447103209866739e-01
8.001504333207701825e-01
8.003089538786835044e-01
8.006840751734688455e-01
8.009109425076252897e-01
8.012637147063982335e-01
8.015212305469552323e-01
8.018149813349080279e-01
8.017878865663605747e-01
8.021565308602655042e-01
8.024586230311101520e-01
8.026162321681760137e-01
8.028692563759792789e-01
8.033195773785689608e-01
8.034368529989641683e-01
8.038291758282605226e-01
8.037334369062310024e-01
8.039080295797823572e-01
8.045063746669696148e-01
8.045283591290331993e-01
8.049158205657728216e-01
8.050087099550248260e-01
8.053861354084849156e-01
8.057716449791122448e-01
8.060239706338695465e-01
8.061860215698195553e-01
8.063534867763576530e-01
8.066818101712219802e-01
8.069830194620563057e-01
8.072233150053566009e-01
8.074019688301891096e-01
8.076886389359596574e-01
8.079599285149637877e-01
8.080449343146197672e-01
8.083735671126390798e-01
8.086281243703156152e-01
8.086902877564675629e-01
8.090263989368619013e-01
8.094037126500687185e-01
8.093110149608858661e-01
8.097603988266109942e-01
8.099395111545905079e-01
8.102392282976894622e-01
8.103538767943462284e-01
8.105067544481567854e-01
8.108817714064224802e-01
8.109044474106623657e-01
8.115963522708977695e-01
8.115801463668623761e-01
8.116456945973006265e-01
8.121712765567851156e-01
8.125241992847910266e-01
8.126050148206452883e-01
8.126915886334292738e-01
8.128910163416216417e-01
8.132733126789513101e-01
8.135849492167220864e-01
8.134861168287358391e-01
8.139621597119794938e-01
8.141935626734380094e-01
8.143447576483291428e-01
8.146432976746725840e-01
8.146214613905432556e-01
8.148406732654309703e-01
8.151487384261018043e-01
8.155304562886872555e-01
8.158155695914252048e-01
8.157785905398636794e-01
8.161912185066804160e-01
8.162941388643411011e-01
8.166533865920403423e-01
8.168862280742470450e-01
8.169139473866876555e-01
8.173638713335464878e-01
8.175198173969043802e-01
8.176236724988100724e-01
8.180007329447023245e-01
8.182886062754097800e-01
8.183465640471980773e-01
8.185371934988029397e-01
8.188204503094071995e-01
8.188731064179666230e-01
8.189358368359616058e-01
8.196299394362206447e-01
8.196767500199243495e-01
8.200439790920794891e-01
8.200597866884858922e-01
8.203650116864031894e-01
8.204006858889434373e-01
8.207709223361129292e-01
8.209363064696419965e-01
8.212566003413140914e-01
8.214785845507992512e-01
8.215955603248833450e-01
8.219987861604748369e-01
8.221363248399713441e-01
8.224192976355770845e-01
8.225274019013248950e-01
8.228994155683392320e-01
8.230089607565831411e-01
8.231937972016027949e-01
8.232544205470675447e-01
8.235450878024659360e-01
8.238065152026227134e-01
8.242311201490827299e-01
8.242740184979310269e-01
8.244661217578186374e-01
8.246421216007704391e-01
8.249559706788993640e-01
8.252298411392716693e-01
8.254295779112926779e-01
8.257099500259899028e-01
8.257841621690485967e-01
8.261211882860388656e-01
8.262079342649344404e-01
8.265147788247575456e-01
8.263198787285328528e-01
8.269013078201900013e-01
8.270051755756731016e-01
8.271539536563560224e-01
8.273212565697057874e-01
8.275377763908420281e-01
8.276141685700153516e-01
8.279091711522329478e-01
8.282025540511083195e-01
8.282542089606605984e-01
8.285187134519790275e-01
8.287582061249242349e-01
8.290663098392654362e-01
8.291308131854863150e-01
8.294032912798189328e-01
8.297717608401155021e-01
8.297952485089203911e-01
8.301875717910225383e-01
8.302588498925572713e-01
8.305968253284211622e-01
8.306485498378672894e-01
8.308656979510192775e-01
8.312107955491991884e-01
8.313330460870047567e-01
8.315738048441257968e-01
8.317000454471421556e-01
8.319320267595542440e-01
8.321547484382698645e-01
8.321474927492735763e-01
8.325231915612953948e-01
8.325723215513369801e-01
8.328851321423690335e-01
8.329261682433393155e-01
8.331829900529593713e-01
8.334596687577660035e-01
8.335386044955125362e-01
8.337882426155700522e-01
8.340456163448211058e-01
8.341495810982557657e-01
8.344104548631016138e-01
8.345903036291544286e-01
8.347610555372095842e-01
8.349670521945330437e-01
8.352883129827519681e-01
8.354240360452527270e-01
8.357549291576065187e-01
8.358436475770638641e-01
8.360367265026097394e-01
8.362590707201060791e-01
8.365803294944386126e-01
8.364905728095080040e-01
8.366570291979296137e-01
8.371320142604663506e-01
8.373318444289636897e-01
8.374216265404408333e-01
8.373557310946295740e-01
8.377558675412382083e-01
8.378517492286430279e-01
8.380728096894937140e-01
8.384246162464685792e-01
8.386054829499889340e-01
8.388855092854434758e-01
8.388611531042852176e-01
8.391232149627448900e-01
8.392735928710315374e-01
8.392926195601601025e-01
8.398130168310486976e-01
8.397103968897878801e-01
8.398008258100749801e-01
8.402521612350518643e-01
8.402391221036551450e-01
8.406976220276551892e-01
8.406707484112182494e-01
8.409086932059395281e-01
8.409674091762932013e-01
8.413098423954046279e-01
8.416209865803675472e-01
8.415733151370551335e-01
8.419083747335194268e-01
8.421646200884802536e-01
8.422573359917170377e-01
8.424030766429042583e-01
8.423932225538690588e-01
8.428785737748127893e-01
8.430120361469656265e-01
8.430812054094299901e-01
8.433513861646610987e-01
8.434706478469418123e-01
8.435947927361973075e-01
8.438484814870038653e-01
8.439250952532862948e-01
8.440559805244041147e-01
8.444350210111015720e-01
8.445591445188928015e-01
8.447213160134328103e-01
8.447682900441663145e-01
8.452737799096575744e-01
8.452480235534193254e-01
8.454773838426236088e-01
8.456838672270241553e-01
8.457688243917654836e-01
8.461973437766071582e-01
8.461269514549045745e-01
8.463518720654061855e-01
8.465849131410925210e-01
8.467588135690390372e-01
8.469699570465533123e-01
8.470159791450053710e-01
8.471969759545673329e-01
8.475093750602447074e-01
8.477012625822779590e-01
8.477458587266988310e-01
8.477618187333963995e-01
8.481353859189035838e-01
8.483387765072463171e-01
8.485655802411953275e-01
8.485296260084379538e-01
8.488560677792734710e-01
8.488924060788682890e-01
8.493206347384747446e-01
8.494485851730497750e-01
8.497358834785890824e-01
8.497861000621714789e-01
8.497930871875500891e-01
8.500272578820939895e-01
8.502682361198715677e-01
8.504188422612665166e-01
8.504950660020006437e-01
8.508566967620696531e-01
8.511429957442269156e-01
8.508965752107748859e-01
8.512451279715982366e-01
8.514791555771415998e-01
8.514465855801576222e-01
8.517435016832862749e-01
8.518936266279319991e-01
8.521464161894197753e-01
8.523502628340337006e-01
8.526714006341729046e-01
8.527210409509176081e-01
8.528344079747255391e-01
8.530019538402606738e-01
8.531232882863963862e-01
8.534838071922804525e-01
8.535233256554120018e-01
8.536099019241499830e-01
8.539692180770481755e-01
8.539309966649445416e-01
8.542194267815840236e-01
8.542892657772768183e-01
8.544745333193748404e-01
8.545697212511682572e-01
8.548515981955746579e-01
8.550723618270373860e-01
8.553386283680116664e-01
8.553668409188662780e-01
8.554296301454408225e-01
8.555942774556524189e-01
8.560434650989964256e-01
8.559403389491471170e-01
8.561919852644230833e-01
8.562635102110311980e-01
8.565980944161712962e-01
8.567180198780246503e-01
8.567866810037447767e-01
8.570786045213562021e-01
8.572783830974541885e-01
8.574607240816899401e-01
8.575928683149325327e-01
8.576038276940594063e-01
8.579975769377717887e-01
8.580292668008940860e-01
8.584318193414465226e-01
8.584382957697812566e-01
8.585683747016679135e-01
8.587609305191777898e-01
8.588653270392062611e-01
8.587416023700339407e-01
8.592595474356485852e-01
8.591610572357829545e-01
8.594396095097289745e-01
8.598813786685650662e-01
8.599004022110292578e-01
8.601558777947099221e-01
