8.804773378153480864e-03
8.477354330257615839e-03
8.244489252141579128e-03
8.316073884901728497e-03
8.417254506289616883e-03
8.399864856812938249e-03
8.208681590595359734e-03
8.023650270549510105e-03
7.922602433560551119e-03
7.714940443499070793e-03
7.589910765861939031e-03
6.713703870349129257e-03
7.041587276342183704e-03
8.847412146667593680e-03
9.800585607264490975e-03
1.217352111717959900e-02
1.434708552868206935e-02
1.299787231754679501e-02
1.226928154349564426e-02
1.260456370686480372e-02
1.256046303582564368e-02
1.329490710641890658e-02
1.577876736656498927e-02
1.941251104090611218e-02
1.861620232324455101e-02
2.226656002623399883e-02
2.699416978450690924e-02
2.716245847134339877e-02
3.032349087309753680e-02
2.974503411766739672e-02
2.980589506581792988e-02
2.914497618167334603e-02
3.146781026099151890e-02
3.290634840213788742e-02
3.907355597164504507e-02
4.279545307075520444e-02
4.600565948115988013e-02
4.970356107979960469e-02
5.094944467652090525e-02
5.068178449599325397e-02
5.317893938544088206e-02
5.416794118823050480e-02
5.556054979772968166e-02
5.757039219744166519e-02
5.958903413296007257e-02
6.301464431570225067e-02
6.573867897870151744e-02
6.916035553322784357e-02
7.221996523838414284e-02
7.546804001942603035e-02
7.648272699149712139e-02
7.829958064483151514e-02
8.139488551565250696e-02
8.161234558919837345e-02
8.375798153569866122e-02
8.876292424950710247e-02
9.245796062084821187e-02
9.580757632430110526e-02
9.807018809849787910e-02
9.873410516588712604e-02
1.015441762870500642e-01
1.033297007484247909e-01
1.073396820139849994e-01
1.084117522872919681e-01
1.111222949735148485e-01
1.153147035988790203e-01
1.161635278090345641e-01
1.176210188706299647e-01
1.207155746485501363e-01
1.231021891848635835e-01
1.251997380582222097e-01
1.297307857908821804e-01
1.317862764374002627e-01
1.327644679004094941e-01
1.372947030409507052e-01
1.391670730229084829e-01
1.419528407016345251e-01
1.434754021841856408e-01
1.449567415884416288e-01
1.480200310304274625e-01
1.512635892961360640e-01
1.539424412549432186e-01
1.569822583886285872e-01
1.603365432400915003e-01
1.620102844900663253e-01
1.644565547631163527e-01
1.671951005921383238e-01
1.695079339352318082e-01
1.722038048101585950e-01
1.741087361414007662e-01
1.764401971920157297e-01
1.797716363056796607e-01
1.826365069104259886e-01
1.839944334878180210e-01
1.863388663315219407e-01
1.893371583797787139e-01
1.906843838357869803e-01
1.941670749084806746e-01
1.962184843141258350e-01
1.992101233893680268e-01
2.016850458893184317e-01
2.040438634451618993e-01
2.056647654407560699e-01
2.093216683099407838e-01
2.113979563604498901e-01
2.119731137199413473e-01
2.151157052763526534e-01
2.174689717202675510e-01
2.200760533222819448e-01
2.221698197315157830e-01
2.242253449118788988e-01
2.263339406425237399e-01
2.285534437487897197e-01
2.312316973316388413e-01
2.343722825714064650e-01
2.357605755274795878e-01
2.381682758503492481e-01
2.412617670450326879e-01
2.435074673183841298e-01
2.452370445390016362e-01
2.472550927963720335e-01
2.490945458635661081e-01
2.513709343773773974e-01
2.531328562154104289e-01
2.559737287722128052e-01
2.586631563654871457e-01
2.606488646251586272e-01
2.622183892214037804e-01
2.648610677664567925e-01
2.674684019839217997e-01
2.691383634227360044e-01
2.711892994101771648e-01
2.734704012536006146e-01
2.754347495517207589e-01
2.771223255480126935e-01
2.792585356379944650e-01
2.821953515094162146e-01
2.841266485917270379e-01
2.858587136810076257e-01
2.880038903958748175e-01
2.902696597720036409e-01
2.920595928913671258e-01
2.941948238426691509e-01
2.967261777070566153e-01
2.985511834334542702e-01
3.011356374849769590e-01
3.025214908026169769e-01
3.042211117566919198e-01
3.065697991883685192e-01
3.088213444988868739e-01
3.097444204013022340e-01
3.118776662488473295e-01
3.142821678178222555e-01
3.165116576527000070e-01
3.180879389197499019e-01
3.201714136248380305e-01
3.213407105659791263e-01
3.234888861532762561e-01
3.268017874726254490e-01
3.282285198335614940e-01
3.303667460865870042e-01
3.318595914572332606e-01
3.333734189169005879e-01
3.351551626693413666e-01
3.367933649083447722e-01
3.395283331608989208e-01
3.417520953292237373e-01
3.432646567703679374e-01
3.446268639681979717e-01
3.468570426629012937e-01
3.490169317173481556e-01
3.510671644081128084e-01
3.531881103064404281e-01
3.547007308352492227e-01
3.564929732620245595e-01
3.582961135353166515e-01
3.600357157685780685e-01
3.616345537746375460e-01
3.632112933785539011e-01
3.650313858493621777e-01
3.660775436632900393e-01
3.678563257267849496e-01
3.705350797658246154e-01
3.719223905817826137e-01
3.734619493745958696e-01
3.750899342399512393e-01
3.770786013212327203e-01
3.786611062965563046e-01
3.807215654319255349e-01
3.816514789605133240e-01
3.838562870713114195e-01
3.857052054583177680e-01
3.871619069640649946e-01
3.890462146808958965e-01
3.905182167597046061e-01
3.922468494447418630e-01
3.938832245310669444e-01
3.952480380419995942e-01
3.976016563764275813e-01
3.987550330042777813e-01
4.005524341816885658e-01
4.019061688189996540e-01
4.032053102184878224e-01
4.050528986883298876e-01
4.066193440910441659e-01
4.080788224913933226e-01
4.104839105785639819e-01
4.117146662063572715e-01
4.129003239892967692e-01
4.142705930573306605e-01
4.160483836987461381e-01
4.172700870754568747e-01
4.189207558978180201e-01
4.207112124503815109e-01
4.221015745906651628e-01
4.236649406048531019e-01
4.251451080612542732e-01
4.269604828526463725e-01
4.284279723414743946e-01
4.295855135177270578e-01
4.310697345551327553e-01
4.328564100808896531e-01
4.335940284751812479e-01
4.352923554487360125e-01
4.373641358300576210e-01
4.381651876684992675e-01
4.401836610941460282e-01
4.413298676683439781e-01
4.431040251192288060e-01
4.446759026434297102e-01
4.452662080936370392e-01
4.467713855552102320e-01
4.481913012487778736e-01
4.500447661346181905e-01
4.515227848629244645e-01
4.522217166129670618e-01
4.538082422834167073e-01
4.553091202968284623e-01
4.569628037186558300e-01
4.585232858567912517e-01
4.589680723180854516e-01
4.609119790998388866e-01
4.621469495491629664e-01
4.630971840428476649e-01
4.646232521881880628e-01
4.659707792655407022e-01
4.673817701395088231e-01
4.687749669291164101e-01
4.700708946444524527e-01
4.715465743604815296e-01
4.726991623102482221e-01
4.739081388757530600e-01
4.750750160165533309e-01
4.764222509293374874e-01
4.777039324899273742e-01
4.791827013616133391e-01
4.804459477961918190e-01
4.819861038150280441e-01
4.828661228719123844e-01
4.838015004353555804e-01
4.854199463248262680e-01
4.864457500801942502e-01
4.883363289771802673e-01
4.893156262017630542e-01
4.899769382291286335e-01
4.913053262322681913e-01
4.927531577931300588e-01
4.941190460929306694e-01
4.950268957785858848e-01
4.958634506541280129e-01
4.977582899153087936e-01
4.986984776962062882e-01
5.001058479749009855e-01
5.010571802247149042e-01
5.016583396569744835e-01
5.034020067307659607e-01
5.047905851062260973e-01
5.058332671986416340e-01
5.068249583949593351e-01
5.081701051992779661e-01
5.090717511541810181e-01
5.102676431238095667e-01
5.118056379579883908e-01
5.123016314167411211e-01
5.137228719100960239e-01
5.147178772034045613e-01
5.157787454268731864e-01
5.171200635836005199e-01
5.181791037368529418e-01
5.196403574672427972e-01
5.200097636295413217e-01
5.212219100123198778e-01
5.223028825440830802e-01
5.237300660442056888e-01
5.243836033920181716e-01
5.259314961858266857e-01
5.268881569850327740e-01
5.284814182049329956e-01
5.290524476847420221e-01
5.299167644236548735e-01
5.316347962924300452e-01
5.324482793749945042e-01
5.334809318872256734e-01
5.343858741043354676e-01
5.354232665354857756e-01
5.362644139336992799e-01
5.373483985221922943e-01
5.378947476312686549e-01
5.392473914762966336e-01
5.403024886421969875e-01
5.413853410204132466e-01
5.425371626034642958e-01
5.436623531274520360e-01
5.445423009634169365e-01
5.449348241123699310e-01
5.464793427805121340e-01
5.476498086424113065e-01
5.484502753125820584e-01
5.493992688447307815e-01
5.505297958873961450e-01
5.509214638067385650e-01
5.525462453715281885e-01
5.533930152118409218e-01
5.541455067295546488e-01
5.551311332453972014e-01
5.560495896255246429e-01
5.573610417236352088e-01
5.582352709378787248e-01
5.590047451022974734e-01
5.600002497567231341e-01
5.611165624783673866e-01
5.617460674666374665e-01
5.627344915979459739e-01
5.638207897357613296e-01
5.648171737872874631e-01
5.653160948930440188e-01
5.661637638530127026e-01
5.673931218571788282e-01
5.683725835878192800e-01
5.692210467757029546e-01
5.701601621644998286e-01
5.711534339556486595e-01
5.719967614126183486e-01
5.724984451296041277e-01
5.736310603010956743e-01
5.747244083441428453e-01
5.757560386680222742e-01
5.768766677380405827e-01
5.775441837275875345e-01
5.782652866684702131e-01
5.792271373659212408e-01
5.799548486810659487e-01
5.806584236483730566e-01
5.817200290206591129e-01
5.822878433722609159e-01
5.830258301351820549e-01
5.841591347812790103e-01
5.849498043300055405e-01
5.859059890925323311e-01
5.864583319373302128e-01
5.870950077530171507e-01
5.881040154404775233e-01
5.891299333364452551e-01
5.898599363396729300e-01
5.912173689012137912e-01
5.915898033654394261e-01
5.926672457261166205e-01
5.928875178740445895e-01
5.940067482886524086e-01
5.945529028571570063e-01
5.958825735380524069e-01
5.964427642660663498e-01
5.976176095136763733e-01
5.981198069238535808e-01
5.987631018742397560e-01
5.996140124998122767e-01
6.003323248812378887e-01
6.013119551500459847e-01
6.018102623117222993e-01
6.023925991840382022e-01
6.034691943548066151e-01
6.043146895540567609e-01
6.050186101883695544e-01
6.057164709285771664e-01
6.063154026748316383e-01
6.073120351244023496e-01
6.077363420941085392e-01
6.088277559944822448e-01
6.092129995899656647e-01
6.102964536965693743e-01
6.111517807974179428e-01
6.120654295495892017e-01
6.122041264368381919e-01
6.128895639434879250e-01
6.138288475185530446e-01
6.142865632982479340e-01
6.155210628002325546e-01
6.162562189775546706e-01
6.168068450971120331e-01
6.172222461511346348e-01
6.183288433950018259e-01
6.187785178583746770e-01
6.196181183421262118e-01
6.205699978360135205e-01
6.209913459495508548e-01
6.220037117836675344e-01
6.225224843814091136e-01
6.234728814757395376e-01
6.240566836102439119e-01
6.247118988861621869e-01
6.254092386427307915e-01
6.261361089050127005e-01
6.263367016552165989e-01
6.272876643546113629e-01
6.276170408288966884e-01
6.285258342985402535e-01
6.293135513111116630e-01
6.299596204995456805e-01
6.307593251424825631e-01
6.314056696096425059e-01
6.319282653605080569e-01
6.327006466746005753e-01
6.334089467397927553e-01
6.338922732677766403e-01
6.346218665303603457e-01
6.355664147363432326e-01
6.359738186642943658e-01
6.366975756613348914e-01
6.373231147856408541e-01
6.376646775620221641e-01
6.387357853641159044e-01
6.393986910088141906e-01
6.399928318161010043e-01
6.404328721394542123e-01
6.410088661577499902e-01
6.418503767680374672e-01
6.424783045449758978e-01
6.430012866777556901e-01
6.436421005342330970e-01
6.442762868721076952e-01
6.451418757097424628e-01
6.457260973658789371e-01
6.460314847919055303e-01
6.465779481205922163e-01
6.472256533427421799e-01
6.477632143124877340e-01
6.487528609834073423e-01
6.491214399794656975e-01
6.495448890786035268e-01
6.502135982974056594e-01
6.508621615063111543e-01
6.513758939996695529e-01
6.522511878380200523e-01
6.525890355969760082e-01
6.536409238428858570e-01
6.538974336659246767e-01
6.543933235876217003e-01
6.548962508601664512e-01
6.557577355423201970e-01
6.563159359423620387e-01
6.569204053291138878e-01
6.572368188194269711e-01
6.578119582422986555e-01
6.585795386436775756e-01
6.590329215653596417e-01
6.596547660146586667e-01
6.598620886404406027e-01
6.606952399297848499e-01
6.610896610378367289e-01
6.618449851733982925e-01
6.622850268920557060e-01
6.630575949896663213e-01
6.634452613856818282e-01
6.641683964962991071e-01
6.646655239649881253e-01
6.652078916935417752e-01
6.658035653106294527e-01
6.663503843445026664e-01
6.666783069646281534e-01
6.675972471649791462e-01
6.680367245036812340e-01
6.686295060925160350e-01
6.691834242343139838e-01
6.694576080445554522e-01
6.701279496365344368e-01
6.709663674566347380e-01
6.714362351232548987e-01
6.719423294006391378e-01
6.721852570818359629e-01
6.726030253200079301e-01
6.734229044117143737e-01
6.740141098345472370e-01
6.741673194898827326e-01
6.748153723299451512e-01
6.754227443968673361e-01
6.758672110173151726e-01
6.764925282779953308e-01
6.765813711172179445e-01
6.773858248735676879e-01
6.778758577276779995e-01
6.784095597227919328e-01
6.790729222464695347e-01
6.796493506268594942e-01
6.798641114845270783e-01
6.803441666449454583e-01
6.809401952789191359e-01
6.815463955064618995e-01
6.820695431460377378e-01
6.824262127751814511e-01
6.833048636621326111e-01
6.835201266253940755e-01
6.839618153215384355e-01
6.842452474958465869e-01
6.850834996546665279e-01
6.856178717700245340e-01
6.858725878160152334e-01
6.863443857179379881e-01
6.870073625195997069e-01
6.871249146008079345e-01
6.880710268668511764e-01
6.884488897441830568e-01
6.889845320055342226e-01
6.895301390111864270e-01
6.901825669250577500e-01
6.900241844294705551e-01
6.909024766858253841e-01
6.914045027238902019e-01
6.918224168241564609e-01
6.923986148586369627e-01
6.926345650681189348e-01
6.934632232395074869e-01
6.938295076115249538e-01
6.945240957560510076e-01
6.947176062752866699e-01
6.950513310882666662e-01
6.956134864659708761e-01
6.962495154945631537e-01
6.967032172791283173e-01
6.968296504612829789e-01
6.976604473577099341e-01
6.979859759485753656e-01
6.983552744505736598e-01
6.990788902244541303e-01
6.994275940057463892e-01
6.997844212574729772e-01
6.998867937849495569e-01
7.006674740505224319e-01
7.011028775356232812e-01
7.015497051427508346e-01
7.022988004327301859e-01
7.026234094302451494e-01
7.027948530497013513e-01
7.033358689735932368e-01
7.037817137722428562e-01
7.037866529065892607e-01
7.046173818174361614e-01
7.051159031607334704e-01
7.055457958822608511e-01
7.057714555100411680e-01
7.062979321264754029e-01
7.069143375877490199e-01
7.073315629239158575e-01
7.074748181192239693e-01
7.081407620998205754e-01
7.085745004214054621e-01
7.090307222575124024e-01
7.094200781651447407e-01
7.098241361869992438e-01
7.101186183204419855e-01
7.108110603247261849e-01
7.111301105793560451e-01
7.115954123544255827e-01
7.120167602716805932e-01
7.123248452081436533e-01
7.126895070151232359e-01
7.130098462781443436e-01
7.136782636037105609e-01
7.138503856228476385e-01
7.145792245527876618e-01
7.147788193483265440e-01
7.152253278549082216e-01
7.155021664482547061e-01
7.158901461282031198e-01
7.165249347500290966e-01
7.166474337883106394e-01
7.173871683488021178e-01
7.176884834077290609e-01
7.182946005133966638e-01
7.185115042344065728e-01
7.187510146226978591e-01
7.194221183719996526e-01
7.198546771471806549e-01
7.202418236775106619e-01
7.206059651437709546e-01
7.210248229745072068e-01
7.211173029811683843e-01
7.217287358060536784e-01
7.221505441241314882e-01
7.224446734138326720e-01
7.227721727300001620e-01
7.236154912172687581e-01
7.237302780538731328e-01
7.240426351329916077e-01
7.248007567906684656e-01
7.248471110672407569e-01
7.253262986398248957e-01
7.257905778865445523e-01
7.259605010214568166e-01
7.263408844011846055e-01
7.266353666814155954e-01
7.268933959802332812e-01
7.275782019684130519e-01
7.279532732825170216e-01
7.285165839323129999e-01
7.287148027849351672e-01
7.291716377860315568e-01
7.295866854448531669e-01
7.296706615065812196e-01
7.303520232355887876e-01
7.307444058809700049e-01
7.308418771854706675e-01
7.315894582252009393e-01
7.316196925595842560e-01
7.321843302468964421e-01
7.325919439858094018e-01
7.328282926008570231e-01
7.331898267523050405e-01
7.336258606488180734e-01
7.339902988128491623e-01
7.343832943489766452e-01
7.347775845955678564e-01
7.350128196824584625e-01
7.355521058772847010e-01
7.356706045839263020e-01
7.361815224934313839e-01
7.368171440902984148e-01
7.368055946550786661e-01
7.371034269114953297e-01
7.376369118853279838e-01
7.380963879952012752e-01
7.383564396216325543e-01
7.387624314597261987e-01
7.389233990281496300e-01
7.392062013583776681e-01
7.398019572716676429e-01
7.401817512541234434e-01
7.405653235798659306e-01
7.408919570296113033e-01
7.412886981278163923e-01
7.416451104020447271e-01
7.421582044728713967e-01
7.421767970081956101e-01
7.426131613865074588e-01
7.427109806054577046e-01
7.432255850941364983e-01
7.438337796760960963e-01
7.440397979173135612e-01
7.441839846232974898e-01
7.444313613490859405e-01
7.449546370412736263e-01
7.454763391133265582e-01
7.458236742964835519e-01
7.460601904127750483e-01
7.464073335975812684e-01
7.467401465671942296e-01
7.470048240177292742e-01
7.472938990100760348e-01
7.476716377317937923e-01
7.479419095427830566e-01
7.487207102612017939e-01
7.489098799570267362e-01
7.491099080727937620e-01
7.494678160993909488e-01
7.498822140496689270e-01
7.501263969913916085e-01
7.504292339778723120e-01
7.508224173370533494e-01
7.513001477929975858e-01
7.514502718979986229e-01
7.520476528068796851e-01
7.521553333605695002e-01
7.524291782089921332e-01
7.527426453277525908e-01
7.532097934047397025e-01
7.533091499205012420e-01
7.535628288605364933e-01
7.541168214982107987e-01
7.543167002321604642e-01
7.547096760024254447e-01
7.550465278584149731e-01
7.555921937182040748e-01
7.557323572219898367e-01
7.558178944817278699e-01
7.562061432594743282e-01
7.567674931518790782e-01
7.569175856508116862e-01
7.575436164918349924e-01
7.575153785667670947e-01
7.578980858818334942e-01
7.582983673520264922e-01
7.586324046285435330e-01
7.589840995147808522e-01
7.594038843315548126e-01
7.594925612428304884e-01
7.599576468146147512e-01
7.600333747878436075e-01
7.603047137846155046e-01
7.607146052455090457e-01
7.611191788123140567e-01
7.611684558359256281e-01
7.616769296768335362e-01
7.621911612834635363e-01
7.622301723977688015e-01
7.626911766692303640e-01
7.628866721004230467e-01
7.632434731303595621e-01
7.635914706539504992e-01
7.638081524169163528e-01
7.641140610402685773e-01
7.645927405884372918e-01
7.650076427775822641e-01
7.651408474701804074e-01
7.654686720307910530e-01
7.657328111639992718e-01
7.660947478482306172e-01
7.663233652137528829e-01
7.664026750665047238e-01
7.669245758734232199e-01
7.670323621683304838e-01
7.673995328869015475e-01
7.677848419581692063e-01
7.679582265294156995e-01
7.683673306400952141e-01
7.686966822873054772e-01
7.690396146983128345e-01
7.691940153790547408e-01
7.693646899632320402e-01
7.697714598789783258e-01
7.700919306590299218e-01
7.700736165332677796e-01
7.704849799665640653e-01
7.707293065609442939e-01
7.712978900926712456e-01
7.713686954009968400e-01
7.718247025551037144e-01
7.721174526846152908e-01
7.723110910876943569e-01
7.724779144718405544e-01
7.729984710455313213e-01
7.731752580795862029e-01
7.735376598185687014e-01
7.738049672459212935e-01
7.738054142092529730e-01
7.744012857396253002e-01
7.745286129610947645e-01
7.748868255455991783e-01
7.752487827596342695e-01
7.755272957061309924e-01
7.756050519204354954e-01
7.759932041449082440e-01
7.760837407145858569e-01
7.767607113841167310e-01
7.766040726022587215e-01
7.770775143086444681e-01
7.773889407605557578e-01
7.773059503634851541e-01
7.777184591107143552e-01
7.781247513021826157e-01
7.785067557254740089e-01
7.788523497307849874e-01
7.789967477104859928e-01
7.790886996809607279e-01
7.793495298183730213e-01
7.799081532727499821e-01
7.801153531283732123e-01
7.802740675224891786e-01
7.806783510690078476e-01
7.809234431186397041e-01
7.809850161268413471e-01
7.815895723789733074e-01
7.816449170719701467e-01
7.818564754438558362e-01
7.821831949737297895e-01
7.825891558970918815e-01
7.827143070688741266e-01
7.829393286356185477e-01
7.833723678245315680e-01
7.836539330613254695e-01
7.838112850539221688e-01
7.840776075166948633e-01
7.841733522434628512e-01
7.847009662511051920e-01
7.847440558514802156e-01
7.852082287077815081e-01
7.854786301123429793e-01
7.857062504895517829e-01
7.860955618818574742e-01
7.860543455399969792e-01
7.862991792319501405e-01
7.864970957421836273e-01
7.868136123772353496e-01
7.870536174387890993e-01
7.872979501929059376e-01
7.877492468540538972e-01
7.878560840881821958e-01
7.882130722473147388e-01
7.885826147394504604e-01
7.883562943409516688e-01
7.888583152701985624e-01
7.892182625808246144e-01
7.894805626334217008e-01
7.896673216086423919e-01
7.899453182176098265e-01
7.901388256027437329e-01
7.904240907379705972e-01
7.907297126979832003e-01
7.908096759070630810e-01
7.909654272177200074e-01
7.912709640871392613e-01
7.916112650097180126e-01
7.916097987739383335e-01
7.923540616018178717e-01
7.924915900982679728e-01
7.925765672317065524e-01
7.930005535978902342e-01
7.930261314244971826e-01
7.932178267153311424e-01
7.936055584073271607e-01
7.939011408061048547e-01
7.939856745213602629e-01
7.942206496300480145e-01
7.946691401659962128e-01
7.946335740795218427e-01
7.949336543892490115e-01
7.952040783637954746e-01
7.955141686980801152e-01
7.958534939017439802e-01
7.959565855631386411e-01
7.961476752539001778e-01
7.962109392922376294e-01
7.965200526247733226e-01
7.968233570637798246e-01
7.971862687003158365e-01
7.972088080400747678e-01
7.976476734435721250e-01
7.975470029577911291e-01
7.978746827549373366e-01
7.981878762904939251e-01
7.985628236064021834e-01
7.988086245224960136e-01
7.990046846518730206e-01
7.991938095955620769e-01
7.994290690900284213e-01
7.995812905643739921e-01
7.999398611147623406e-01
7.999097957638929834e-01
8.005204403565486793e-01
8.004068868869993469e-01
8.006320593007077990e-01
8.008432270029488542e-01
8.012220593428317494e-01
8.014040428144834083e-01
8.016968061410014723e-01
8.021302209655231108e-01
8.020193834121662757e-01
8.023960145869516447e-01
8.026682226988133273e-01
8.028860801179148465e-01
8.030619011007241737e-01
8.034202896251784187e-01
8.034969545449961448e-01
8.037135985525055704e-01
8.036603585662048799e-01
8.041371086108947130e-01
8.045625588086366964e-01
8.045337917219135271e-01
8.046731022144701928e-01
8.049243433955856064e-01
8.053397929635351948e-01
8.055505452530070665e-01
8.056169302630012963e-01
8.059297949494488300e-01
8.060058872880078162e-01
8.063148360543408444e-01
8.064499996614009625e-01
8.067776347472320753e-01
8.069253328689340865e-01
8.071403980521768551e-01
8.073212870310162437e-01
8.075523656375745984e-01
8.077939810541763244e-01
8.080206075065370364e-01
8.080791938375944117e-01
8.083289764744082673e-01
8.087276652499602037e-01
8.086872756721311672e-01
8.090811280322774968e-01
8.091305434876077118e-01
8.094544984369062002e-01
8.096811392740222990e-01
8.098529548552909629e-01
8.103035480038436322e-01
8.102368529845276335e-01
8.104619630053775392e-01
8.105620065483637449e-01
8.107456494139261283e-01
8.112364095624436944e-01
8.113163397351064177e-01
8.116551866234406054e-01
8.117437910675959767e-01
8.119013121234998076e-01
8.121345404411480784e-01
8.123370740903572695e-01
8.126528958829313254e-01
8.125925116934935577e-01
8.131638437315011902e-01
8.130881482832512663e-01
8.134075093724816297e-01
8.135052357423330216e-01
8.136348965868936967e-01
8.139417735754025385e-01
8.141960811774666684e-01
8.142957912481559868e-01
8.148192977627322087e-01
8.148014334689795968e-01
8.149525528399184093e-01
8.151829330441464627e-01
8.154470754798677223e-01
8.155483406020781478e-01
8.157001779105751416e-01
8.161220551540706580e-01
8.163700570183020089e-01
8.163856096900444781e-01
8.165163918552884592e-01
8.168232199257257076e-01
8.169954182875855953e-01
8.173671492488659984e-01
8.173374887792952403e-01
8.176565448759205434e-01
8.176883840169366646e-01
8.179620426711123882e-01
8.181650501481877447e-01
8.183662242289444499e-01
8.185918647836715190e-01
8.187530740457663603e-01
8.188492078426490295e-01
8.191564677894982438e-01
8.192256135684778950e-01
8.194312503642582346e-01
8.198719765903440537e-01
8.197781950383172811e-01
8.202542778877652818e-01
8.204310021170607703e-01
8.204150307075458448e-01
8.206183165922757983e-01
8.209605543301276009e-01
8.210345183931783142e-01
8.212987767198447475e-01
8.212122268175038320e-01
8.214556871177335351e-01
8.216888251386574860e-01
8.218333664050554432e-01
8.223269383941876898e-01
8.223890657851056218e-01
8.227029426184412353e-01
8.228017748367905115e-01
8.228480686208361483e-01
8.232035170458044115e-01
8.231427478006447807e-01
8.234381936119423706e-01
8.238222463457813838e-01
8.238307363363586155e-01
8.241257003969977291e-01
8.243031957271999000e-01
8.243764776559404650e-01
8.246815176363969657e-01
8.249060279072157886e-01
8.246978069624836261e-01
8.250517808033118738e-01
8.252960601685400688e-01
8.255516088639446304e-01
8.257309266982185703e-01
8.258126989789659200e-01
8.259288599655082441e-01
8.261327392953659032e-01
8.261937203004623420e-01
8.264821141156341033e-01
8.267962270405910807e-01
8.269406612212973906e-01
8.271395562940473400e-01
8.274190933219489619e-01
8.274078100520381174e-01
8.275669534108927028e-01
8.277623540543640468e-01
8.279508845051481991e-01
8.282451476591852213e-01
8.282672326877558167e-01
8.284939490085347913e-01
8.287007933631658219e-01
8.288648714274765572e-01
8.290333681406110156e-01
8.291619248806894049e-01
8.294625087021967325e-01
8.295426031188252169e-01
8.296956427664424760e-01
8.299546507479351742e-01
8.302079353487286095e-01
8.303341931489767180e-01
8.303784512917412597e-01
8.305214168587101708e-01
8.309448875655017774e-01
8.309757492856977290e-01
8.311516820135398387e-01
8.313910599454379380e-01
8.315403447699319939e-01
8.317868711839363494e-01
8.318645268606785770e-01
8.320066226321419789e-01
8.321249008291838889e-01
8.324388852331595645e-01
8.325864825951285741e-01
8.327281899882896798e-01
8.329808758888642695e-01
8.330041638968174178e-01
