1.378150422079371662e-02
1.329184184761116050e-02
1.292788519010226907e-02
1.276688188762739769e-02
1.257591768119165586e-02
1.240722998888000271e-02
1.200785897741334096e-02
1.168384925504821481e-02
1.162253729695818250e-02
1.135242276545646647e-02
1.122073114297746088e-02
9.866318688016115224e-03
1.029426257590619447e-02
1.288357295885325486e-02
1.419076880231422838e-02
1.755235686908752576e-02
2.065559270777114764e-02
1.891224847453317620e-02
1.788657866333406496e-02
1.831138167914779860e-02
1.836444224688482674e-02
1.915488248062330312e-02
2.278812486313821356e-02
2.735111977865442578e-02
2.664069699581496017e-02
3.164179725423144768e-02
3.776756876072050878e-02
3.856480558038070938e-02
4.261340507851959364e-02
4.156677163606872089e-02
4.190685271297329983e-02
4.189894769811348951e-02
4.491267520434753802e-02
4.641677282933599769e-02
5.362576385033354653e-02
5.881375034133509705e-02
6.357239491969783607e-02
6.795696605693959946e-02
6.943944955293222809e-02
6.958592951476216815e-02
7.256338165072545587e-02
7.408690440895539242e-02
7.620549618250803403e-02
7.891731692059732184e-02
8.189775691935763380e-02
8.670305918154400104e-02
9.053180049675239871e-02
9.426170001013746413e-02
9.738794473003060947e-02
1.019009012256327645e-01
1.036236853867082836e-01
1.053696527372244285e-01
1.091461173822448893e-01
1.096190457405709084e-01
1.130531981382086326e-01
1.186146977883027059e-01
1.230516048944053503e-01
1.268392234031363031e-01
1.299594579439262432e-01
1.316796260256701545e-01
1.351360965317106866e-01
1.374279213443622971e-01
1.424916678995750141e-01
1.434611689444708904e-01
1.474869202311184235e-01
1.512661611977249854e-01
1.527764951799496229e-01
1.560926473982713336e-01
1.594378520516866737e-01
1.619094385497047706e-01
1.641757140161604067e-01
1.694884047264537952e-01
1.724180266138198303e-01
1.732334579932668372e-01
1.787967112612904308e-01
1.809988387065556703e-01
1.842019992635072212e-01
1.861701182456379222e-01
1.890503349067311489e-01
1.915606207450110676e-01
1.952297687939482940e-01
1.980240493884375674e-01
2.011429177041771099e-01
2.048424697773273406e-01
2.080257561193806781e-01
2.115475685715787202e-01
2.142296074800698891e-01
2.167508741608694944e-01
2.194637312437723031e-01
2.220940022395066216e-01
2.253025246762699052e-01
2.288136836793081552e-01
2.316784556070027867e-01
2.340145602899213195e-01
2.366126201490426628e-01
2.389080298038965544e-01
2.412056374796937019e-01
2.445174899062686202e-01
2.470177397995735602e-01
2.507794359803396933e-01
2.551507152581956595e-01
2.564618061539664096e-01
2.593737178345835170e-01
2.620985611427943396e-01
2.649344958539096018e-01
2.659388154243625957e-01
2.690158085962367496e-01
2.726017896313408517e-01
2.757119528021609867e-01
2.781992672714462267e-01
2.795922090799023429e-01
2.821383810685890725e-01
2.847770037285507483e-01
2.877579282115588777e-01
2.900832169540432659e-01
2.926319809829419083e-01
2.962014364454732540e-01
2.983755884079693499e-01
3.005285651431331417e-01
3.028448033687068941e-01
3.049722709998316517e-01
3.076731775796008872e-01
3.114053448056861018e-01
3.130191022414613999e-01
3.150611828810806481e-01
3.178174100209748554e-01
3.199686000723338530e-01
3.222417667705510524e-01
3.252169061351639079e-01
3.272051346438073494e-01
3.301338756804882979e-01
3.321719583572973478e-01
3.336637453291122490e-01
3.365140606785117505e-01
3.385846683332601192e-01
3.413531710616445891e-01
3.431498179211385224e-01
3.455063411344961311e-01
3.477018386989391141e-01
3.501810092698802723e-01
3.522667910915795453e-01
3.544672897226078812e-01
3.568118689644825814e-01
3.594082128427029676e-01
3.611352051042193700e-01
3.635744302122423388e-01
3.655257383067599397e-01
3.671551216107971638e-01
3.694514331815683672e-01
3.715840077053016444e-01
3.734834519468273051e-01
3.754451686266613297e-01
3.781448714284444956e-01
3.801680790240014041e-01
3.818576576979782478e-01
3.836807019197353008e-01
3.856951028453851626e-01
3.878377980991082330e-01
3.905510705934147619e-01
3.923662261255221884e-01
3.942774889862806775e-01
3.964435067850724526e-01
3.978348547705538030e-01
3.993553687204783875e-01
4.011461182975313844e-01
4.029923372319245689e-01
4.057918340222596010e-01
4.078778830918119436e-01
4.100444418056424234e-01
4.116928242030857832e-01
4.131776112332168904e-01
4.143944699092266259e-01
4.171352252172525477e-01
4.188777416868540993e-01
4.205977129354347976e-01
4.225526287958851213e-01
4.239954006457103408e-01
4.260825109304207103e-01
4.281326117192161829e-01
4.301168416340961920e-01
4.317537027478328127e-01
4.330745368145898500e-01
4.349717625226729445e-01
4.369139874509309629e-01
4.385864721537112709e-01
4.402979320164804866e-01
4.416367534814261697e-01
4.434441290277190695e-01
4.455021328358411137e-01
4.465974129149410943e-01
4.486025351370477865e-01
4.506227490348687081e-01
4.517957123107368966e-01
4.540352165467481105e-01
4.554894800753846451e-01
4.565388812131414009e-01
4.588021756299818232e-01
4.598127477685377551e-01
4.617323909197691978e-01
4.627363346076417971e-01
4.646741098514393653e-01
4.665330524338227036e-01
4.675798704066228551e-01
4.694329850177043628e-01
4.709126385026884409e-01
4.726518164479340256e-01
4.747607123208987812e-01
4.764969310575465911e-01
4.773765099393049161e-01
4.792311261729958471e-01
4.803803474931436224e-01
4.817856768696488490e-01
4.834994930347615294e-01
4.846901647371247845e-01
4.861563195894298417e-01
4.879101977473044860e-01
4.894281424399442582e-01
4.908344064790658989e-01
4.922688377836892393e-01
4.933729825868049534e-01
4.940590713063888195e-01
4.961285047340481813e-01
4.979456031166270003e-01
4.987851346404152397e-01
5.002137720436432566e-01
5.013767740754058178e-01
5.024300420436754733e-01
5.038479852803994241e-01
5.059915369973440047e-01
5.073150213715215129e-01
5.088842411464417070e-01
5.099355653493641283e-01
5.113217158369109949e-01
5.122960119431372306e-01
5.139997246680407805e-01
5.150661051522416045e-01
5.159576765449735980e-01
5.178807622521950371e-01
5.192959331228930164e-01
5.206143019376276992e-01
5.214105571301793640e-01
5.230887317179628848e-01
5.244579632176828987e-01
5.256121814008694049e-01
5.265525073922693311e-01
5.277177034689549684e-01
5.291775705656536211e-01
5.302480122234429771e-01
5.318312054241061126e-01
5.328908168076761376e-01
5.339777834499639386e-01
5.355265744968571440e-01
5.367789519729049275e-01
5.377730049441215021e-01
5.389613635883200304e-01
5.405135118033941311e-01
5.415045998692739060e-01
5.424029158344115809e-01
5.432724261802958088e-01
5.449149160409265669e-01
5.458560885029568599e-01
5.469171331861140128e-01
5.484183836767865250e-01
5.497442401520756805e-01
5.506879520083869384e-01
5.513823565698706686e-01
5.527420952079379335e-01
5.535621253970908207e-01
5.546954705727961121e-01
5.562363874148154030e-01
5.569213262910752693e-01
5.584166264556678083e-01
5.589208075055990266e-01
5.604394994107833039e-01
5.618148405888003794e-01
5.623671345425605983e-01
5.633562757151416855e-01
5.646620713463026409e-01
5.656951231162183902e-01
5.664305702064225123e-01
5.677020899596416648e-01
5.681231377808770855e-01
5.695530864420933481e-01
5.706876568829912788e-01
5.713732472726044120e-01
5.725823614934900663e-01
5.738008431242120899e-01
5.747586490591525266e-01
5.753486472125806106e-01
5.766696806551311338e-01
5.776481738083640849e-01
5.787734319038411179e-01
5.796281993333161076e-01
5.809856472050193288e-01
5.815953124758665993e-01
5.825374928728090929e-01
5.831614773629730797e-01
5.845581070937635459e-01
5.855510409380321191e-01
5.861872575493580761e-01
5.875854532611028969e-01
5.882171084096268210e-01
5.890278222600316971e-01
5.906861443643226517e-01
5.908945126590603447e-01
5.922895748460419441e-01
5.932937395952182502e-01
5.937691061890550959e-01
5.950974265490368564e-01
5.956973028653544944e-01
5.966224123277213964e-01
5.975368628040187424e-01
5.986156648478452302e-01
5.991343314330160874e-01
5.998704734271813610e-01
6.009130674905969194e-01
6.018771980183549308e-01
6.028440653499755886e-01
6.035413420116457761e-01
6.042636124526261643e-01
6.054634530049622931e-01
6.063724518822002363e-01
6.069824977109408159e-01
6.080847908826804149e-01
6.084454674816133224e-01
6.096316039045813762e-01
6.103371780931060586e-01
6.109767384663965517e-01
6.121278184124103738e-01
6.130538083470701283e-01
6.138597455298182570e-01
6.146779738418224337e-01
6.152781217747653741e-01
6.161729720473528849e-01
6.170319420567469404e-01
6.179473686259437937e-01
6.188365382378040458e-01
6.194511033565043290e-01
6.199617956601694013e-01
6.209554012416375057e-01
6.217481642605530157e-01
6.225851224704705977e-01
6.232201360326752315e-01
6.237076300829565989e-01
6.246428685224434396e-01
6.257877623770332631e-01
6.265224243377573998e-01
6.267591865864452494e-01
6.282409396853586570e-01
6.287806044418243756e-01
6.293446896782274314e-01
6.301311652244289130e-01
6.308401255885209835e-01
6.315051019291786361e-01
6.325148266851491341e-01
6.332900249111425017e-01
6.336706330344287208e-01
6.346209055750813288e-01
6.351176626413453929e-01
6.360275741708367736e-01
6.368566485529324472e-01
6.374052625812626216e-01
6.379530221058842265e-01
6.388835503863083964e-01
6.394875307305533108e-01
6.400046614044339055e-01
6.407746185873647304e-01
6.413495893833082162e-01
6.422719353670559572e-01
6.425973561194763262e-01
6.436088064417944121e-01
6.443466045924062247e-01
6.448151159176833680e-01
6.460016083789806851e-01
6.467020630266521186e-01
6.469869594002374269e-01
6.474463128819162305e-01
6.482807499619563929e-01
6.490086838989680418e-01
6.494811124902568622e-01
6.507367880672900728e-01
6.511679126824961861e-01
6.517457618794576524e-01
6.522601526477962430e-01
6.530992677059070939e-01
6.538317505587685208e-01
6.547259523424884264e-01
6.548101993692960754e-01
6.557009842919065967e-01
6.563514426631645859e-01
6.571097160450020125e-01
6.573747314518867402e-01
6.581863532901958136e-01
6.586377932207478914e-01
6.591391140063040943e-01
6.600990824325524420e-01
6.606638272033578119e-01
6.612380457164932501e-01
6.618457247004596589e-01
6.626638984664022791e-01
6.629385749088655411e-01
6.633970976749682391e-01
6.642212325620440172e-01
6.647820774669882526e-01
6.656452896345935732e-01
6.662896490779874892e-01
6.662574138528474244e-01
6.672013460069454727e-01
6.678181061996443235e-01
6.686425249247285318e-01
6.692648045080737962e-01
6.697596141262674996e-01
6.701499428513360002e-01
6.708914970621612239e-01
6.712954471956196212e-01
6.721221129987625664e-01
6.724579509600769889e-01
6.732101072431173616e-01
6.736938714272585615e-01
6.744070481325707966e-01
6.751704800763224101e-01
6.750441071222640366e-01
6.760252749708436371e-01
6.768790473697307020e-01
6.772208670500083905e-01
6.776225458043907413e-01
6.781279013348104900e-01
6.786389028692810799e-01
6.796555773329590044e-01
6.800009508467080854e-01
6.805789889750744059e-01
6.809363900985152540e-01
6.814120483355207147e-01
6.822096264208180605e-01
6.825870310006145747e-01
6.835087360151961278e-01
6.837077362774564016e-01
6.841024275337287408e-01
6.845680425930990021e-01
6.852181761722674347e-01
6.860092883503392525e-01
6.865596996525136220e-01
6.868436641197825931e-01
6.874589909607594640e-01
6.874469942927126098e-01
6.881927653743180606e-01
6.891880519069295552e-01
6.895671229974490446e-01
6.897741991480947910e-01
6.906091571063806001e-01
6.912332440192153760e-01
6.918001712668347958e-01
6.919099604920034841e-01
6.927522497300199200e-01
6.932343093299987435e-01
6.937002420243524314e-01
6.943320096704695965e-01
6.950361794028654394e-01
6.953114645936760985e-01
6.957219328437109773e-01
6.961134869199773201e-01
6.965921126397960350e-01
6.974025461790780422e-01
6.976325877414558674e-01
6.983315286679890876e-01
6.984932400545926789e-01
6.990633650778628194e-01
6.994075389195237857e-01
6.998829054411055406e-01
7.005308475269846902e-01
7.009540953048291057e-01
7.016973747118612215e-01
7.020708986239319049e-01
7.024006398189348577e-01
7.027970856297798274e-01
7.034373119104992966e-01
7.035916965758494124e-01
7.044926103060601408e-01
7.045080179364567874e-01
7.051771976101636197e-01
7.057670275308086660e-01
7.061544416383097600e-01
7.065754462035376271e-01
7.069187681071963381e-01
7.074822376606553220e-01
7.077422677775525583e-01
7.084852898488692707e-01
7.090325945655200357e-01
7.091907671573050020e-01
7.098817645027216683e-01
7.101520945810025909e-01
7.105732294112874214e-01
7.108471580718773719e-01
7.114396102658969712e-01
7.120687158175339482e-01
7.125891267257484785e-01
7.129213151891395928e-01
7.134863057998568348e-01
7.137455043024129031e-01
7.145038155782201805e-01
7.149360499610554198e-01
7.148993041832649720e-01
7.156799418564997461e-01
7.158735726161367108e-01
7.163316740103817803e-01
7.169124764627033963e-01
7.172528821849649683e-01
7.179565010673450987e-01
7.183051891603198236e-01
7.186431474565848632e-01
7.191367735621314594e-01
7.194493663929318883e-01
7.200129920962575758e-01
7.201648605198103237e-01
7.206598397296967162e-01
7.211189210449545639e-01
7.215917034135189700e-01
7.220127032962669889e-01
7.223076303784407015e-01
7.225072906336548195e-01
7.233359924323408130e-01
7.239380056156414778e-01
7.242531644026293236e-01
7.247842211891007969e-01
7.248777183055195028e-01
7.251229897851630968e-01
7.258435016029874953e-01
7.263860063103971809e-01
7.265771046617901519e-01
7.268118490839884371e-01
7.274890666298291508e-01
7.277536911536854891e-01
7.285347492613127862e-01
7.284079897131998660e-01
7.287818475630214454e-01
7.296126646099786450e-01
7.299099818054094468e-01
7.301510026528454933e-01
7.304524671052984308e-01
7.310089419288279267e-01
7.314105141215762051e-01
7.317404201173636213e-01
7.318303105849243151e-01
7.324747315689016380e-01
7.330281263378113366e-01
7.333810259811067711e-01
7.335682932333155160e-01
7.340697405757725669e-01
7.341762732375994860e-01
7.347430872139878444e-01
7.353242230103610444e-01
7.356978368467791407e-01
7.358190969143174609e-01
7.365513846784126351e-01
7.366931021886238273e-01
7.371264609596092088e-01
7.376115600530899208e-01
7.377542472451685818e-01
7.381711242814340546e-01
7.387187291441734693e-01
7.388608409946413325e-01
7.393260535339265527e-01
7.397473282706964470e-01
7.400736693499878616e-01
7.403227816856423615e-01
7.409348095855796679e-01
7.414786438909117816e-01
7.417954205045463878e-01
7.420212383592174055e-01
7.421202580491670364e-01
7.425731119517463563e-01
7.429551611825122581e-01
7.431361411980969001e-01
7.438250479166725881e-01
7.441034777879839135e-01
7.442625669035254354e-01
7.449008737634283950e-01
7.451617012232852888e-01
7.454397048132161974e-01
7.461362255952088685e-01
7.461789236154444671e-01
7.465964191514544712e-01
7.469745451934213243e-01
7.473296739347766726e-01
7.477501409154492240e-01
7.483622635270932300e-01
7.483701300178096094e-01
7.487413884718783219e-01
7.492029443453934734e-01
7.494168935859285563e-01
7.499981966488326046e-01
7.501868175402834904e-01
7.503870577257830687e-01
7.508579804150962156e-01
7.512987438938278917e-01
7.514545644977856931e-01
7.518597852328897657e-01
7.520754244320344561e-01
7.525271463573096620e-01
7.524302171147744245e-01
7.530834547823106462e-01
7.534227416231976671e-01
7.540794461552241534e-01
7.541601180161798812e-01
7.543667051941433943e-01
7.547649399797166092e-01
7.550707443451721845e-01
7.556720126541229821e-01
7.558633478447928100e-01
7.562246930564930913e-01
7.566461571935861885e-01
7.566138755603627475e-01
7.571256775816991302e-01
7.576547992780972018e-01
7.575525111027385794e-01
7.579339695227477192e-01
7.582198492023022318e-01
7.584912156404629568e-01
7.591150612539676601e-01
7.592932427035146148e-01
7.597214294291017023e-01
7.599172542609378134e-01
7.604412076916839958e-01
7.606669789283122540e-01
7.611526058727204891e-01
7.613459631193911781e-01
7.617704810894179168e-01
7.619722614555485274e-01
7.622984234872899334e-01
7.625575059502348596e-01
7.629334644199736726e-01
7.631291875245450607e-01
7.633693015859983610e-01
7.637213864135966590e-01
7.642431968600656988e-01
7.646743265695977732e-01
7.650072877888665079e-01
7.650223936522206891e-01
7.656560131459451135e-01
7.658467166002900228e-01
7.659545831265133220e-01
7.664079642036977225e-01
7.662497447436866782e-01
7.671151177453769954e-01
7.672672504158538631e-01
7.675353035932690471e-01
7.678619668989403735e-01
7.681614168738818416e-01
7.686759778902299001e-01
7.686219678474158767e-01
7.690703111133763148e-01
7.695629262237088097e-01
7.695848764865180769e-01
7.701097450494600594e-01
7.702168315274502408e-01
7.708184089856169319e-01
7.709289646796883000e-01
7.711698138926679214e-01
7.715115357037448662e-01
7.717091713861212732e-01
7.720632853093120085e-01
7.723480255813367501e-01
7.725573299749897149e-01
7.731553392382940482e-01
7.733257411050824537e-01
7.733815189820407721e-01
7.736101435730668996e-01
7.740899333811478433e-01
7.743891916065911429e-01
7.748111115131486315e-01
7.748042993056334371e-01
7.754038284393507396e-01
7.759039031617226412e-01
7.757408433885970567e-01
7.763351668890345891e-01
7.764750779274686154e-01
7.768543965489769221e-01
7.770060253099265735e-01
7.771967379064315118e-01
7.775525744297117070e-01
7.779880186960936861e-01
7.781056226202412995e-01
7.783593914079161014e-01
7.787839211953176966e-01
7.788842887307980689e-01
7.789986050119565020e-01
7.796260452782256545e-01
7.800257350989195926e-01
7.801698692392541323e-01
7.804209211908511579e-01
7.803482298341387624e-01
7.812389080173646194e-01
7.812440880358321182e-01
7.813797819393361044e-01
7.816771769366274158e-01
7.819257214007709900e-01
7.823692417270105004e-01
7.826855276539645967e-01
7.828086840493516663e-01
7.832708727656029213e-01
7.833965098631707757e-01
7.837588047754132647e-01
7.838079579591991086e-01
7.839691361349940824e-01
7.844511272492924459e-01
7.847753022230630204e-01
7.849105374076068564e-01
7.853691335935938378e-01
7.853671596525404475e-01
7.858077735912170070e-01
7.861557618371292078e-01
7.865107947084589712e-01
7.865730009273731449e-01
7.867479819198491819e-01
7.871053020751800355e-01
7.872342974527661852e-01
7.876753280051248529e-01
7.879309187071196208e-01
7.882113343594465693e-01
7.883827733498701695e-01
7.885307211689311924e-01
7.887943024352642718e-01
7.890864053029027492e-01
7.894236889923014200e-01
7.897044431704103307e-01
7.898974101706421891e-01
7.901046684910468798e-01
7.904168189131324240e-01
7.907745455145329672e-01
7.909497171485228018e-01
7.913205563321742408e-01
7.914311029437912648e-01
7.918533986076182751e-01
7.920382321058176966e-01
7.922286921382405422e-01
7.923391591045360061e-01
7.927916487337265394e-01
7.929995207839817262e-01
7.930110542753400216e-01
7.933970703797912360e-01
7.935948929763647630e-01
7.940198897447219295e-01
7.943256526683009078e-01
7.942932734936976047e-01
7.947558545600776903e-01
7.949332129320157980e-01
7.951841553793760342e-01
7.953153545465001528e-01
7.957739572160603680e-01
7.957645709809250123e-01
7.962141462140357451e-01
7.964343303137841890e-01
7.965675290729743452e-01
7.968169158716889022e-01
7.972143743737778454e-01
7.972626694045419349e-01
7.978029508743271769e-01
7.980776220855508862e-01
7.981551142389843312e-01
7.984968681663018319e-01
7.985213014305795332e-01
7.989455084036072297e-01
7.992565939878433223e-01
7.994644201748052348e-01
7.996306956611965999e-01
7.997270565378532536e-01
8.002968813413311455e-01
8.005019841860899765e-01
8.004874597585605045e-01
8.006920091575214782e-01
8.009913104230090841e-01
8.014000849294324880e-01
8.014549008828728560e-01
8.015825658828583666e-01
8.019710441917498045e-01
8.023360414700303478e-01
8.026303474526892412e-01
8.026892358864081700e-01
8.028749257440997988e-01
8.032178492740146281e-01
8.034373399119570935e-01
8.035521415240937104e-01
8.036001654678469608e-01
8.040514067393490505e-01
8.043511874184985366e-01
8.044865315729728961e-01
8.048148723467505317e-01
8.047817029158754742e-01
8.053054931612686484e-01
8.054386688792635196e-01
8.059892273696378506e-01
8.059333830410088106e-01
8.060991711687129913e-01
8.063239053834049264e-01
8.067085887297789082e-01
8.066553292461218216e-01
8.069067330314696473e-01
8.073956439878473557e-01
8.076069181574532241e-01
8.076932816765020062e-01
8.078619699538437393e-01
8.080957620461153290e-01
8.082612531323476457e-01
8.085424671709929845e-01
8.088664743995112039e-01
8.092369923733682135e-01
8.091614029009106535e-01
8.093982862267733447e-01
8.096022507568884086e-01
8.098633342824992365e-01
8.101974658850029654e-01
8.102944700293955860e-01
8.105422452069366290e-01
8.106804296738213678e-01
8.109434572789311346e-01
8.112105912333962277e-01
8.114404682807658808e-01
8.116464248315893304e-01
8.118781165038595482e-01
8.120648351602801629e-01
8.122037781230198039e-01
8.126038938523753030e-01
8.126386852933307203e-01
8.129182064338301705e-01
8.130987670873536244e-01
8.135398605753932921e-01
8.135639509182722717e-01
8.136938399940418787e-01
8.140548728861185523e-01
8.143855168432039271e-01
8.144248179508686292e-01
8.146738940127278283e-01
8.148088124369743390e-01
8.149922808019645082e-01
8.155110475243227963e-01
8.154505246378416228e-01
8.158367931575538634e-01
8.160260821376016382e-01
8.159830092355548903e-01
8.163573437083962991e-01
8.164647098674384651e-01
8.166569097003157918e-01
8.169166129043268221e-01
8.173085375894738602e-01
8.174042437358420843e-01
8.177097986300462251e-01
8.178700701338539325e-01
8.179262931891477795e-01
8.183469680050821093e-01
8.184831716784261024e-01
8.185707950560109358e-01
8.187604096641578622e-01
8.190370553296988376e-01
8.193363690715991243e-01
8.194073400711264776e-01
8.195751868523774020e-01
8.200311062208672785e-01
8.199518142334220050e-01
8.203814980611295882e-01
8.207556005110862030e-01
8.206917439844535478e-01
8.208195329032039744e-01
8.211572511013685016e-01
8.214834694372821211e-01
8.215266130870130246e-01
8.218501370476425372e-01
8.219377211612212131e-01
8.221325716808900452e-01
8.222866464770379746e-01
8.225739239498683908e-01
8.226279457873572065e-01
8.230395985230696265e-01
8.231029093438357869e-01
8.232944227066261167e-01
8.236259625689487107e-01
8.236350869249791096e-01
8.238190966104040891e-01
8.240903612946820500e-01
8.241533255178322692e-01
8.243805183791130808e-01
8.249529556391075324e-01
8.247471778567162515e-01
8.251029574414089351e-01
8.253019962760255179e-01
8.254249691302091296e-01
8.255703543434134151e-01
8.257763699267556268e-01
8.260409480987013220e-01
8.264277117257384786e-01
8.262899745977240196e-01
8.265299640823197125e-01
8.269469523338858208e-01
8.268809855470545811e-01
8.270153350883430177e-01
8.272631239503480671e-01
8.274927352368345312e-01
8.275972259390949048e-01
8.277518038004113565e-01
8.280579204986687758e-01
8.283514346980476173e-01
8.285134976017949349e-01
8.289679070843604114e-01
8.287607236727952964e-01
8.289512551430842091e-01
8.291759022439394444e-01
8.295228357597856927e-01
8.296415577888006654e-01
8.298445451406359918e-01
8.298993925181876730e-01
8.302476417021706911e-01
8.303381909697200580e-01
8.305633242425922713e-01
8.307042850190176075e-01
8.309251376735086181e-01
8.313755849355259908e-01
8.313235623273409480e-01
8.315152518196127218e-01
8.317912837250546199e-01
8.319134742672565919e-01
8.319834677949272672e-01
8.323310296234222028e-01
8.326018748906750533e-01
8.324909222321688063e-01
8.329253627853180353e-01
8.330794581277732869e-01
8.332238070571732491e-01
8.333918006573681758e-01
8.337109440503763791e-01
8.338178661547991366e-01
8.338898590057373106e-01
8.342801805355951617e-01
8.344032340004819970e-01
8.343868563122388560e-01
8.346449719069808371e-01
8.347627660536950378e-01
8.349270731616769137e-01
8.353109295515708244e-01
8.353288715497484418e-01
8.355749786440394011e-01
8.357257625027701975e-01
8.360663863028399145e-01
8.361838457967861737e-01
8.363471534404881558e-01
8.363911923712723517e-01
8.366943338061585411e-01
8.368623635406720052e-01
8.370670776050295192e-01
8.373654263840374368e-01
8.374082256822933390e-01
8.375357101676224048e-01
8.378735213834588302e-01
8.378911386854219767e-01
8.381739149014905133e-01
8.381750197432302762e-01
8.384428204984640809e-01
8.386370928965659610e-01
8.388474664673165604e-01
8.387758115278295401e-01
8.390903653340920920e-01
8.391007583396686842e-01
8.394898021427781298e-01
8.395410237874457726e-01
8.398113030861372730e-01
8.399829879373577057e-01
8.403599584618830498e-01
8.403205721971748199e-01
8.406178215336645998e-01
8.405279239852815332e-01
8.407481616649028489e-01
8.410430566568070088e-01
8.412111482830267883e-01
8.412574210132072183e-01
8.417511471475128682e-01
8.417306136405247052e-01
8.418778326792886180e-01
8.420948701259840519e-01
8.421683196336234856e-01
8.425638581765927393e-01
8.427737556821598419e-01
8.425785889144614682e-01
8.429074026627614291e-01
8.430238010476179822e-01
8.432886612008982929e-01
8.435964848897131718e-01
8.436444771621884886e-01
8.438423059125856884e-01
8.438887729228629064e-01
8.440781990699663950e-01
8.442349615794628725e-01
8.445976922330256098e-01
8.447781857469933708e-01
8.448239546930601529e-01
8.450206313339896358e-01
8.452286230966169489e-01
8.454277301713029047e-01
8.456270758815201960e-01
8.455179224779876268e-01
8.457252992339815423e-01
8.459074418901018078e-01
8.462628412844889203e-01
8.462909121165277382e-01
8.465590676346920196e-01
8.468245778162629689e-01
8.467052711674526444e-01
8.469781103577008752e-01
8.471179843011976685e-01
8.474063482605284081e-01
8.472976904379053709e-01
8.476611879236483071e-01
8.478778735084305795e-01
8.479739522715615818e-01
8.482745706837284683e-01
8.484089731528788869e-01
8.486804589225517281e-01
8.484400601489529015e-01
8.489114039560287095e-01
8.488346390098568950e-01
8.492535678891417472e-01
8.492454385169060371e-01
8.494200489499005302e-01
8.495614400029790625e-01
8.497772999980531816e-01
8.499916626664999475e-01
8.500582259071705060e-01
