1.698041052761209077e-02
1.638497320096422155e-02
1.593381192440021174e-02
1.561779365109771181e-02
1.522768615919238913e-02
1.496068107098301979e-02
1.442323205202402855e-02
1.400720358789478946e-02
1.397560775343408869e-02
1.367394262928477155e-02
1.353705536882656921e-02
1.186855482725759567e-02
1.237333355845831977e-02
1.545760510645418674e-02
1.701444726905018690e-02
2.096740326969534149e-02
2.464140755824448248e-02
2.276679016972806002e-02
2.159036682250854017e-02
2.203450322434588604e-02
2.219838718444268333e-02
2.296479494732198839e-02
2.731753880968779136e-02
3.224833575448554646e-02
3.176625817384059330e-02
3.751319617074378582e-02
4.429297868789952575e-02
4.564330054705116602e-02
5.002151647011061908e-02
4.879892703954419320e-02
4.929449372460635581e-02
4.990328099571635090e-02
5.328624397455539868e-02
5.486831052768056938e-02
6.225132539171039647e-02
6.827465959542798613e-02
7.388912041145874465e-02
7.844387275446976227e-02
8.010871923327873845e-02
8.061334987601494195e-02
8.373831796727515542e-02
8.560326484225973254e-02
8.822944282042573250e-02
9.119876944377874883e-02
9.467705542215981707e-02
1.004210474645414602e-01
1.049711949054929205e-01
1.085993417387807747e-01
1.117892467849119081e-01
1.167877882937996686e-01
1.189127660529351732e-01
1.205907050291822463e-01
1.247770733838332174e-01
1.255527369003122395e-01
1.296455904933524195e-01
1.349465950404205028e-01
1.397028403156518606e-01
1.437522542828547911e-01
1.473824089951230043e-01
1.499817106719443793e-01
1.534142213800892829e-01
1.562319543511668241e-01
1.610105412120333424e-01
1.631227813683492900e-01
1.668605437052028129e-01
1.701529603035673022e-01
1.728340367896668839e-01
1.769084425918668046e-01
1.798596522374347473e-01
1.828242412255184079e-01
1.849849465695223572e-01
1.908188484166606080e-01
1.943506154078263326e-01
1.949354154402567485e-01
2.009051871741944495e-01
2.032205636018693529e-01
2.061370511003163819e-01
2.089511871062585402e-01
2.123907057895514372e-01
2.145527178938246848e-01
2.184607736675539813e-01
2.214965525602766161e-01
2.243488424667244574e-01
2.280808071955237604e-01
2.318927046243023093e-01
2.357689647496010732e-01
2.387301256288893447e-01
2.414511718417088337e-01
2.444071644111060482e-01
2.469613004561127534e-01
2.504850540416878046e-01
2.538027593802075210e-01
2.562942085044229157e-01
2.592466667160776561e-01
2.620478417375691205e-01
2.642779025444055296e-01
2.671446015657473194e-01
2.703089416507887810e-01
2.726833248702087986e-01
2.763297084105202917e-01
2.810124841124681527e-01
2.828829557748699930e-01
2.862178872332004076e-01
2.879738148345162840e-01
2.909597777962656395e-01
2.924199495050006092e-01
2.959676696804527385e-01
2.991391838080107446e-01
3.028479757352922075e-01
3.054802586960035371e-01
3.069734348166319737e-01
3.094023812193089085e-01
3.121444502820284739e-01
3.153116544229510598e-01
3.168528565357492943e-01
3.196513973733793312e-01
3.235387856161446307e-01
3.253142589335660251e-01
3.278098633633022008e-01
3.303094662248764468e-01
3.327113272009977196e-01
3.354363623301223063e-01
3.396058722610356129e-01
3.413429007562236439e-01
3.426959751889637751e-01
3.452349712179856867e-01
3.476434331060882510e-01
3.504892204676529066e-01
3.535267911997629353e-01
3.552836789531139128e-01
3.582082472036895449e-01
3.600550346228953980e-01
3.618567578447391409e-01
3.647729509535436176e-01
3.667302276810235906e-01
3.699810972564312461e-01
3.719477865002338568e-01
3.739016491753417437e-01
3.763494927445831251e-01
3.782142753774598853e-01
3.804183244465052516e-01
3.829232515484652932e-01
3.849437639226717112e-01
3.879428256937073050e-01
3.892492352854335369e-01
3.911205395998217926e-01
3.934387008189982882e-01
3.954598326422620325e-01
3.969524577954618993e-01
3.996844671238956592e-01
4.022074650496892945e-01
4.038073916899160842e-01
4.065597201860243204e-01
4.079690398113862138e-01
4.103101680670064311e-01
4.122164819404675051e-01
4.143567469182024565e-01
4.161891778291126331e-01
4.178668371376029200e-01
4.203294410552934623e-01
4.221665584275197669e-01
4.244671790743352324e-01
4.261883675800119398e-01
4.276303015722475731e-01
4.294828165195989644e-01
4.311273929832732943e-01
4.336322269352400616e-01
4.356144262085518415e-01
4.377657560839369744e-01
4.389951590374703283e-01
4.409512389195321957e-01
4.421116362398062605e-01
4.449222615330580832e-01
4.463691785834310588e-01
4.482081106515173885e-01
4.498586642313267547e-01
4.515036470846716110e-01
4.537008876925887613e-01
4.554033436462016637e-01
4.573347244347977791e-01
4.589969779953186335e-01
4.601293447403442261e-01
4.619821957514599342e-01
4.638244844066065076e-01
4.655241156454287821e-01
4.672362008025088831e-01
4.687469864783219142e-01
4.705893298480124387e-01
4.721836725553608671e-01
4.742083330459337942e-01
4.755844298213770527e-01
4.772317368027876316e-01
4.789322955105075885e-01
4.808320901771403477e-01
4.820632076952391931e-01
4.835814084002006963e-01
4.853767065506541800e-01
4.866199506425574750e-01
4.879221988187543713e-01
4.895273331897695979e-01
4.911423082231896053e-01
4.930076259388112558e-01
4.939745060358424200e-01
4.955720324435702873e-01
4.970112264921733858e-01
4.988502499405483293e-01
5.001912969202977344e-01
5.022332631274061265e-01
5.036227426448406375e-01
5.046668149754597321e-01
5.055679761259264104e-01
5.075582978214422392e-01
5.086883003223791055e-01
5.104777075794468821e-01
5.119294317654422555e-01
5.129594421183670816e-01
5.144351818327997927e-01
5.162965352884610892e-01
5.172488483120997182e-01
5.184741077248159469e-01
5.195391082075139222e-01
5.214887696379085780e-01
5.231002765584119585e-01
5.239548787637916538e-01
5.255884890907499551e-01
5.269517363126952070e-01
5.277012072379931862e-01
5.292920591578678113e-01
5.301847589552385331e-01
5.316219952131839843e-01
5.329487051672219255e-01
5.340236455504648871e-01
5.353945396227741682e-01
5.371438141548928735e-01
5.379578176079615748e-01
5.392501194836074596e-01
5.400708484522366293e-01
5.415823301085790353e-01
5.428633216308593745e-01
5.436849492574659104e-01
5.446931583683659595e-01
5.462143388340572336e-01
5.477494183737239286e-01
5.491873563230850186e-01
5.495307403021584269e-01
5.510471537446823831e-01
5.526432625212374106e-01
5.535889336706955044e-01
5.550255736154854347e-01
5.557471927477907192e-01
5.570990483389411940e-01
5.584411389639495349e-01
5.595086482419613372e-01
5.607445408127346154e-01
5.612560539635900181e-01
5.624012564587954621e-01
5.635044039479488731e-01
5.648723826730556175e-01
5.658654264427580571e-01
5.674943698881479426e-01
5.687243798885647239e-01
5.694224392699802628e-01
5.701322595720580422e-01
5.711081268878346329e-01
5.722047035522546121e-01
5.733690379505529400e-01
5.748519418892756860e-01
5.755824329264419559e-01
5.765970037477654575e-01
5.776450223189644184e-01
5.789951378581342789e-01
5.796447974674430181e-01
5.804096256234071438e-01
5.820595589209913712e-01
5.826077282778450162e-01
5.842168507693786816e-01
5.853707925677066326e-01
5.858791639092829628e-01
5.871521976910843987e-01
5.877122823017242315e-01
5.888385072414838994e-01
5.899395576285043630e-01
5.909013331489407772e-01
5.914236793445476481e-01
5.930038582175071182e-01
5.936268585460294789e-01
5.952387022672587236e-01
5.956265443251730352e-01
5.969982046330815084e-01
5.974306153448950552e-01
5.984827516804253067e-01
5.990787127606888030e-01
6.002912558348597605e-01
6.011756962460585996e-01
6.021926338236525122e-01
6.028222913421830143e-01
6.042494250465082484e-01
6.045979385006381435e-01
6.056594136430314412e-01
6.063868630087809741e-01
6.077850942765788966e-01
6.082549361056268644e-01
6.091769771101698261e-01
6.098523470706517235e-01
6.111351992675052580e-01
6.122359246286503964e-01
6.127466974294651925e-01
6.139779919827514920e-01
6.144072971510454728e-01
6.154961324698812186e-01
6.165209398225411919e-01
6.169349274690411056e-01
6.179856873014253349e-01
6.187171663791763976e-01
6.197047748603701223e-01
6.200365898630262329e-01
6.210116321883049073e-01
6.218261870273726899e-01
6.228617971639845985e-01
6.234457653090867968e-01
6.242151285355476142e-01
6.251109506088950996e-01
6.262552859784564774e-01
6.267544871709724852e-01
6.278264232818093760e-01
6.283798175416737131e-01
6.294049053409503935e-01
6.300164722996403066e-01
6.306799969219754054e-01
6.310892990925620616e-01
6.325228420899359216e-01
6.328339914535786592e-01
6.340566315660562946e-01
6.344879496854131107e-01
6.352842150948756483e-01
6.359950838726988742e-01
6.372118528272067151e-01
6.374817541881001581e-01
6.385278015743245383e-01
6.393835292834686435e-01
6.398313660014414150e-01
6.407381568582724007e-01
6.410698674213657355e-01
6.417033303204803252e-01
6.426516902430369216e-01
6.430604048794366090e-01
6.441236902137411624e-01
6.449175708222613101e-01
6.453960147240710432e-01
6.465792392504425834e-01
6.465514003868493287e-01
6.475390620551992882e-01
6.483248512932554553e-01
6.488769179467904769e-01
6.497746331687143106e-01
6.506668363424321644e-01
6.511557843790352074e-01
6.519784334654964431e-01
6.526203710877338526e-01
6.528916805729109152e-01
6.540330386163517584e-01
6.545163522222950947e-01
6.551453035406440417e-01
6.558103209666467093e-01
6.563156649656957109e-01
6.572707928988498205e-01
6.578946706848363135e-01
6.588342357709183750e-01
6.588850739464645612e-01
6.598160839410218692e-01
6.603089371782497885e-01
6.612111975498961014e-01
6.618781767827548457e-01
6.625147575414922496e-01
6.631280865463331509e-01
6.638212863839940692e-01
6.642484150410927768e-01
6.648943720472783037e-01
6.657244153111706586e-01
6.663306830157693650e-01
6.665436762440346552e-01
6.676105099421688616e-01
6.682534246678645262e-01
6.684897923862572755e-01
6.691598806082025286e-01
6.701363802858513186e-01
6.704615844545195324e-01
6.712700460264996449e-01
6.719538092992562994e-01
6.725460609922138122e-01
6.730164236932987265e-01
6.733136841567697317e-01
6.739440638648004356e-01
6.748172485469278170e-01
6.754486819183412871e-01
6.761114617784881320e-01
6.766653401216961017e-01
6.768537948217884237e-01
6.777091194138219477e-01
6.784810620404166936e-01
6.793785952385189564e-01
6.792875674464531333e-01
6.799587255206083203e-01
6.806370547997157017e-01
6.808667400489119004e-01
6.814903016909384936e-01
6.825446782389641420e-01
6.827604592323524013e-01
6.835436638369762896e-01
6.844282605848777123e-01
6.846348674076928598e-01
6.850157363630736684e-01
6.860028884292441731e-01
6.863717800142413727e-01
6.870661862479998661e-01
6.876638463628897968e-01
6.880453833823342302e-01
6.883132170165674468e-01
6.891363607349323406e-01
6.895754114920500388e-01
6.904370263078227765e-01
6.910140186446716015e-01
6.913559659869380480e-01
6.916547689564035428e-01
6.921975059159918287e-01
6.929570858121452126e-01
6.933737064890381774e-01
6.938964753894795168e-01
6.942270959675873598e-01
6.949025287011967311e-01
6.955342177817961380e-01
6.959630347862532096e-01
6.967079305860215399e-01
6.972811816156868625e-01
6.976910743087588740e-01
6.979575219286696663e-01
6.986866825399633552e-01
6.992301593623685418e-01
6.994814590601829973e-01
6.997206363765593462e-01
7.007774489375709903e-01
7.013078218541388686e-01
7.016502840937484109e-01
7.021983290143175571e-01
7.028261591899632732e-01
7.030389283928376587e-01
7.035219481858583368e-01
7.043392616043209209e-01
7.045714581647222197e-01
7.052283656251988608e-01
7.058245955880159128e-01
7.062034446342215777e-01
7.064694939020579323e-01
7.070546556268118010e-01
7.075198313382184967e-01
7.081245461000612584e-01
7.086503328017111913e-01
7.090201534147350104e-01
7.094603182341410186e-01
7.097577825734524559e-01
7.102473857239159916e-01
7.109602319362950951e-01
7.114312778615815569e-01
7.118758474366079225e-01
7.125552161164948606e-01
7.127853929983379855e-01
7.133987357775507521e-01
7.138454956671954621e-01
7.144553211863731157e-01
7.146970108157795210e-01
7.151492007838897713e-01
7.156587498010108517e-01
7.158521269178997892e-01
7.161564327785754358e-01
7.168303075205905150e-01
7.175308451051359837e-01
7.177930446759588357e-01
7.184287360130222622e-01
7.190288305304788352e-01
7.192766711571496607e-01
7.195261625937809935e-01
7.200471516153703622e-01
7.207521461915908922e-01
7.211790706702315701e-01
7.209783118882523434e-01
7.217638616625321468e-01
7.221825741841114699e-01
7.227821520053957505e-01
7.229622114327647342e-01
7.233918954325688766e-01
7.237619625999278661e-01
7.245491204290580578e-01
7.247625905410133296e-01
7.254009967762981015e-01
7.256073345905998950e-01
7.261963405396615334e-01
7.265499881441184193e-01
7.270337324732731865e-01
7.272585308594426978e-01
7.278037347898164144e-01
7.286239220512189529e-01
7.286714623191369311e-01
7.291077272275388044e-01
7.294995965651673853e-01
7.302078535372428236e-01
7.306675889376715860e-01
7.308121743914991475e-01
7.312627604150913063e-01
7.313220313022561481e-01
7.320996858615644864e-01
7.325132023591720554e-01
7.328951284344701333e-01
7.329385443150028268e-01
7.334101243455382058e-01
7.342794998663632056e-01
7.344733055654466547e-01
7.347794922850916510e-01
7.351706771392426676e-01
7.356798674344563471e-01
7.361377442544596583e-01
7.363435263680423448e-01
7.369389991371398940e-01
7.372202399012651730e-01
7.375285846927687183e-01
7.381252608767101542e-01
7.382708434925479013e-01
7.389477123813076309e-01
7.390127069101322110e-01
7.396178288202992501e-01
7.400242481035554931e-01
7.405464233850514999e-01
7.408366342706602659e-01
7.412540643327826251e-01
7.413900160722748378e-01
7.419686698103602485e-01
7.421804369207756213e-01
7.428302890656136581e-01
7.431176879581873340e-01
7.437857754506654873e-01
7.434237043677363044e-01
7.441750554242243521e-01
7.446040113200538269e-01
7.449428906017031560e-01
7.452724447973209099e-01
7.456039254371463754e-01
7.460895905644491233e-01
7.464153796260982743e-01
7.467527879365267740e-01
7.469667052543413899e-01
7.474596911696845813e-01
7.478970793556445340e-01
7.481294396326511054e-01
7.488328416864895587e-01
7.492773927794423861e-01
7.493961631480832164e-01
7.497266214230791093e-01
7.502459198173974109e-01
7.506683068427949523e-01
7.508497124201990447e-01
7.513443944868266611e-01
7.515075359268839073e-01
7.518920009125467097e-01
7.519497091402246314e-01
7.525381731814964059e-01
7.527898055065744831e-01
7.533096189517827224e-01
7.537224346416256937e-01
7.539362415176575904e-01
7.542807042875760981e-01
7.548793899148071862e-01
7.549702421526685026e-01
7.551504405689125621e-01
7.560298787029813283e-01
7.558826167539336449e-01
7.565382425942844824e-01
7.568010043921410412e-01
7.574343379169589108e-01
7.576241804852521522e-01
7.580334625297275863e-01
7.581158258265537908e-01
7.584995336374200647e-01
7.592377977315136750e-01
7.596170968935205270e-01
7.595102770212126542e-01
7.599484729040968389e-01
7.602453957622459235e-01
7.603071973475453715e-01
7.610501263072159128e-01
7.613555417309969542e-01
7.618506947886224401e-01
7.619898565058749185e-01
7.622009193167764707e-01
7.624414306937620234e-01
7.633591042702874141e-01
7.633047752133772512e-01
7.636538939340239418e-01
7.639392168819373330e-01
7.639718216428211806e-01
7.644284435395243271e-01
7.649926450023702973e-01
7.651604161170503238e-01
7.654912924587593537e-01
7.660520926369878136e-01
7.661690397256556428e-01
7.665941819812891467e-01
7.670373319576971882e-01
7.672702708084294665e-01
7.673901826794354841e-01
7.679347348800950046e-01
7.683498833855046950e-01
7.685536033054621852e-01
7.688760707293268437e-01
7.689440097741290225e-01
7.694812237212486083e-01
7.698412681453412620e-01
7.701069928109660623e-01
7.704691906905548615e-01
7.706103062794315006e-01
7.709286770217463891e-01
7.713840036496703023e-01
7.718841030840607464e-01
7.720516707902240761e-01
7.724365331533843415e-01
7.726746335696992318e-01
7.730394651995508015e-01
7.732322904717149337e-01
7.738442233818131344e-01
7.736846879333854066e-01
7.741573157477101841e-01
7.748387853860074781e-01
7.747573675486768563e-01
7.750026028259960897e-01
7.756671141659614577e-01
7.755124340115915338e-01
7.757793823613080564e-01
7.763325834684152715e-01
7.765574632404547151e-01
7.773935792624471208e-01
7.770374957767550717e-01
7.774935634716119148e-01
7.780503667796030420e-01
7.780339299830296707e-01
7.786268834994274357e-01
7.788928340664871275e-01
7.790574153336238261e-01
7.792801239838630378e-01
7.797816822248002655e-01
7.798227249255224036e-01
7.804172951787973211e-01
7.808122713987567520e-01
7.811342173205245709e-01
7.810743296188594753e-01
7.814647287380980245e-01
7.818123249419265397e-01
7.818430825507178827e-01
7.823732519273274288e-01
7.823461421664938964e-01
7.829962872885961600e-01
7.828935133723491369e-01
7.835405849736768458e-01
7.835272363652709959e-01
7.839582503070393615e-01
7.842303803658289274e-01
7.845189724124473907e-01
7.848474238606246711e-01
7.854233403839937511e-01
7.853678971838438105e-01
7.858711445757309288e-01
7.860174087050236791e-01
7.862879816140926348e-01
7.866057673035367070e-01
7.867479670353847432e-01
7.869134833945511387e-01
7.874167479617519838e-01
7.876043328312705150e-01
7.880517550784662539e-01
7.880005312778365356e-01
7.885411340109077516e-01
7.887964492056680488e-01
7.887384827912662377e-01
7.892623867908378221e-01
7.894885776141795652e-01
7.898359066894670155e-01
7.901685234560664739e-01
7.903468528586438113e-01
7.907506150892481545e-01
7.909933305795998626e-01
7.911133593141157494e-01
7.913605066285217537e-01
7.919019263388044072e-01
7.920648273133525930e-01
7.922127921905548487e-01
7.928351190437247231e-01
7.929720033243696786e-01
7.933119819070303391e-01
7.934371717477628483e-01
7.937480000662238133e-01
7.942895967985674766e-01
7.940670326814521784e-01
7.942706371817764843e-01
7.947930300451139241e-01
7.950439716361473730e-01
7.954257481051846268e-01
7.954583978532191457e-01
7.959822528692752641e-01
7.961674705947793251e-01
7.961937812465946784e-01
7.965217915788125325e-01
7.969649850487455778e-01
7.971018746657130283e-01
7.971290610918613240e-01
7.975386368537077386e-01
7.979007669375469680e-01
7.982285462557920930e-01
7.983562490261871814e-01
7.985823976209417419e-01
7.988119111810874085e-01
7.993529086246995430e-01
7.995939974036049280e-01
7.996681141695840545e-01
8.002254122659269164e-01
8.001901011597619684e-01
8.004569442249258593e-01
8.008917907113969337e-01
8.009522723541685485e-01
8.011650414803510589e-01
8.012573784566996427e-01
8.016679886987267967e-01
8.019808514795155885e-01
8.021730496014904954e-01
8.025116797173363903e-01
8.028781093794424839e-01
8.028326676132495621e-01
8.032502685318744229e-01
8.033346758588971737e-01
8.036916851558172370e-01
8.039390972718823969e-01
8.043331128483924841e-01
8.045094691821117472e-01
8.048250564525325501e-01
8.047874439151830872e-01
8.049270234549001923e-01
8.054908257418104123e-01
8.055586915436098172e-01
8.058711623054146678e-01
8.059306308169525979e-01
8.063733931051340065e-01
8.068108470749202343e-01
8.069946525315709884e-01
8.071581698083116763e-01
8.072520308896180552e-01
8.077009021796551780e-01
8.079589567634737346e-01
8.082526296634356955e-01
8.084016975457527510e-01
8.086706864194199706e-01
8.089921018541882392e-01
8.090337084070126084e-01
8.093882274020348655e-01
8.096172400182612972e-01
8.097356282359652324e-01
8.101185925575247193e-01
8.104064559263451928e-01
8.104032299519552396e-01
8.107263499023520392e-01
8.109742226364903273e-01
8.111440408395997892e-01
8.112888669559538135e-01
8.115011754149018541e-01
8.119120233610379600e-01
8.119722118265509936e-01
8.126028798165029210e-01
8.125615797819498720e-01
8.126730326084186107e-01
8.130341795328726029e-01
8.133789822684970305e-01
8.136415287488236725e-01
8.137306820658816164e-01
8.139249060503561672e-01
8.143300257026769851e-01
8.145779412676554809e-01
8.145710869362642326e-01
8.149051486979876913e-01
8.152243799267473445e-01
8.153458318936599447e-01
8.156054923525153377e-01
8.155859360707852224e-01
8.158099183819690348e-01
8.161069700513949865e-01
8.164402587836094849e-01
8.167878171854067171e-01
8.167616130132512309e-01
8.171461675199137575e-01
8.172328265330703889e-01
8.176195691617050842e-01
8.178661240123291654e-01
8.179236880954205979e-01
8.183719719309388019e-01
8.185152016754986271e-01
8.185394455815570014e-01
8.189196464376009565e-01
8.193187329710958089e-01
8.192456525787248367e-01
8.195175544722939076e-01
8.197568055542484577e-01
8.198289169873821391e-01
8.199104521534416046e-01
8.206248817765343651e-01
8.206181322400587508e-01
8.209803561222327462e-01
8.210375340454105775e-01
8.213645109014622303e-01
8.214129949458248703e-01
8.216517778101950498e-01
8.218190337529882594e-01
8.221694535973618212e-01
8.224279211198242123e-01
8.226144730126467852e-01
8.229287655687100855e-01
8.231488209983689464e-01
8.232666170993472310e-01
8.234752022860563070e-01
8.238504853612789169e-01
8.238788968527624990e-01
8.241171217458833631e-01
8.241738084742307180e-01
8.244916852033913335e-01
8.248716432518561348e-01
8.252203545402012619e-01
8.252165563931354031e-01
8.255858285241306493e-01
8.256687732702995275e-01
8.258064711478181330e-01
8.261384549503166808e-01
8.263357997747883266e-01
8.265376295186784850e-01
8.267375948231797667e-01
8.269312260403112180e-01
8.272553913920167590e-01
8.274363235189216015e-01
8.273006274000299642e-01
8.278365217416410182e-01
8.279557220069203582e-01
8.282033653743132717e-01
8.283157161558769577e-01
8.285811383954603260e-01
8.286551624614307832e-01
8.289218281217138884e-01
8.291871427588008991e-01
8.293037236740374851e-01
8.294806056217798318e-01
8.297197127069325662e-01
8.300321083676344136e-01
8.302160883289118054e-01
8.304145471937098844e-01
8.306241124826655442e-01
8.307928472419031651e-01
8.312122721242022338e-01
8.312323930805921579e-01
8.314836706430213109e-01
8.317520244670362217e-01
8.317728831798167910e-01
8.321315839567182682e-01
8.323266587444989595e-01
8.324466797569780585e-01
8.326258456662662955e-01
8.329566525666475263e-01
8.330858002617993474e-01
8.330843466193804669e-01
8.335210300004297634e-01
8.335930020818639319e-01
8.337828374238305251e-01
8.340161208355765243e-01
8.340968600059394111e-01
8.343999371102716056e-01
8.344784813385701661e-01
8.348035157232081005e-01
8.350385258198872451e-01
8.350769674598790271e-01
8.353582794155671731e-01
8.356222689864051256e-01
8.356457670408704574e-01
8.359281343016479182e-01
8.361940898881250472e-01
8.364157211478955301e-01
8.366080109191432745e-01
8.367208673355687187e-01
8.369109728453274499e-01
8.371974762398582959e-01
8.374654378072263761e-01
8.375248920837105038e-01
8.377698000115079147e-01
8.380544896414161560e-01
8.382812863680675353e-01
8.384089558036855738e-01
8.383288452600140550e-01
8.387123619526377638e-01
8.387828655575677583e-01
8.391631718268408591e-01
8.393697457059131617e-01
8.395487959686248614e-01
8.398991596277979310e-01
8.398375963410148470e-01
8.400178201534308498e-01
8.403643435401306760e-01
8.403564139631579666e-01
8.407093054189206383e-01
8.407031386609531420e-01
8.408178714057515934e-01
8.411747933445287151e-01
8.413494672581155465e-01
8.417130740885255813e-01
8.416751980484449280e-01
8.420017567246850243e-01
8.419923836133332840e-01
8.422913364091634270e-01
8.425976019931340488e-01
8.426311198006963821e-01
8.428013993713071583e-01
8.431624770130646818e-01
8.432347776528134053e-01
8.434047355455049910e-01
8.434965955809748950e-01
8.437814123077584938e-01
8.439491702670964823e-01
8.441383293647681807e-01
8.442930849035420460e-01
8.444561892464587105e-01
8.445742505479242324e-01
8.449450526233751591e-01
8.449446142766678935e-01
8.450882831585287969e-01
8.454692419661204994e-01
8.456041064780643879e-01
8.457543156374491833e-01
8.456057185348726524e-01
8.462882965943144820e-01
8.462469083322298191e-01
8.464488339219846669e-01
8.466714915983928336e-01
8.467284541290660549e-01
8.470494946016515758e-01
8.470628747014514737e-01
8.473088400340865745e-01
8.475195821357159875e-01
8.477313068956656705e-01
8.479538572275664432e-01
8.480779780958098701e-01
8.482919806386804984e-01
8.484801781222693906e-01
8.485360753657267274e-01
8.487009026326184369e-01
8.486556973489759459e-01
8.491294553572020787e-01
8.492660614787506113e-01
8.494904199903592357e-01
8.496014190074069328e-01
8.498486320436504649e-01
8.498800933116128498e-01
8.502922412569432487e-01
8.505161123557135605e-01
8.506540221092889764e-01
8.507531646019578231e-01
8.507961888876094392e-01
8.511031081008191279e-01
8.512593204776709443e-01
8.514407401626327143e-01
8.514906062270377607e-01
8.518737622231884465e-01
8.520156733383954517e-01
8.520370728012391925e-01
8.522470423689241237e-01
8.523757915335389290e-01
8.525079330916888187e-01
8.527837448302796330e-01
8.529204262280071225e-01
8.531351934170627871e-01
8.533538886677056734e-01
8.536226067603273071e-01
8.536940895532580953e-01
8.537134313785651463e-01
8.539960290707335755e-01
8.540888898986390698e-01
8.544544915234176807e-01
8.545681643670448580e-01
8.545208464765914336e-01
8.549372577965804743e-01
8.549594724949902691e-01
8.552341047318808842e-01
8.553402496704444191e-01
8.554805014841544430e-01
8.556300311519390300e-01
8.557810340821430106e-01
8.560965061101477591e-01
8.563180836446676603e-01
8.562780367726608999e-01
8.563973935950508487e-01
8.566209821530627044e-01
8.570653181354811467e-01
8.569990047807849454e-01
8.571999975946996697e-01
8.572333818675531569e-01
8.575422159382859455e-01
8.576028175455127078e-01
8.578660328241661803e-01
8.581176961734401365e-01
8.582171281916562977e-01
8.583935449457374967e-01
8.585230852220999687e-01
8.587295808532027230e-01
8.589579084007635812e-01
8.590222848932558275e-01
8.594881185894834852e-01
8.593702971436915083e-01
8.596503932641241796e-01
8.597382041938149699e-01
8.598963486028476932e-01
8.598565924731658150e-01
8.602374502642977649e-01
8.602516944496446660e-01
8.603278105952684163e-01
8.609086131454953827e-01
8.608622455819024966e-01
8.610901321100324912e-01
