1.988862641642623677e-03
1.900158676645436829e-03
1.840062986552018845e-03
2.253656026299665719e-03
2.774387530835751778e-03
2.971508792003309599e-03
3.058767636881156750e-03
3.043934677921730780e-03
2.864622185604931426e-03
2.722357544511535155e-03
2.565539835123391375e-03
2.278251528250595410e-03
2.475192503843530456e-03
3.196140274106329740e-03
3.654382560069073440e-03
4.558033461372431976e-03
5.358655905986833660e-03
4.822421271772189301e-03
4.492348865140401333e-03
4.563693513290914723e-03
4.470181148878646545e-03
4.823357224785683461e-03
5.706408030099982889e-03
7.267407601693266425e-03
6.925302707699206896e-03
8.348122442204094010e-03
1.025533124273592979e-02
1.006453865467023950e-02
1.133233592634069926e-02
1.125288871559155558e-02
1.115655518995496004e-02
1.054325943960109785e-02
1.148738163013045092e-02
1.242902217481615078e-02
1.518769884262642644e-02
1.653447245494123544e-02
1.761612009793615125e-02
1.931428345843052424e-02
2.000540009458347951e-02
1.959584240828021393e-02
2.073198282217192726e-02
2.104647857527301019e-02
2.146358152610110259e-02
2.208813289097661531e-02
2.275776337235392924e-02
2.447542066865461552e-02
2.575392222081917051e-02
2.721492430724329475e-02
2.881152145092870376e-02
2.991327618592651977e-02
3.017934640077883993e-02
3.152556029151849792e-02
3.299602859586201614e-02
3.309991739081502571e-02
3.353348563333617000e-02
3.521539986482794676e-02
3.717876503028049590e-02
3.970034164373437841e-02
4.028789538520238106e-02
3.966482437811810063e-02
4.144982303102039828e-02
4.192771627155009867e-02
4.338180915759215495e-02
4.488175663370030238e-02
4.526401270978617358e-02
4.623626890438581327e-02
4.894486784535891088e-02
4.867750861226330383e-02
5.046741089805936026e-02
5.112500299919747748e-02
5.293547454631077759e-02
5.524543092726616478e-02
5.542779869251351216e-02
5.623202292420138165e-02
5.836581009890871863e-02
5.883181780209145034e-02
6.053154667296031799e-02
6.130317989246363702e-02
6.208883824518336703e-02
6.470447829974335097e-02
6.641573393544883408e-02
6.669079155868144759e-02
6.872718178035266967e-02
7.094015490383058509e-02
7.043617624344120087e-02
7.042934028491634746e-02
7.191284476766998668e-02
7.348716852861024440e-02
7.529864285166901205e-02
7.542123131490340027e-02
7.638215421925499682e-02
7.892316682124281280e-02
8.024253920092566661e-02
8.143906794792686588e-02
8.281045454472907297e-02
8.493825907450416879e-02
8.499650184583040780e-02
8.722274158636438013e-02
8.743871759063645555e-02
8.872003414157440815e-02
9.034094187790574215e-02
9.220681446247321056e-02
9.257475009307315761e-02
9.383328671887448957e-02
9.450606485022397529e-02
9.648176432696507765e-02
9.793250039271585161e-02
9.836387810334419612e-02
1.007829571782380140e-01
1.007713465271443259e-01
1.020941116679172089e-01
1.028594431730412428e-01
1.039100471286512062e-01
1.062106436440970886e-01
1.078012401710787826e-01
1.078006644146608795e-01
1.095584995667455569e-01
1.111356702334318353e-01
1.119146496910384536e-01
1.131062236652191078e-01
1.151118429779851154e-01
1.156226370297030182e-01
1.169603969063012922e-01
1.185700880241733479e-01
1.202075289833847843e-01
1.214476234140319799e-01
1.228191302757106890e-01
1.236938291513697968e-01
1.250047367581602620e-01
1.262586542074658480e-01
1.270622412591837225e-01
1.287345586029846611e-01
1.297257047127067242e-01
1.304670859650746140e-01
1.315967901197952483e-01
1.336521606444948385e-01
1.344269295236174833e-01
1.359051950195757086e-01
1.384188671216744493e-01
1.386651011811227407e-01
1.396936203909023289e-01
1.415270786340850906e-01
1.426086681078350127e-01
1.439387349567984031e-01
1.448180633414476448e-01
1.455376168110112944e-01
1.473180529969136676e-01
1.488165665923990855e-01
1.509710746849687313e-01
1.509026268541930060e-01
1.519859503878185081e-01
1.523313335743647634e-01
1.541968510592057751e-01
1.554296797218483184e-01
1.558062639586211273e-01
1.582664715070947747e-01
1.588440851838540668e-01
1.601627835765705166e-01
1.611654838136393486e-01
1.627344586671475579e-01
1.634650546282705730e-01
1.648948084259450053e-01
1.662735201763966830e-01
1.677477879561513896e-01
1.695902817662919559e-01
1.701845550881577740e-01
1.706557164704263774e-01
1.720095192664168882e-01
1.734574919111747382e-01
1.743010238193298256e-01
1.760578410332378496e-01
1.776052904028873336e-01
1.781320063943685472e-01
1.791818163613169423e-01
1.806736796902218833e-01
1.816553715938080127e-01
1.829064549257243266e-01
1.841147042434568004e-01
1.848872443170247459e-01
1.860092778448866335e-01
1.874721301531024342e-01
1.882788524413376019e-01
1.897649245371498816e-01
1.915139285889007614e-01
1.923032227672711036e-01
1.931190534801365544e-01
1.939273787821808592e-01
1.952659227921307306e-01
1.962981043868898823e-01
1.983597775793528584e-01
1.997031187108017081e-01
1.995520739986900716e-01
2.012774674529538566e-01
2.023409310137440076e-01
2.032764508680496851e-01
2.043868453251842243e-01
2.063173416023882378e-01
2.070066330891870698e-01
2.082300446930095417e-01
2.088731388901225727e-01
2.105314325539558717e-01
2.115375114989195560e-01
2.124007300667660747e-01
2.135341084354229479e-01
2.145383294665969831e-01
2.153079163891621906e-01
2.166227617685330675e-01
2.180018492726538137e-01
2.193982676181413516e-01
2.201076814033998130e-01
2.213702948310718177e-01
2.230651437199606957e-01
2.237485891004603877e-01
2.247247342937806203e-01
2.264219083701854707e-01
2.275597152495054121e-01
2.283711683670734960e-01
2.290522742316788429e-01
2.304675961569242204e-01
2.316430358159993763e-01
2.322460377049160862e-01
2.333835752572684108e-01
2.352765148037802845e-01
2.359469343691702192e-01
2.365651070962817848e-01
2.382979452585054780e-01
2.392112726110356968e-01
2.402745637769282405e-01
2.413916019108846844e-01
2.424538363122675233e-01
2.435354701063530414e-01
2.443588510116618817e-01
2.456249286641075391e-01
2.470827166263742658e-01
2.476143287938386839e-01
2.490138272016012566e-01
2.500135414175065351e-01
2.510083859055998179e-01
2.520881523776806743e-01
2.535066544212327688e-01
2.543231360237763194e-01
2.550427166464943607e-01
2.564755530360740554e-01
2.574533239582322830e-01
2.585254592055843958e-01
2.597085233093452405e-01
2.608224316338464410e-01
2.615014981852642473e-01
2.623452673371463595e-01
2.634711173045310439e-01
2.643754823514835040e-01
2.655485165815457682e-01
2.666360617459926918e-01
2.675041550342559526e-01
2.688433593589734105e-01
2.699890578662077489e-01
2.710339583128988927e-01
2.720610153828867395e-01
2.734915736499104466e-01
2.741948140864380323e-01
2.749961372612632626e-01
2.761991194314100118e-01
2.772702339729855026e-01
2.784111456846085075e-01
2.795041194887069036e-01
2.804498525863195479e-01
2.814273858346570956e-01
2.823395404203823400e-01
2.833361472629642441e-01
2.843591515639752321e-01
2.857273675791974221e-01
2.865230184087166343e-01
2.874772585137868042e-01
2.884690491036662752e-01
2.893267666475117239e-01
2.908010192163515417e-01
2.915518489026274751e-01
2.923918833222964309e-01
2.938775847220283510e-01
2.946306894210495297e-01
2.957673153075154326e-01
2.965366799321859648e-01
2.974127158045087316e-01
2.986620768234052314e-01
2.995223293032259759e-01
3.002528357185846875e-01
3.010787879197636685e-01
3.024432451794722976e-01
3.035625395663828496e-01
3.041940017690221709e-01
3.049650276173995200e-01
3.059897269079456805e-01
3.069687414401027770e-01
3.083194659575051455e-01
3.092749936759060514e-01
3.104044634590832352e-01
3.113537435060899639e-01
3.123065933300743779e-01
3.135035206136937425e-01
3.145138996808347076e-01
3.148981547925457924e-01
3.158471454813409074e-01
3.170158665040986312e-01
3.180567022457880255e-01
3.187741338077298425e-01
3.196883716189440339e-01
3.209271832165574989e-01
3.217767942162125805e-01
3.226871762297326418e-01
3.235201498538677334e-01
3.248339082785668963e-01
3.260690070576136024e-01
3.263992519928583524e-01
3.274347945037011098e-01
3.283978814669187285e-01
3.292008935940270997e-01
3.299578698499603946e-01
3.309970877050672500e-01
3.320981836283864452e-01
3.331000152024370942e-01
3.343032469447619892e-01
3.350678151606183430e-01
3.357873549678400682e-01
3.365383429040639252e-01
3.375972785258564701e-01
3.385663938578462595e-01
3.398415457842393073e-01
3.407340330768510728e-01
3.415352709404994025e-01
3.422778734014920721e-01
3.433772845506832816e-01
3.442484520161360750e-01
3.451909640266015988e-01
3.461898110344127644e-01
3.469268862397323350e-01
3.478263354087007819e-01
3.489438778411184106e-01
3.495994950290608472e-01
3.504811360527856356e-01
3.516379574623489379e-01
3.525465339688084732e-01
3.533693409474029101e-01
3.544526183343515435e-01
3.553338212448665656e-01
3.559440003631459404e-01
3.570209914002918095e-01
3.580216058003893864e-01
3.589722893748029109e-01
3.598004330598269518e-01
3.606316345851919847e-01
3.614933552745939749e-01
3.623218868742107968e-01
3.632673142624642804e-01
3.636811130258517100e-01
3.646431271155443632e-01
3.656883881676448178e-01
3.667312263590766785e-01
3.675619688032092380e-01
3.683114679043791306e-01
3.693601715865187929e-01
3.705081129846827803e-01
3.710722489716297701e-01
3.717978928574676711e-01
3.724926555543012219e-01
3.733079017484145501e-01
3.742307516482967777e-01
3.751190029172445373e-01
3.762603069394817590e-01
3.772412088629301663e-01
3.781651211041845984e-01
3.790028345365613061e-01
3.795877077661921062e-01
3.805895853133198781e-01
3.815111305391499230e-01
3.826250959290845022e-01
3.835214521803754772e-01
3.845480428445964272e-01
3.851134910286795887e-01
3.859346100098549059e-01
3.865911381539635094e-01
3.875725065378621270e-01
3.883235868777517030e-01
3.892210090685531143e-01
3.898631938191824964e-01
3.907360236195070446e-01
3.916350973798033430e-01
3.922758921235947049e-01
3.930759314098783985e-01
3.938737673491289892e-01
3.947162907276666188e-01
3.956858807139168044e-01
3.965961912828986913e-01
3.974816817952959713e-01
3.982789251158377897e-01
3.990983890948086588e-01
3.999783845667220783e-01
4.009317057184360600e-01
4.017357329556049406e-01
4.025835619104277119e-01
4.033815746665558866e-01
4.042490199275015073e-01
4.050013867113799737e-01
4.058169041706634061e-01
4.066369551369027335e-01
4.073763584989796294e-01
4.081275951626562315e-01
4.090531918041950821e-01
4.100517133270436543e-01
4.106986630324921395e-01
4.114494516126779300e-01
4.121181367971444853e-01
4.131310530042295315e-01
4.138794413757899138e-01
4.145263726237754520e-01
4.156284745840481132e-01
4.164075204004504260e-01
4.168873387718115553e-01
4.177886248058762519e-01
4.184370713671362041e-01
4.192496212305404368e-01
4.201099363110247786e-01
4.211568401949077889e-01
4.216369856819804918e-01
4.224861257581160046e-01
4.233831467340559152e-01
4.241416980601864783e-01
4.249208773762140345e-01
4.256507410604687403e-01
4.264926866066479638e-01
4.271241618323942113e-01
4.278826059713482510e-01
4.285919020967359772e-01
4.297064217133954589e-01
4.302729689070680652e-01
4.311081247940646288e-01
4.319154850891587238e-01
4.326811983450140064e-01
4.334992933555258943e-01
4.341273713905636211e-01
4.349337968977330382e-01
4.354799111528033784e-01
4.363184200185784567e-01
4.370830481101202758e-01
4.380089961550646671e-01
4.389078643762528986e-01
4.394863219122210340e-01
4.403369725013548952e-01
4.413663131530228267e-01
4.420472997203578336e-01
4.429907933842276435e-01
4.434420442075460711e-01
4.440579709870692837e-01
4.448031959704241700e-01
4.456558310911353793e-01
4.465375754644111961e-01
4.470618059812388467e-01
4.478201958349782852e-01
4.485084979893724233e-01
4.492068480080013693e-01
4.499164594676783313e-01
4.507601678740645323e-01
4.515514729563275820e-01
4.525704022161518569e-01
4.531414759121814573e-01
4.538014503339924954e-01
4.547430163536468894e-01
4.553434604740917435e-01
4.559973122754938935e-01
4.565283681559081930e-01
4.571800902554549739e-01
4.581095949493492747e-01
4.587000103358891967e-01
4.594344215224490657e-01
4.600295848100966478e-01
4.607392356102741893e-01
4.618905260441628080e-01
4.623143893913008728e-01
4.631683333081643705e-01
4.637559554947158214e-01
4.647612721646339207e-01
4.652811795675193540e-01
4.660768515647224497e-01
4.667176828171198943e-01
4.673405268191388462e-01
4.681226514457026977e-01
4.688653754085156389e-01
4.696359575043992929e-01
4.702818746915564119e-01
4.711394070641440890e-01
4.717395454052807913e-01
4.724497081142043919e-01
4.727898692268827641e-01
4.733750532931647048e-01
4.742508652989957385e-01
4.751175795776221844e-01
4.758834521402128259e-01
4.768807568345348469e-01
4.774499429700272413e-01
4.778922339827895716e-01
4.788411404880147937e-01
4.794905422407508278e-01
4.802261012024310327e-01
4.806256440282026254e-01
4.812204208566190911e-01
4.823574567718405537e-01
4.827347561938776233e-01
4.833895825340626673e-01
4.842862553962355987e-01
4.850328664725245820e-01
4.855622050725260652e-01
4.858897649442933675e-01
4.868835209288224775e-01
4.875493508831430511e-01
4.882320099486255893e-01
4.889648382454682696e-01
4.895392376510422361e-01
4.902693903547787335e-01
4.908234180648789469e-01
4.917053806098901081e-01
4.922729024413142196e-01
4.927888104046983520e-01
4.935170449043413954e-01
4.943192855432277377e-01
4.948824721250991709e-01
4.957281248330441814e-01
4.963690836946676455e-01
4.971929160984235874e-01
4.978816771077145265e-01
4.981902696724496149e-01
4.987525806009858176e-01
4.995066366986349315e-01
5.002127017940231068e-01
5.007506402661916489e-01
5.017293557044419927e-01
5.022407564926826273e-01
5.028889433831174038e-01
5.036402446833383451e-01
5.042785270965995936e-01
5.049037790382516766e-01
5.053085194963106153e-01
5.059963635539399540e-01
5.067558486342589319e-01
5.074153141912528531e-01
5.081276696144836347e-01
5.088739780078190833e-01
5.093502485028107429e-01
5.100818920071974460e-01
5.105311641645652321e-01
5.112981340689263243e-01
5.118664605546509039e-01
5.125287586422470065e-01
5.132273964854950909e-01
5.139353819556322645e-01
5.143449006945158830e-01
5.151519425492910864e-01
5.156632041882486250e-01
5.163051861830723066e-01
5.170263104932156795e-01
5.178125792574082009e-01
5.184509919380727583e-01
5.188749965910094408e-01
5.193379714036306938e-01
5.200181052201368059e-01
5.208660553272260740e-01
5.215407282433237590e-01
5.221602709749134652e-01
5.226970542146878174e-01
5.233305414771891595e-01
5.239219073394204562e-01
5.245982924991391405e-01
5.252024148320172392e-01
5.260109390310077071e-01
5.263840393383349969e-01
5.271371692646622531e-01
5.274988511712682682e-01
5.280173251781294930e-01
5.288077075526577131e-01
5.295111099305084279e-01
5.300386754768264819e-01
5.308272005806788929e-01
5.312534004415156996e-01
5.320716804818585999e-01
5.326263275564059319e-01
5.332409218723643818e-01
5.338098063982266162e-01
5.343741201386077444e-01
5.350351279214605738e-01
5.357064188668800853e-01
5.362909329006988468e-01
5.369838972344244121e-01
5.373347836325694793e-01
5.380149027674412388e-01
5.383847052638125463e-01
5.396289538561179766e-01
5.399422061493519553e-01
5.407674790211329796e-01
5.413080512053479731e-01
5.417800540706170231e-01
5.421464083009316370e-01
5.430110722738534790e-01
5.436259748261738078e-01
5.443608864880628007e-01
5.449145233445836789e-01
5.455708009649103962e-01
5.459538358388369428e-01
5.467386990475325836e-01
5.474172381205530957e-01
5.479795493484136415e-01
5.484019085008136063e-01
5.488785368167709011e-01
5.496592942980227381e-01
5.500829995467373390e-01
5.507211517526046096e-01
5.516806216055314405e-01
5.521234943394481842e-01
5.528618811328434024e-01
5.532276427094260374e-01
5.537903300205073709e-01
5.544564533145992513e-01
5.550618422417930020e-01
5.558662732395819317e-01
5.562437462049439896e-01
5.569414974269901730e-01
5.575723478913723330e-01
5.581070262923691905e-01
5.587869223912016459e-01
5.594035984528656913e-01
5.598830568499510996e-01
5.604859766234094876e-01
5.609226320515150466e-01
5.616496736708055382e-01
5.621594443553304954e-01
5.629166618151528745e-01
5.634449785982992287e-01
5.641818819671522434e-01
5.646481108500245316e-01
5.654082058183762527e-01
5.660267438641766180e-01
5.665223954635959513e-01
5.670090112621061218e-01
5.678002301878319891e-01
5.681961631889577147e-01
5.689770245448656505e-01
5.695502704857993148e-01
5.702578637451721777e-01
5.706429663321216372e-01
5.713089878626319562e-01
5.718298265079935216e-01
5.727014878791291119e-01
5.731083980631576091e-01
5.737374478186300086e-01
5.742869235066327960e-01
5.750079899582302145e-01
5.755414077917297977e-01
5.760183312829998403e-01
5.768230078058030896e-01
5.771727417863504739e-01
5.776619006390698585e-01
5.784221951056285338e-01
5.789936002489950440e-01
5.796379132790204780e-01
5.804313769636226805e-01
5.809832207746191690e-01
5.815884534405451056e-01
5.821085543832673626e-01
5.825776261303498016e-01
5.832232641713105403e-01
5.837928136200324358e-01
5.846497912176231715e-01
5.849711413334969246e-01
5.857241385603998429e-01
5.863456162556329732e-01
5.869824667855567668e-01
5.875336643862498764e-01
5.881947036880815771e-01
5.884461935232786489e-01
5.892701360837517832e-01
5.898315000470756297e-01
5.903931918389577760e-01
5.911113421697340442e-01
5.916166387717910480e-01
5.921204185355104510e-01
5.927173111923202953e-01
5.934098259920024265e-01
5.938054253734321719e-01
5.946140698383515222e-01
5.950797100026097297e-01
5.957175047815292945e-01
5.965895887255812102e-01
5.971771796456508685e-01
5.977090946933999449e-01
5.982552740418858317e-01
5.987436978070339588e-01
5.994009858195449292e-01
6.002741421769589580e-01
6.006864066123840384e-01
6.012139770003275263e-01
6.018468798775704620e-01
6.024500474488249102e-01
6.030888837508714406e-01
6.037038881070505569e-01
6.043788208361752234e-01
6.049153835584678562e-01
6.054918051212044849e-01
6.061533735620903141e-01
6.065419056525768182e-01
6.072319364432308131e-01
6.079510388667824783e-01
6.084644171770753340e-01
6.089517737148729681e-01
6.095744397640087131e-01
6.101970913589720436e-01
6.107125281955165796e-01
6.114138413931966554e-01
6.120822367777397632e-01
6.127267608722740677e-01
6.131491614897393028e-01
6.137366224371083590e-01
6.146129143331545697e-01
6.151131466799991676e-01
6.156675688529127388e-01
6.161119169319825284e-01
6.168703233487701221e-01
6.174531149375689365e-01
6.179922169415391631e-01
6.186659568365205919e-01
6.191410605134383127e-01
6.196578824092057181e-01
6.202854678207900818e-01
6.211063511352484801e-01
6.217116305132598386e-01
6.223785785837020468e-01
6.225317449140613801e-01
6.232768998424353946e-01
6.240971085064258572e-01
6.244836306641957657e-01
6.251832196506765804e-01
6.257148625892734461e-01
6.263283911896838640e-01
6.268273553065389914e-01
6.276570197769349990e-01
6.280914631840553985e-01
6.287281736635929041e-01
6.292062756136785895e-01
6.297034324353201207e-01
6.305921171091499744e-01
6.309181158236636389e-01
6.316198987765049289e-01
6.322823257175407274e-01
6.327932673625905613e-01
6.335232207545284933e-01
6.340574118084495447e-01
6.345125045334821801e-01
6.353846912064978758e-01
6.358443142728312791e-01
6.362527800174477832e-01
6.368305286018189904e-01
6.375283161933144038e-01
6.381651787014868127e-01
6.385081885196480789e-01
6.394106697559657215e-01
6.396650328296753507e-01
6.401065558048927295e-01
6.410065974530002597e-01
6.414261780582504180e-01
6.420575968954511659e-01
6.425039157093773712e-01
6.432909212266381127e-01
6.437933236292252559e-01
6.442353631845888495e-01
6.447158411370937925e-01
6.454147148207208806e-01
6.461671015012742103e-01
6.468120049990521148e-01
6.474520029729083914e-01
6.480538522838505955e-01
6.485262574823172921e-01
6.491721607836210550e-01
6.496792834476149414e-01
6.501267509253600974e-01
6.505654290635853876e-01
6.513721311901649047e-01
6.517451125251166877e-01
6.524657786222404221e-01
6.530525714817297933e-01
6.535774343031799383e-01
6.540113113493478680e-01
6.545301086705578308e-01
6.554016306141227100e-01
6.558144748630840848e-01
6.560514983610162831e-01
6.567420138921751249e-01
6.574195948720845672e-01
6.578037645523214794e-01
6.586031360915798327e-01
6.590405934792422649e-01
6.597117009899575724e-01
6.599933700964014660e-01
6.607893268598601377e-01
6.612629079060660109e-01
6.618263888885661528e-01
6.622369476833110946e-01
6.627797922981301104e-01
6.634100885212873555e-01
6.637838241920438476e-01
6.645120473429031449e-01
6.649128757616163954e-01
6.657547378721555553e-01
6.660712776686914527e-01
6.666293893282810856e-01
6.672959831994573765e-01
6.677077709128468319e-01
6.681332502315163735e-01
6.685318657237427908e-01
6.693201751415983614e-01
6.698079160816315936e-01
6.702245799446834296e-01
6.709687134572901446e-01
6.713996322672383110e-01
6.718888747324298638e-01
6.724927255818313743e-01
6.728189094916614543e-01
6.734432101612531918e-01
6.739101919126696538e-01
6.743955735811837382e-01
6.748230043097359632e-01
6.755547438574517338e-01
6.761288575915507248e-01
6.765865192162110464e-01
6.769316133334496444e-01
6.775409578606254035e-01
6.779976502682144579e-01
6.784233743426574259e-01
6.789717296616202269e-01
6.795153863566305574e-01
6.801049795673449472e-01
6.804120767743900844e-01
6.807941185613326507e-01
6.812534108757101192e-01
6.820260337998924616e-01
6.823638786826545788e-01
6.828780172118242842e-01
6.834934631252095327e-01
6.839341998133326994e-01
6.843294553584096107e-01
6.847808590082378188e-01
6.852922432504701122e-01
6.859585950375057806e-01
6.862300131568275230e-01
6.866841168581413468e-01
6.872976032672781788e-01
6.877716032521300482e-01
6.883429538385599233e-01
6.885182203498990683e-01
6.892265472492205003e-01
6.897339352220634989e-01
6.901020370013661864e-01
6.906733698566632773e-01
6.910342463817058523e-01
6.917359512391072496e-01
6.920854523019243087e-01
6.924472397621886932e-01
6.930264163008762468e-01
6.933087679903519041e-01
6.937451827915402935e-01
6.942302529602182304e-01
6.947572550082269371e-01
6.951902756873303835e-01
6.955800583576451368e-01
6.963582351961798977e-01
6.967053479633739110e-01
6.970931928364144659e-01
6.976701231955694249e-01
6.978408804795929177e-01
6.982464339348923854e-01
6.987831290450643440e-01
6.992097107271737499e-01
6.998252944033842571e-01
7.002080079686127112e-01
7.006825221731622921e-01
7.010557578434054582e-01
7.014211124457981894e-01
7.018100212129715354e-01
7.022776274929540818e-01
7.027568561829379279e-01
7.030973289077901978e-01
7.036738383469761660e-01
7.040090550183067952e-01
7.045784784000335144e-01
7.048675303719329488e-01
7.053730305524904542e-01
7.058429733209068413e-01
7.063396034053996964e-01
7.065718445166571104e-01
7.071011612112536593e-01
7.075377988010846941e-01
7.078065830025743743e-01
7.083231290529341528e-01
7.086659644806216907e-01
7.091596392566600349e-01
7.093729949467436624e-01
7.098302389626922615e-01
7.104136574240277335e-01
7.108284110315803428e-01
7.112639844613769524e-01
7.115995314141470018e-01
7.118459050718700665e-01
7.123426680208964079e-01
7.127679497347289006e-01
7.130937904078693546e-01
7.134403118780090480e-01
7.141902711390075709e-01
7.144004456961056126e-01
7.145739928495301596e-01
7.152220307247649789e-01
7.154629991025940328e-01
7.159096971575269475e-01
7.161395267416987842e-01
7.166320051345087538e-01
7.171425895391381200e-01
7.173574717912297727e-01
7.177516697663064438e-01
7.181091324078036076e-01
7.184079089659305417e-01
7.190781713686874577e-01
7.193101205993214231e-01
7.198214517020937731e-01
7.203313124722369176e-01
7.205194401051655539e-01
7.210397506836778714e-01
7.211949148014505928e-01
7.216171915744555854e-01
7.220829652675678778e-01
7.223447697215970020e-01
7.227229341672678498e-01
7.231434086588538479e-01
7.234846463748821899e-01
7.237881595847112104e-01
7.242750058147057191e-01
7.245996572009303360e-01
7.250308494104458212e-01
7.255083729505436008e-01
7.255342348058145818e-01
7.260930847275816058e-01
7.263454887739932975e-01
7.267688922594088829e-01
7.271472791476523145e-01
7.275096063606913965e-01
7.278758732070871318e-01
7.281101398244308465e-01
7.287455189809807221e-01
7.289524221950796079e-01
7.292056048447357330e-01
7.297855020091681411e-01
7.300353132398237355e-01
7.306041207346946065e-01
7.308266755256954683e-01
7.311174480434737832e-01
7.314108313015327267e-01
7.321198854348509588e-01
7.323308686271151613e-01
7.326097185284946578e-01
7.329644778645199032e-01
7.331793014589471635e-01
7.335074060333722779e-01
7.338679255987073935e-01
7.343452115484691012e-01
7.343776159895567535e-01
7.347901946599819656e-01
7.353134318772396316e-01
7.357469471506918879e-01
7.359141854399764426e-01
7.364010408699911414e-01
7.367139212439700602e-01
7.371715672099489192e-01
7.373672545056975114e-01
7.378235819678002905e-01
7.380210528108571699e-01
7.385833645076432807e-01
7.388273945173742252e-01
7.390674882568398774e-01
7.395311220374850558e-01
7.397520173491904938e-01
7.400082117627724276e-01
7.404366627316164573e-01
7.408243627795438879e-01
7.410749735392830884e-01
7.414992250096544835e-01
7.418781439753234785e-01
7.421729365481639640e-01
7.424113371466012357e-01
7.428454831749202736e-01
7.430437839153080093e-01
7.435375946207462006e-01
7.438603782710633272e-01
7.442942017722741221e-01
7.446853300380448237e-01
7.450639439483909277e-01
7.450665559297026119e-01
7.456525528738917608e-01
7.458543731725035819e-01
7.463548528527468306e-01
7.466316615889065922e-01
7.468435068754409878e-01
7.473552916605215035e-01
7.475694596665354297e-01
7.478708087105883084e-01
7.482358725884390438e-01
7.485940464574803999e-01
7.489658241357739499e-01
7.493466167601718908e-01
7.497396819423562953e-01
7.500654104481676576e-01
7.502556227330916538e-01
7.507119120803704693e-01
7.510402149771450153e-01
7.514335095476184501e-01
7.517522265564867689e-01
7.519784267347471296e-01
7.521443229147530829e-01
7.528230717439942099e-01
7.530955957605565132e-01
7.533709986430686678e-01
7.535065252781147915e-01
