1.249465272916640279e-02
1.204558109375614312e-02
1.171697590059789934e-02
1.161755393764511701e-02
1.150199101818925873e-02
1.137202683215605102e-02
1.102737191909771049e-02
1.074012458582115220e-02
1.066848927160138523e-02
1.041305524851627619e-02
1.028424387950468456e-02
9.054806423682443609e-03
9.455803776606085467e-03
1.184413489670572972e-02
1.305908808964143311e-02
1.617335512564094940e-02
1.904243945774164795e-02
1.738021868749789131e-02
1.642588288754641065e-02
1.683298022531537833e-02
1.685305130205089555e-02
1.764179566805505056e-02
2.098824977491245414e-02
2.535105424918209296e-02
2.458602316458032011e-02
2.925856003206435407e-02
3.507297596995632982e-02
3.568410397546484258e-02
3.954320844101365945e-02
3.859995025782531064e-02
3.887322015739667208e-02
3.865157081898391855e-02
4.150264288453157924e-02
4.299075503784141605e-02
5.003543746622209076e-02
5.485893593400402446e-02
5.924015631283702232e-02
6.349093572310379741e-02
6.491783306289473920e-02
6.493924650110878549e-02
6.783002879555657949e-02
6.921960661686549221e-02
7.112942080717443716e-02
7.369860006071650427e-02
7.645057272612490462e-02
8.088533332263046771e-02
8.440815016450434194e-02
8.813897154388024291e-02
9.127204991962667435e-02
9.550346669527497168e-02
9.705125015971137470e-02
9.880506389590927585e-02
1.024123908060611265e-01
1.028090744642239374e-01
1.059289478251928540e-01
1.114931295577565040e-01
1.157715551361706285e-01
1.194376623698628626e-01
1.223504787602467253e-01
1.237472783591347381e-01
1.271219959183022552e-01
1.292526148002154651e-01
1.342352713183392610e-01
1.350042228975864012e-01
1.389039267509143416e-01
1.428899669335846057e-01
1.440403153608592612e-01
1.469303686891388350e-01
1.503250982598905716e-01
1.527115688526257953e-01
1.549139361825591366e-01
1.600332115256390686e-01
1.627766162720733767e-01
1.636846243234638676e-01
1.689565092092955578e-01
1.711644608791794420e-01
1.743397313286527972e-01
1.760852682896846821e-01
1.786247357413989489e-01
1.813152617256419685e-01
1.849147101685246486e-01
1.876871243225896047e-01
1.908490616334270751e-01
1.944533386568449151e-01
1.972837633497441789e-01
2.006344661302666699e-01
2.032784617299750463e-01
2.057326310715135997e-01
2.084160143519476760e-01
2.110010824474128077e-01
2.140286066380277796e-01
2.175500209686148101e-01
2.205758237665463584e-01
2.225135734847182023e-01
2.250894738564658271e-01
2.275747658124055439e-01
2.295812075765608917e-01
2.329244923011680179e-01
2.354755766830141928e-01
2.391147664228418512e-01
2.431061938147443813e-01
2.444760699440889085e-01
2.470530761536346154e-01
2.502033519408369822e-01
2.528677815517235694e-01
2.538046849453464149e-01
2.567399579277248600e-01
2.602644162194282518e-01
2.631351898969396252e-01
2.656550745568888039e-01
2.670831485909002101e-01
2.695303796777655525e-01
2.721439563669360573e-01
2.750678590265078216e-01
2.777837933305866147e-01
2.800433767019451792e-01
2.833379263655118052e-01
2.857602487946909742e-01
2.878225040033790538e-01
2.900789394788560460e-01
2.922194658600100747e-01
2.946485054980819140e-01
2.980555213061518716e-01
2.997128663968448015e-01
3.020201437392217025e-01
3.047645363955070463e-01
3.068938459122443341e-01
3.090237853423477565e-01
3.119062328011844576e-01
3.141040147256193293e-01
3.167871650675079809e-01
3.189092190493971191e-01
3.205179732246618562e-01
3.231819170206536862e-01
3.252567588980946334e-01
3.276724937085200851e-01
3.297138951632511694e-01
3.321668996196634471e-01
3.341253472105028544e-01
3.366283650726354382e-01
3.388072164753477833e-01
3.408857185704844417e-01
3.433402523466781986e-01
3.458272843547665065e-01
3.475991901488568181e-01
3.502325107575298135e-01
3.519487938466634436e-01
3.534715052287401571e-01
3.559706570618898502e-01
3.579433891291297631e-01
3.595633132764050055e-01
3.617513002461813509e-01
3.642685915667424612e-01
3.666365810526282520e-01
3.681351867971373593e-01
3.699748832770932139e-01
3.718013233490738423e-01
3.740090740595125585e-01
3.770588605447957598e-01
3.785958298672607580e-01
3.806570040243253406e-01
3.825583704298703980e-01
3.839104727172867326e-01
3.855483719450717439e-01
3.872666104104948159e-01
3.894399852510458393e-01
3.920581190587295595e-01
3.942008716473827667e-01
3.963243707674350969e-01
3.979020478667449345e-01
3.996111835244878785e-01
4.009187517514863908e-01
4.033692947529993744e-01
4.051404435886963862e-01
4.070356466396071182e-01
4.089942008743875368e-01
4.105315584245619043e-01
4.125819352502617110e-01
4.145446105324058772e-01
4.165804525101126643e-01
4.182815478948855858e-01
4.194941825392890511e-01
4.213789634858241540e-01
4.232575203916807971e-01
4.251067999571873091e-01
4.267689195731498852e-01
4.283449425132456190e-01
4.298744776596258310e-01
4.318872527745740153e-01
4.330288423127467423e-01
4.353214362962314898e-01
4.371088502705255951e-01
4.381728835304363190e-01
4.403623195979977090e-01
4.420280113262775035e-01
4.431666265130451698e-01
4.454468972288256889e-01
4.463640618516452330e-01
4.485468736951150337e-01
4.494826662243533444e-01
4.515088044904742581e-01
4.531609612575057122e-01
4.543530054505832694e-01
4.563613785388979105e-01
4.578922166309782882e-01
4.594360118065348164e-01
4.617856294703948650e-01
4.634804421319185241e-01
4.643223453455661565e-01
4.658308242554934364e-01
4.674779795051691722e-01
4.687047777727517128e-01
4.704122295581615876e-01
4.714245611648057999e-01
4.732472369252029853e-01
4.751055946754331183e-01
4.764918135661952436e-01
4.777588440816937787e-01
4.794022606444177104e-01
4.803594555023487089e-01
4.815008142257191648e-01
4.834658204010872096e-01
4.849223226328348568e-01
4.860860272955927486e-01
4.871784743609152701e-01
4.885311862181616060e-01
4.894928923845055513e-01
4.912571377132665118e-01
4.932115736916122262e-01
4.948110530561287690e-01
4.963356230047151763e-01
4.974206892769437727e-01
4.987321442944689931e-01
4.999567107304847546e-01
5.012809911490682113e-01
5.027251097927254442e-01
5.037439683680237090e-01
5.053931646992441129e-01
5.069675428964126596e-01
5.082161325177524391e-01
5.089292713011088765e-01
5.109094300867682570e-01
5.122443273370553829e-01
5.130968964965790802e-01
5.141538754243065723e-01
5.153267963851581035e-01
5.169742675258299780e-01
5.181675207806661909e-01
5.194668560570916416e-01
5.208110228472311309e-01
5.219399661396708634e-01
5.233242197924306005e-01
5.247327910936866457e-01
5.259100579867517222e-01
5.265109710049824532e-01
5.284161938382472279e-01
5.293843199000766164e-01
5.305520091478037603e-01
5.313050407859505331e-01
5.329291551950376959e-01
5.338890306206587333e-01
5.350459857286203880e-01
5.361267906600144517e-01
5.379006216769863791e-01
5.383520064482839595e-01
5.394408065440967626e-01
5.410344811501182072e-01
5.416639401239090601e-01
5.428821282604610055e-01
5.445096121814080314e-01
5.453456755964097846e-01
5.464782970370328785e-01
5.474647848892272295e-01
5.486534148057284899e-01
5.498858640940492704e-01
5.511038961305996242e-01
5.517086594713037639e-01
5.531041798059675996e-01
5.539395726766196404e-01
5.549927202529728598e-01
5.565451902072987567e-01
5.571049882578483770e-01
5.583415294542943830e-01
5.595199004983719693e-01
5.602818522421995073e-01
5.615270290664254871e-01
5.626208221661019859e-01
5.638079236827949758e-01
5.645540371300712401e-01
5.658549061265187863e-01
5.665592375674661785e-01
5.680041802163180442e-01
5.687639180415287044e-01
5.700906163840947505e-01
5.706321849116272604e-01
5.715199805955460954e-01
5.724745616590700692e-01
5.735744039197941957e-01
5.748295016112636713e-01
5.752343744679481174e-01
5.766405805534711160e-01
5.778032148241983856e-01
5.781146149749759600e-01
5.794732947943096457e-01
5.800672999990945655e-01
5.811830167073046560e-01
5.823109949936595697e-01
5.831887685076416750e-01
5.840650915444691726e-01
5.848994427954993247e-01
5.861714998320666226e-01
5.868717902674073228e-01
5.880091451789197787e-01
5.887752667130421447e-01
5.895899363943338800e-01
5.903804553033045188e-01
5.913145936449907270e-01
5.923906654337878219e-01
5.932327299826698486e-01
5.940139642434628664e-01
5.948354978235708135e-01
5.958820914324297613e-01
5.966714490851399155e-01
5.978832640042722746e-01
5.984731103269285146e-01
5.990373588513645542e-01
6.002056909819193375e-01
6.007834279630435148e-01
6.021517312768106533e-01
6.031232669606823027e-01
6.036006025791388341e-01
6.046005926244031325e-01
6.053103719429397955e-01
6.060899765726546207e-01
6.065831307472844269e-01
6.079321106378737793e-01
6.089828790688226468e-01
6.095947409392598049e-01
6.102759808927558094e-01
6.109628913716160792e-01
6.118448124836336488e-01
6.125372745844042122e-01
6.133707541706248101e-01
6.140974784971460210e-01
6.149495117227062879e-01
6.159288543806235028e-01
6.165291810579537346e-01
6.172709040758469490e-01
6.182226495679832290e-01
6.189552105597109222e-01
6.195826816658970282e-01
6.206878539951279361e-01
6.212059689066553592e-01
6.219707339426276960e-01
6.230251152475581033e-01
6.236251888340872407e-01
6.240026886658851524e-01
6.250321543032196780e-01
6.252424205495817899e-01
6.264159457873202941e-01
6.272333459031247394e-01
6.278232939476190433e-01
6.285056609419705786e-01
6.296533546662302916e-01
6.303375624343729999e-01
6.309034860447014781e-01
6.314750491031285717e-01
6.320956606125577304e-01
6.331123307536727918e-01
6.336622509708346174e-01
6.341628061356727741e-01
6.348995909597436871e-01
6.356509260825721208e-01
6.369121888624394989e-01
6.375076616631861759e-01
6.377317121780137210e-01
6.384132157765263216e-01
6.392806070862719903e-01
6.400265593665757091e-01
6.408269043777174989e-01
6.415819013203938326e-01
6.421075290053191997e-01
6.427545165509778169e-01
6.433352629242454768e-01
6.440169292393431721e-01
6.448722813447099744e-01
6.456746705958765764e-01
6.460378918749818400e-01
6.467888242180325209e-01
6.474872819294427151e-01
6.479387526910158623e-01
6.486436647699753699e-01
6.491349541217793506e-01
6.500259188108381547e-01
6.503591414647327262e-01
6.515763191476677818e-01
6.521497685393490285e-01
6.525857748431601602e-01
6.532726534241046767e-01
6.539152977735391836e-01
6.543210035276101344e-01
6.548624079546894183e-01
6.557713994580757211e-01
6.563914080814753360e-01
6.568630666317311073e-01
6.574665149099182537e-01
6.579716475733177194e-01
6.589514260455799910e-01
6.595747815290238236e-01
6.603729644452549508e-01
6.607902831531364818e-01
6.611943039202633488e-01
6.619249967931378764e-01
6.623012590550568790e-01
6.630305334726207533e-01
6.633944758719972912e-01
6.640518403064273878e-01
6.649363593363291081e-01
6.656209177100028684e-01
6.662911796723919311e-01
6.668930153474841305e-01
6.670049990140261009e-01
6.678338408220502176e-01
6.684588673653921731e-01
6.691571075205218211e-01
6.695432852994774864e-01
6.701649222502858994e-01
6.705934183812489735e-01
6.713917053886792052e-01
6.719048426954433717e-01
6.726053437234504884e-01
6.727417198465240888e-01
6.735126329990550609e-01
6.739856097314286254e-01
6.744520093675703265e-01
6.752239779938236097e-01
6.758721147011178543e-01
6.760627857343227687e-01
6.768271801168860291e-01
6.775627765839193906e-01
6.779598850845119928e-01
6.781056781761110042e-01
6.789425936876353207e-01
6.795234099392624127e-01
6.797034116163893636e-01
6.807687801839020780e-01
6.812548554313256899e-01
6.817992722489634172e-01
6.819502479556347474e-01
6.825804943804061331e-01
6.834093232345458402e-01
6.841256296983762031e-01
6.843113168721915995e-01
6.849573344391667318e-01
6.852187829063554059e-01
6.857199735973777965e-01
6.865533117739307523e-01
6.870510250815968778e-01
6.870754805304636337e-01
6.876967886138750652e-01
6.880951609208022512e-01
6.890733567709171892e-01
6.895674796925067573e-01
6.900243382531876524e-01
6.905029644849307591e-01
6.908808215057468116e-01
6.914560983353584822e-01
6.918876444708090823e-01
6.923969169203089136e-01
6.927587436882900462e-01
6.936416323695666630e-01
6.938518464094177718e-01
6.944439472048051787e-01
6.946674683570379649e-01
6.953952188155020364e-01
6.957228795523904274e-01
6.962057201197613399e-01
6.971832798015573651e-01
6.970696455261224944e-01
6.975710348560695273e-01
6.981646965576965291e-01
6.984895377479195533e-01
6.994188009884098056e-01
6.997578881761383762e-01
7.002894653636501099e-01
7.005696651941875075e-01
7.010461994672820829e-01
7.015456366161025858e-01
7.018077415674387476e-01
7.030115859683665480e-01
7.027000788507778983e-01
7.031172055949269639e-01
7.034916968019436778e-01
7.041679152037914058e-01
7.047387045755513224e-01
7.054412986183739021e-01
7.057941082877933203e-01
7.063007731476530493e-01
7.066362454758295941e-01
7.074163744856454272e-01
7.079273249998540019e-01
7.080622160946674626e-01
7.084961251436149299e-01
7.088457126451466195e-01
7.097028909782410189e-01
7.098553435846863824e-01
7.103939917768749002e-01
7.105888626186788182e-01
7.109011915981704455e-01
7.116390977166611176e-01
7.121393271323763763e-01
7.127353218003317226e-01
7.127656675899380900e-01
7.131472541508753205e-01
7.136246894471222069e-01
7.141162841300706665e-01
7.145737489287461441e-01
7.152366144608842680e-01
7.154729188126377482e-01
7.158145477236602661e-01
7.165262083106185287e-01
7.169434191220213082e-01
7.171863525684075702e-01
7.176815319985145880e-01
7.181053461114976777e-01
7.184119935315572691e-01
7.188778491368289503e-01
7.192828616564859168e-01
7.196836221156371893e-01
7.202865085230729658e-01
7.205408215278787942e-01
7.210344607543867079e-01
7.213740595990542070e-01
7.217999521208190439e-01
7.222611028039152004e-01
7.225056037866738334e-01
7.230859100044924048e-01
7.233526942725388986e-01
7.237770129183435097e-01
7.243972121654563834e-01
7.247255049436653884e-01
7.249961312023252002e-01
7.255266648671575558e-01
7.258608674420671258e-01
7.261294139793227354e-01
7.264920649067748704e-01
7.270870618125404583e-01
7.275653703357239932e-01
7.276824585790981903e-01
7.282227950034192432e-01
7.288122612906764441e-01
7.290331672536501939e-01
7.294205438131698971e-01
7.298632296009049947e-01
7.299981925706344743e-01
7.304698253656610740e-01
7.309059626857876690e-01
7.312925313497370405e-01
7.316527925913467456e-01
7.321613472957544388e-01
7.327264143409233377e-01
7.329254677664522877e-01
7.330524518588820149e-01
7.335399636977045779e-01
7.337722546919459576e-01
7.345795274481423665e-01
7.348391137821336239e-01
7.349788777475799728e-01
7.354881835534814449e-01
7.356727503743374363e-01
7.362165797094462061e-01
7.366271314638035417e-01
7.370060553269435211e-01
7.374109304548980282e-01
7.380572391308384272e-01
7.382146185814326689e-01
7.386857764780029312e-01
7.388965903204145480e-01
7.391664040602158314e-01
7.398561574449372680e-01
7.402730921729068214e-01
7.402656111443437492e-01
7.406074583401018874e-01
7.410120156017854232e-01
7.413978429517839031e-01
7.419011260256758167e-01
7.421117765779619013e-01
7.423499057771095755e-01
7.430315476662068264e-01
7.434497474933691175e-01
7.434694308344229619e-01
7.439729146981106656e-01
7.444014498830158200e-01
7.446743438540770477e-01
7.449465765461497080e-01
7.452466592299237247e-01
7.455530520155164709e-01
7.458826768381243699e-01
7.462471830893165903e-01
7.465521221822349895e-01
7.468423624734188415e-01
7.473871974440770005e-01
7.476935736076980588e-01
7.480419532734403631e-01
7.482521583435653989e-01
7.487334354299580719e-01
7.491142174955309763e-01
7.496513316569349827e-01
7.497821684956567090e-01
7.500551043922669692e-01
7.504130790836873732e-01
7.505182140047401695e-01
7.510976878201934825e-01
7.516150076914684952e-01
7.514926072258173440e-01
7.522243372818671059e-01
7.524979776329319137e-01
7.525986675970506301e-01
7.532969870718757566e-01
7.533710486961182617e-01
7.537989720096562873e-01
7.542421695114395197e-01
7.545656998621322886e-01
7.548529605332825465e-01
7.552947001256437032e-01
7.552577202788264277e-01
7.559622012412590131e-01
7.562549820028295899e-01
7.564759716625185648e-01
7.568108837798785959e-01
7.569835090223783203e-01
7.571033865587495360e-01
7.577168077146975156e-01
7.582908516564841328e-01
7.583273572042941169e-01
7.589178150096277387e-01
7.591428470696754971e-01
7.595310873813929664e-01
7.597321352288795016e-01
7.597939023309624451e-01
7.601351090070399552e-01
7.605069706279912189e-01
7.608274536623828022e-01
7.611225686128123558e-01
7.615350189133230918e-01
7.615688867293113340e-01
7.623071256582734101e-01
7.623898920974625515e-01
7.626163176725536674e-01
7.630990733497532430e-01
7.634384579399678961e-01
7.635737118738131768e-01
7.641352896017835628e-01
7.644946316352786431e-01
7.647286206120071927e-01
7.650132172056604007e-01
7.653025762075144067e-01
7.653279585203250912e-01
7.657471676894809232e-01
7.660147443000276946e-01
7.663486394847061067e-01
7.667828022723328640e-01
7.668466713952853953e-01
7.673532291928986115e-01
7.678124585700872862e-01
7.679794330569548189e-01
7.682864551764752026e-01
7.685116851914132186e-01
7.687100230070332829e-01
7.690814038906349515e-01
7.695319698610879611e-01
7.696347705058219635e-01
7.702360525875866504e-01
7.703594461484102318e-01
7.705855494353427426e-01
7.708405684076347075e-01
7.714331092485748886e-01
7.714072776977047852e-01
7.718934894744340358e-01
7.720581835005684290e-01
7.724474759849119243e-01
7.725991174508248793e-01
7.729855969225210011e-01
7.733903433429811791e-01
7.735052103370979593e-01
7.739707653463686610e-01
7.742644200569857027e-01
7.742606972034787871e-01
7.746623200739618520e-01
7.748445435383753965e-01
7.752004117514923465e-01
7.755450745125236356e-01
7.756923579147033676e-01
7.761119607469305626e-01
7.762210104238461694e-01
7.768286878219186065e-01
7.770914074347455847e-01
7.773698577124058540e-01
7.774879255783533338e-01
7.778042258400680309e-01
7.780063908438776821e-01
7.781612464652871708e-01
7.784723750607486226e-01
7.789133171096171981e-01
7.793567345426594128e-01
7.793651184981240654e-01
7.796136358866356808e-01
7.799644541894953376e-01
7.802753636049161168e-01
7.804036475780197213e-01
7.808879372070067770e-01
7.810623605328765873e-01
7.813531664803694543e-01
7.815794551670807166e-01
7.818926718533001363e-01
7.823684056673221310e-01
7.822867893431668662e-01
7.828388628635641888e-01
7.827223673215948363e-01
7.830310595689742303e-01
7.834093580724923456e-01
7.838205001145517326e-01
7.840001814399836233e-01
7.842238276202833092e-01
7.847417224200681218e-01
7.848267211405003385e-01
7.848481498540144097e-01
7.854890099230388278e-01
7.856427307890132550e-01
7.859148175607140185e-01
7.862775179829404326e-01
7.863067428963808059e-01
7.867016645235286321e-01
7.866464019151073739e-01
7.869838773303564627e-01
7.872623139144258042e-01
7.877031477668526849e-01
7.880785597641826179e-01
7.882640153470467093e-01
7.883478905697436367e-01
7.887216711860901563e-01
7.888428511208074312e-01
7.892647209092902294e-01
7.893647828336743943e-01
7.896072069358619494e-01
7.899313930175937415e-01
7.900915720002913423e-01
7.904223363925066970e-01
7.906031832859699016e-01
7.908748043790523319e-01
7.910557663409414353e-01
7.914063915877050936e-01
7.917640686843649966e-01
7.919014292763543184e-01
7.921639766871936272e-01
7.924828077981754815e-01
7.927949069303928953e-01
7.928598643926085821e-01
7.931409062528628207e-01
7.934148527743017931e-01
7.934589791546432513e-01
7.940461258032326386e-01
7.944088479464918029e-01
7.945090653212771858e-01
7.947390168997177096e-01
7.946232379573328064e-01
7.951419850213023999e-01
7.952546087008731668e-01
7.955685368308488270e-01
7.959459762382660175e-01
7.961141004731241422e-01
7.960980282705043543e-01
7.964785765751163371e-01
7.969839858888350115e-01
7.971743326137176178e-01
7.971788239635095863e-01
7.973385092620781656e-01
7.977614031310521492e-01
7.977817834845939426e-01
7.983433224037033149e-01
7.984049942919504428e-01
7.986702668984865250e-01
7.989811292477387861e-01
7.992461611690677703e-01
7.994462573017427909e-01
7.995885655926109337e-01
7.998462111581216005e-01
7.998752763161998125e-01
8.003379384964993681e-01
8.004375582567404557e-01
8.008190825374005284e-01
8.011253901384495224e-01
8.013329222741457647e-01
8.015761468543375345e-01
8.019045365518163715e-01
8.017019072828073245e-01
8.023235120463196868e-01
8.023252429528749952e-01
8.026632534288766774e-01
8.029618655926520354e-01
8.032934068990305043e-01
8.034830696466062072e-01
8.036847470761411261e-01
8.036234998940119389e-01
8.041477247910649995e-01
8.042139035940063518e-01
8.045112152157470886e-01
8.048394699912420069e-01
8.051379291711724395e-01
8.053526694661401475e-01
8.055055554156959063e-01
8.057232534692110315e-01
8.059724293642631654e-01
8.062147376452863945e-01
8.062439309138633714e-01
8.066218449937297974e-01
8.067254508766583676e-01
8.068887954752088643e-01
8.072840411169771579e-01
8.073163941571256386e-01
8.076566423763670288e-01
8.078141702030875448e-01
8.081936129237348165e-01
8.083321315831999421e-01
8.086189310833863386e-01
8.089118764723530752e-01
8.088926984450047764e-01
8.091474200929110738e-01
8.094077877980665470e-01
8.097392220319580280e-01
8.097144704870826715e-01
8.101822865006781393e-01
8.102413901446923195e-01
8.105821677181641594e-01
8.105693253616194083e-01
8.108802801679614314e-01
8.112474103865110475e-01
8.112958155072165223e-01
8.115365286528163358e-01
8.119363999690898392e-01
8.121794826777621878e-01
8.121885066782742468e-01
8.122930042996245881e-01
8.125786632771735407e-01
8.126534040387254354e-01
8.131444182603502213e-01
8.133475949592292586e-01
8.134394118360839254e-01
8.136482331878268637e-01
8.139230279630343956e-01
8.140785652068338596e-01
8.142670324274061677e-01
8.143971008637913567e-01
8.146763841838833287e-01
8.148711081463052563e-01
8.151125820636038188e-01
8.153621118885427954e-01
8.156572239372786859e-01
8.158954682913919232e-01
8.159321080648070934e-01
8.159331673118697115e-01
8.163788511131886416e-01
8.165910033375327615e-01
8.164371942512482772e-01
8.172507471151194691e-01
8.173088393338323598e-01
8.173993704056629062e-01
8.175668942012841445e-01
8.177030101956842545e-01
8.178726921410326423e-01
8.182196431774531042e-01
8.184896438663418206e-01
8.186305994743879877e-01
8.187742769652650576e-01
8.191992748617333842e-01
8.192713492075729409e-01
8.193748326231028445e-01
8.194977894192980727e-01
8.197277353459466731e-01
8.200967021033789273e-01
8.203887562379683640e-01
8.204348024087184665e-01
8.205425184075832989e-01
8.208588447212828987e-01
8.208490480240507869e-01
8.211879555223330351e-01
8.214472861249177971e-01
8.216287091803521347e-01
8.214292790175800052e-01
8.219437705705220365e-01
8.222986674479906277e-01
8.223810415175915045e-01
8.226070802346119315e-01
8.227685527942734112e-01
8.229526392246379052e-01
8.231766106890148205e-01
8.234519013526887532e-01
8.236061823790983283e-01
8.238893809695003734e-01
8.238418305187069635e-01
8.241793533097522273e-01
8.245167225047257409e-01
8.244877066365775553e-01
8.248093446903055348e-01
8.249658541028900283e-01
8.251595561948376067e-01
8.250964430214913214e-01
8.254895918415617873e-01
8.257324491244056874e-01
8.257557937049564423e-01
8.260945103826528024e-01
8.263373831173478345e-01
8.263090755287801903e-01
8.266733338727095814e-01
8.267826072392910897e-01
8.270442590647597569e-01
8.271367800478638399e-01
8.272559817694521422e-01
8.275460564012385722e-01
8.277894395836162822e-01
8.279249421264789355e-01
8.281944022748705114e-01
8.281955103974510957e-01
8.286108900878167427e-01
8.287577908364053281e-01
8.286065192771431276e-01
8.291712531739687808e-01
8.290906496287725469e-01
8.295634800961022570e-01
8.297136546132773960e-01
8.298201147679300504e-01
8.299184142552961108e-01
8.301745712409828171e-01
8.301369745263100786e-01
8.306685497120939177e-01
8.308108227278107050e-01
8.308180849915410837e-01
8.310855279124376160e-01
8.312409842707063623e-01
8.314505557959350757e-01
8.317445253500124203e-01
8.318819240398974690e-01
8.319537989810106282e-01
8.322176094316234840e-01
8.324066458176130334e-01
8.323970063043841794e-01
8.326769173918323608e-01
8.330313441059803425e-01
8.331594269802999886e-01
8.333654449975547163e-01
8.333460355254515006e-01
8.336206399996214378e-01
8.339656052513092499e-01
8.338023899522171156e-01
8.341722105770287277e-01
8.342397474184604089e-01
8.342706079673359865e-01
8.345071884620272051e-01
8.347883659000154832e-01
8.350594966649736994e-01
8.351877489521948306e-01
8.353395703847767972e-01
8.355405231932383492e-01
8.356254081778287102e-01
8.358801069157373309e-01
8.360892863152700194e-01
8.362208872209250243e-01
8.362837824264294229e-01
8.364369199246620701e-01
8.367663021168019188e-01
8.372278939095109118e-01
8.369343213379083490e-01
8.374619568396127756e-01
8.374601017736630348e-01
8.377047045645535928e-01
8.378102660690204262e-01
8.379196684270558970e-01
8.382920668087475713e-01
8.383187674982525150e-01
8.384566044608816604e-01
8.387162652085708991e-01
8.388298522559709536e-01
8.388389852106747924e-01
8.392077316532901010e-01
8.393073826092473100e-01
8.394587516460281229e-01
8.399441513622393218e-01
8.399296616822756745e-01
8.400208240776199098e-01
8.401553244377205631e-01
8.404913949933709993e-01
8.403463746070175544e-01
8.408176798005997377e-01
8.407548278260997821e-01
8.410888360368165007e-01
8.412042837049834576e-01
8.413620070996564726e-01
8.415594280052545173e-01
8.418075435694555297e-01
8.418857902324302644e-01
8.421603616018904503e-01
8.420636144580393445e-01
8.421998587919806711e-01
8.426421367583359912e-01
8.428113126432005275e-01
8.429519492814288029e-01
8.430465623472725989e-01
8.432578476497574194e-01
8.434347512656734658e-01
8.434513671492714915e-01
8.437039793791137887e-01
8.437714358236064749e-01
8.441719585683631344e-01
8.442607217954979371e-01
8.442653590346498316e-01
8.445017477364484826e-01
8.446755195856470166e-01
8.449190420719153716e-01
8.449476139497584803e-01
8.452792254474986722e-01
8.453251514136382871e-01
8.455798640430789437e-01
8.456366759706301917e-01
8.459506136482849437e-01
