1.418475469759267020e-02
1.368104814551103846e-02
1.330609362623571927e-02
1.312648863921909298e-02
1.291088970895804162e-02
1.272904099159128354e-02
1.231222577242227327e-02
1.197744567391332941e-02
1.191937400301939023e-02
1.164471354620566501e-02
1.151254387150127054e-02
1.011896784170610193e-02
1.055522875813423925e-02
1.320738397152376731e-02
1.454371325474380916e-02
1.798258820644259293e-02
2.115755700628527136e-02
1.939182270162945546e-02
1.834497185184867998e-02
1.877361561112511970e-02
1.883921706059669271e-02
1.962851605016226880e-02
2.335187858586609821e-02
2.796979561901969183e-02
2.728083593239857135e-02
3.238128484308537558e-02
3.859785208123444472e-02
3.945995952312029292e-02
4.356025204576018106e-02
4.248343356947066607e-02
4.284580140040703672e-02
4.290916624499365589e-02
4.597047604997029496e-02
4.747791433309623416e-02
5.472838425184102518e-02
6.002848595687455824e-02
6.489822042891427167e-02
6.931503409284603401e-02
7.081695662694496851e-02
7.100995525425544963e-02
7.400828393158928598e-02
7.557277741557590078e-02
7.775609093119854875e-02
8.050613576516583991e-02
8.355744663274049244e-02
8.848092431632706423e-02
9.240489454064525210e-02
9.612494362736327680e-02
9.925090391234334120e-02
1.038422465345978235e-01
1.056174932872046834e-01
1.073614705300987987e-01
1.111889857649356050e-01
1.116912072617327611e-01
1.152186112334504797e-01
1.207631419424506775e-01
1.252439030917119611e-01
1.290691508634919660e-01
1.322519654365681141e-01
1.340834579451753161e-01
1.375504910493442201e-01
1.398982813026597161e-01
1.449606135259671191e-01
1.460244454445814855e-01
1.500596546808917187e-01
1.537700945376928030e-01
1.554109287357264002e-01
1.588491296180203349e-01
1.621630877846269581e-01
1.646698957322074441e-01
1.669488165966269699e-01
1.723248234519102751e-01
1.753162974901890658e-01
1.760965600235957773e-01
1.817500833648148240e-01
1.839461003072075662e-01
1.871372658196808203e-01
1.891933544490400076e-01
1.921673297143171033e-01
1.946243417731487180e-01
1.983093604325838755e-01
2.011218902806674313e-01
2.042144867007629760e-01
2.079403965208187488e-01
2.112252888127406913e-01
2.147927196234084013e-01
2.174969997865666693e-01
2.200420446394703022e-01
2.227672616852379717e-01
2.253965524321851766e-01
2.286540966221610460e-01
2.321505199796392582e-01
2.349551286827759600e-01
2.374175085922361206e-01
2.400148101159553793e-01
2.422665576695903489e-01
2.446564996574370765e-01
2.479491132133030129e-01
2.504302083520068001e-01
2.542095971143614186e-01
2.586697099572575209e-01
2.599921273130529342e-01
2.630005971726031011e-01
2.655798753817846802e-01
2.684624165589320488e-01
2.695006330635212333e-01
2.726284066679989793e-01
2.762066732725707019e-01
2.794014283875111415e-01
2.818747608196213728e-01
2.832631346826879337e-01
2.858277209790848761e-01
2.884690199499657104e-01
2.914693706040553667e-01
2.936656157734282568e-01
2.962815483528081217e-01
2.999280596525923381e-01
3.020169142421875730e-01
3.042203480793452819e-01
3.065522118033733312e-01
3.086802791343071228e-01
3.114480640263008748e-01
3.152683059905487251e-01
3.168872094936809880e-01
3.188283732531131953e-01
3.215708278333966885e-01
3.237437906676060573e-01
3.260625202621287300e-01
3.290629932370680577e-01
3.309936892779063444e-01
3.339675408063787487e-01
3.359763305867840000e-01
3.374656862708771965e-01
3.403482307192569056e-01
3.423997947520669438e-01
3.452826869991972303e-01
3.470420727409186390e-01
3.493358397584508945e-01
3.516035646175532658e-01
3.540443718948076413e-01
3.561043354582431597e-01
3.583555001820244446e-01
3.606355767173113902e-01
3.632908144183697452e-01
3.649919455360429166e-01
3.673507117014978007e-01
3.693735660185308300e-01
3.710526651812942611e-01
3.732565628832372751e-01
3.754791451680573044e-01
3.774586482764666906e-01
3.793459708787080831e-01
3.820833609938221742e-01
3.839797836178860391e-01
3.857585151170275783e-01
3.875926595255428930e-01
3.896515080913757756e-01
3.917557184998748943e-01
3.943252222721366218e-01
3.962453283246105684e-01
3.981060976011829844e-01
4.003507337036265046e-01
4.017844644602325821e-01
4.032587081117224304e-01
4.050551829130637493e-01
4.068044835360970501e-01
4.096591482613096136e-01
4.117099866895708171e-01
4.138566485543734297e-01
4.155416397984008636e-01
4.170038659501559275e-01
4.182061567624428267e-01
4.210151899112350993e-01
4.227217326766767314e-01
4.244085681707973623e-01
4.263386675702300899e-01
4.277966953859400623e-01
4.298910507768030631e-01
4.319331005160163550e-01
4.339102015942136736e-01
4.354842960090134496e-01
4.368596390773470395e-01
4.387770440478358513e-01
4.407048215990625462e-01
4.422973122771410304e-01
4.440473888997126251e-01
4.453230815561006750e-01
4.472293895320411661e-01
4.492804889428936299e-01
4.503934510987789852e-01
4.522906497600439613e-01
4.543722946730202050e-01
4.555841046158819463e-01
4.578097949403545641e-01
4.592248388350758104e-01
4.602766116099922811e-01
4.625165749923119130e-01
4.635471037815012130e-01
4.653696733847721978e-01
4.664099776357811811e-01
4.683455089424798934e-01
4.702148907962322433e-01
4.712429397754358540e-01
4.730394137289104517e-01
4.744781250512936088e-01
4.763445937327530633e-01
4.782637274428346852e-01
4.800685019852818369e-01
4.809886638529091707e-01
4.828379142806909496e-01
4.838907145197437476e-01
4.853706010316615749e-01
4.870553589222009205e-01
4.883177647570899893e-01
4.896942293397843482e-01
4.913702309662931200e-01
4.929227052790087771e-01
4.943837107830871269e-01
4.957694416574590091e-01
4.969001925835455080e-01
4.974779888920148885e-01
4.995317225991683929e-01
5.014589706471249686e-01
5.022002432433884112e-01
5.037473081319540080e-01
5.049058894876510273e-01
5.059316495698642502e-01
5.073308657950986733e-01
5.094264358277791338e-01
5.106668914657164215e-01
5.122230956802272805e-01
5.132894557250305967e-01
5.147441441225359959e-01
5.156590777986800322e-01
5.173890497211232065e-01
5.183834201634833772e-01
5.192484879100044415e-01
5.211560026205540597e-01
5.225811456200519789e-01
5.239152415051444578e-01
5.247377233098269311e-01
5.262994259204822889e-01
5.277133332419352563e-01
5.289631622300619007e-01
5.298622103997694399e-01
5.310468258442599954e-01
5.324744063650015402e-01
5.334536674168345316e-01
5.351469372457716700e-01
5.361118412917348364e-01
5.371879941248696166e-01
5.388054017472883039e-01
5.399989711360564382e-01
5.408963237385073786e-01
5.422925076488415153e-01
5.436878699071884258e-01
5.446433986773732139e-01
5.455779618329262837e-01
5.464453124584521815e-01
5.481013610766738431e-01
5.490357788637642011e-01
5.501271397779118333e-01
5.516212427111837346e-01
5.528302600079996187e-01
5.538867483397497127e-01
5.545543970224814379e-01
5.558807919282253707e-01
5.567330715584379863e-01
5.579448508723929834e-01
5.593727171970658274e-01
5.599958142392400529e-01
5.616669087211421107e-01
5.619769948965419593e-01
5.635610454009769565e-01
5.649348598627699225e-01
5.654366488838822313e-01
5.665811321923380772e-01
5.677589082239119511e-01
5.688477879198844400e-01
5.695117122414860011e-01
5.706910404728379183e-01
5.711680623456516503e-01
5.725738890049751895e-01
5.736842175594947246e-01
5.744318449795887682e-01
5.756195472698670823e-01
5.768332141062885166e-01
5.776838082243571648e-01
5.782578624892691366e-01
5.795703845523805242e-01
5.804899549244673107e-01
5.815696018468008432e-01
5.824860896863172099e-01
5.837659822960140632e-01
5.844321870548018216e-01
5.853845148027368994e-01
5.860139276037573675e-01
5.873756644077855471e-01
5.882998114890719554e-01
5.889668662645182184e-01
5.904379953502111311e-01
5.909100046626493130e-01
5.918450530337474591e-01
5.934931012713795528e-01
5.937861931630451506e-01
5.951614370043201152e-01
5.960474669119025792e-01
5.965127239131069459e-01
5.979340686752819822e-01
5.984682924295285922e-01
5.993022542084714965e-01
6.002620085919722070e-01
6.013559728569985996e-01
6.017538077314498191e-01
6.025045780159602460e-01
6.036523478054920400e-01
6.045766760108933768e-01
6.055171249403665801e-01
6.061185260934994767e-01
6.068807075861826217e-01
6.081582958564989427e-01
6.090734958158858792e-01
6.096710749428073672e-01
6.106987055143353604e-01
6.110521648607450951e-01
6.123842458456527638e-01
6.129235999158827441e-01
6.136941752812770101e-01
6.147208143722796558e-01
6.155982612971966361e-01
6.164071074916465109e-01
6.172559266185967397e-01
6.178409460735331260e-01
6.188055389807847195e-01
6.196961429840143198e-01
6.204582485868251895e-01
6.213840467337562457e-01
6.219532500815172504e-01
6.225366063643540393e-01
6.235001325935608518e-01
6.243375427793977916e-01
6.251595849337412414e-01
6.256807905938898129e-01
6.262351757770520111e-01
6.271634090481771340e-01
6.282891047135183982e-01
6.290586537397767630e-01
6.293093270904367431e-01
6.307272784695673318e-01
6.312933179475478385e-01
6.318409840360456053e-01
6.325380227423219592e-01
6.333501987982262937e-01
6.339640849450458582e-01
6.348836143368309370e-01
6.357827634669174222e-01
6.362281742167854581e-01
6.370346201925494167e-01
6.376795861523674169e-01
6.384051969168155205e-01
6.393489212566915159e-01
6.398387692009912531e-01
6.403848444024066167e-01
6.412256549600722222e-01
6.418477227788098594e-01
6.423700657637984035e-01
6.431434973277834199e-01
6.438505073568459025e-01
6.445927520242402675e-01
6.450121092537253187e-01
6.460108707503450232e-01
6.467764412449316103e-01
6.470816294100569799e-01
6.482079783399871120e-01
6.489831719843757174e-01
6.493045818963392168e-01
6.498562072552789282e-01
6.506367114018816178e-01
6.512094884143385665e-01
6.517734717255982968e-01
6.530000683063245104e-01
6.535333191910217554e-01
6.540161613337497348e-01
6.545116395321958214e-01
6.554455735563674557e-01
6.561864496022826732e-01
6.570306531411479467e-01
6.571095148770234040e-01
6.580108111084580491e-01
6.587252573692847779e-01
6.593558295047156070e-01
6.596738435017340807e-01
6.605711410124710525e-01
6.608422737444032968e-01
6.614076630358519671e-01
6.623553707278526659e-01
6.628650091951494572e-01
6.633507541343797165e-01
6.640659954707870405e-01
6.649046926200012919e-01
6.652244796497081003e-01
6.656245991637302906e-01
6.663370646984583257e-01
6.669634431778564965e-01
6.678796632558180457e-01
6.684960591718914769e-01
6.684644910999999468e-01
6.692597508296210806e-01
6.698964017308610686e-01
6.707348241156170232e-01
6.713752704560711493e-01
6.719237634237908985e-01
6.721086471041113342e-01
6.730963030023450200e-01
6.734710716473502057e-01
6.742778631426145086e-01
6.747031884304405258e-01
6.753226788368196232e-01
6.758301811106213197e-01
6.765745032531925718e-01
6.772759899376927795e-01
6.772466022308267775e-01
6.780318487752972079e-01
6.790014365579805089e-01
6.791519435264977700e-01
6.796928962529547036e-01
6.800783719729287524e-01
6.807144136829501591e-01
6.816466366839603053e-01
6.819443869554199233e-01
6.825728026414753513e-01
6.830130842509651856e-01
6.833295864083224203e-01
6.841576535770791390e-01
6.846070614457713255e-01
6.855491779967758381e-01
6.857603032229426798e-01
6.861036219582800078e-01
6.865228633191109431e-01
6.871314448169788536e-01
6.880563833085886483e-01
6.885300545117920556e-01
6.887980916968773348e-01
6.894816905537388685e-01
6.895660037284236932e-01
6.901121047367722028e-01
6.912068469436427609e-01
6.914773500131223827e-01
6.917600171293294409e-01
6.926025188435412927e-01
6.932044897907568837e-01
6.936281044449067457e-01
6.938810016960762495e-01
6.947465045019975971e-01
6.953111290456577276e-01
6.956985384213244528e-01
6.962348490389984601e-01
6.969381848596029050e-01
6.973200283462870352e-01
6.976396369641711948e-01
6.981124721359615037e-01
6.985918594630408096e-01
6.993509817605050305e-01
6.996355100486494338e-01
7.002337502668065650e-01
7.004469384835354528e-01
7.010428942758474280e-01
7.013677752278468791e-01
7.018495134415665415e-01
7.024627680167659927e-01
7.027769669131661567e-01
7.036866995534494240e-01
7.039518979783282449e-01
7.043312551176791336e-01
7.046990714678945666e-01
7.053296331685178222e-01
7.055906214640726981e-01
7.063062871368941398e-01
7.064528364110609360e-01
7.070440057034028669e-01
7.075828856654747812e-01
7.082280856307661132e-01
7.082842720625230903e-01
7.087804453076388400e-01
7.093613508038363324e-01
7.095888710827236157e-01
7.102984482221330609e-01
7.109786357699480197e-01
7.110899989397357901e-01
7.117001987925672957e-01
7.120882552909632013e-01
7.124718424025681118e-01
7.129821013885379033e-01
7.134292235614398958e-01
7.138772324611518671e-01
7.144780657812666025e-01
7.148094677801947183e-01
7.153177908810581798e-01
7.156389139849633763e-01
7.162954098170485340e-01
7.165647723196447716e-01
7.167750263940578792e-01
7.174500520424094141e-01
7.176091794205777807e-01
7.181315520925192208e-01
7.186451094489701985e-01
7.190856375269742973e-01
7.197948765294125417e-01
7.200753312835640463e-01
7.204341095115361915e-01
7.209642674317185973e-01
7.211603564583864978e-01
7.218297674156529675e-01
7.219283136001609646e-01
7.225100147662811834e-01
7.229329306966501001e-01
7.234629604454819729e-01
7.238286809855251080e-01
7.240842046662855358e-01
7.243533407116415912e-01
7.250124601342723407e-01
7.257226535826403202e-01
7.260503009196257462e-01
7.265707174641384825e-01
7.265844529926286377e-01
7.268822466184724496e-01
7.275122233658605220e-01
7.281426873945647804e-01
7.282593241871546663e-01
7.285778125489075219e-01
7.291708311697600031e-01
7.294774099474961027e-01
7.302914288612823990e-01
7.302512196240859010e-01
7.306758678277609498e-01
7.313187447573832323e-01
7.316796474167065467e-01
7.319180554659159288e-01
7.321749494060436625e-01
7.328064229807685903e-01
7.332423635236017256e-01
7.333815378208181635e-01
7.335545680010138181e-01
7.342244653608201999e-01
7.347896299151321919e-01
7.351672502292291300e-01
7.352398115655579547e-01
7.357410275657511045e-01
7.360055119033720450e-01
7.364983614987834493e-01
7.370219804473514547e-01
7.374629522667049963e-01
7.375536128415208781e-01
7.381920266618610116e-01
7.383955203466285866e-01
7.388184002192126343e-01
7.391734104515884640e-01
7.393933856008519934e-01
7.398937177481772487e-01
7.404252825652833936e-01
7.404049594464596762e-01
7.409414025374726487e-01
7.413511576274940396e-01
7.418495281568471267e-01
7.420687983150009437e-01
7.425198356573975422e-01
7.431823034312390330e-01
7.434840215140756658e-01
7.435671644526857804e-01
7.438354013903147877e-01
7.442337243555967596e-01
7.447819642077488922e-01
7.448018419753864583e-01
7.455225898770110327e-01
7.457764399985551407e-01
7.459026927422303110e-01
7.465056304426515021e-01
7.467485920057188586e-01
7.470808790927955245e-01
7.477635895163387003e-01
7.477659293471518032e-01
7.482094008677947494e-01
7.486307586088161159e-01
7.489703306659819537e-01
7.494045403191010868e-01
7.498772373035204053e-01
7.499624368029786936e-01
7.504854093700481510e-01
7.509049890440994135e-01
7.509392870362860961e-01
7.515527686564443810e-01
7.517618971621180535e-01
7.520310516563648573e-01
7.524462457050452580e-01
7.528795654299018647e-01
7.530466995529286889e-01
7.534628051946085092e-01
7.536550615226422778e-01
7.541237043300160758e-01
7.541496979400146294e-01
7.546884719505412287e-01
7.549740762666614646e-01
7.556146233770835163e-01
7.556674070393895049e-01
7.560524372862282849e-01
7.563572463399682588e-01
7.565241043144028676e-01
7.571051324466653298e-01
7.574199215220716042e-01
7.577536686100964092e-01
7.583109528854534709e-01
7.581867721092457879e-01
7.586383115736391458e-01
7.590655628493686580e-01
7.591827148403402781e-01
7.595455969841296007e-01
7.598087664201236269e-01
7.601496971891004151e-01
7.605862801659464267e-01
7.607714322951903974e-01
7.612414466901081811e-01
7.614052120885052011e-01
7.618382472026958840e-01
7.621731835498144481e-01
7.626255549940560430e-01
7.627836397528846568e-01
7.632556783121354771e-01
7.633993592641148407e-01
7.636123521321153129e-01
7.640814501476469456e-01
7.645774307176125273e-01
7.647065485820968567e-01
7.648395484106472741e-01
7.651717994348363749e-01
7.659172197538104410e-01
7.660683516276572957e-01
7.663575783877938363e-01
7.663590059927527509e-01
7.671162286245096773e-01
7.672124298065218229e-01
7.674690600493024872e-01
7.677805004338685846e-01
7.678519565875870923e-01
7.686116569896930262e-01
7.686751046716524538e-01
7.688816204735584581e-01
7.692608542788397230e-01
7.696565143810520926e-01
7.700394731097527368e-01
7.700988845595688748e-01
7.706181361326251977e-01
7.709110397018641425e-01
7.709816905914602669e-01
7.715814175946210662e-01
7.716506462044014913e-01
7.722388632599864744e-01
7.722925639918212237e-01
7.726602889712304023e-01
7.728610375213120776e-01
7.732589512296237366e-01
7.734640398979065745e-01
7.739229947766886886e-01
7.740849073771746136e-01
7.745131713431309128e-01
7.748216719829876808e-01
7.748688493878360672e-01
7.751287087143851062e-01
7.755108753618351614e-01
7.757604396610614517e-01
7.763362770467449048e-01
7.761554568591511050e-01
7.768595374149823707e-01
7.772408474586400828e-01
7.770404804662078835e-01
7.776506111811112287e-01
7.778566092989283032e-01
7.783068839191513710e-01
7.783245694587097585e-01
7.785239834047523733e-01
7.790151565335358130e-01
7.794177201078076322e-01
7.796388449661300069e-01
7.796278121698944075e-01
7.801165082544230245e-01
7.803404458339272542e-01
7.804343394869309725e-01
7.810156894577054976e-01
7.814473460278069661e-01
7.814870500727298941e-01
7.819518193673434814e-01
7.818462848019349654e-01
7.825793228031645565e-01
7.825652056981999838e-01
7.828881420535518387e-01
7.831242520700907317e-01
7.833547179418962614e-01
7.836481916699505890e-01
7.840835911369843370e-01
7.841102725980455546e-01
7.846343291128775599e-01
7.847583805048915506e-01
7.851281907342958499e-01
7.852856179507168299e-01
7.854384391520703446e-01
7.857609744278942765e-01
7.862181046944823892e-01
7.863912236148452584e-01
7.866608914330354141e-01
7.866262364208652658e-01
7.872347439436562233e-01
7.875811269340485810e-01
7.878969323899334132e-01
7.879484236772661410e-01
7.881964518763879823e-01
7.884655878315993682e-01
7.886007773574239543e-01
7.892782386920150772e-01
7.893350196334811830e-01
7.897842349711124976e-01
7.897931711709567093e-01
7.898206726976474412e-01
7.902004226556478272e-01
7.905962739994325528e-01
7.908798726894855635e-01
7.910795692497848419e-01
7.912677446001348258e-01
7.915127845371838777e-01
7.918095383955899846e-01
7.920990077086422776e-01
7.923577985801025791e-01
7.925918782066722068e-01
7.928629030259856103e-01
7.931999493936195966e-01
7.933894939905372645e-01
7.936956823634395697e-01
7.938027252156707458e-01
7.941050796574566917e-01
7.942700609337609574e-01
7.944096657945810547e-01
7.947274507399982868e-01
7.949836125732880898e-01
7.952182789000897811e-01
7.956323965852964974e-01
7.958560032430070930e-01
7.959740604997302960e-01
7.961991245800197348e-01
7.965069195768049726e-01
7.967451619658428852e-01
7.971957413243971891e-01
7.970896407061012212e-01
7.976202239541720918e-01
7.977422664320132917e-01
7.979457443846724729e-01
7.982055106242872400e-01
7.985848975274169037e-01
7.986503775393906102e-01
7.991280690554490862e-01
7.993977542762507049e-01
7.994289610374556432e-01
7.996753863357777270e-01
7.998488498342133379e-01
8.003103686065087263e-01
8.005786801178217393e-01
8.009015006248951796e-01
8.010465230363275069e-01
8.011201495792685812e-01
8.015285028017348212e-01
8.017764713983139835e-01
8.018603079853090509e-01
8.020779351755197295e-01
8.024027735032914777e-01
8.026950599685881427e-01
8.027949681936418225e-01
8.029767316748642747e-01
8.033677839370559903e-01
8.036832184515385613e-01
8.039974121432739151e-01
8.040323335079296863e-01
8.042737226655383154e-01
8.045309012163811557e-01
8.046373558642452295e-01
8.048939462377362464e-01
8.050025166928739262e-01
8.052530385849721029e-01
8.056942076430551047e-01
8.058691050963154856e-01
8.059436348917691229e-01
8.061705717747608135e-01
8.065428009015085387e-01
8.068859647446964267e-01
8.074355088858924390e-01
8.072324719003725058e-01
8.075020229917515557e-01
8.077364099936557018e-01
8.080915012159630706e-01
8.080533375574985300e-01
8.082371585841765516e-01
8.087896984443563309e-01
8.088069454212429843e-01
8.090492450311643768e-01
8.092051060095289960e-01
8.093345120863506548e-01
8.097977805831786391e-01
8.099156958515950633e-01
8.102553471654150297e-01
8.104931842198292991e-01
8.104228794087482424e-01
8.108062318670006263e-01
8.109763193043043605e-01
8.111476588410201360e-01
8.115054550325566662e-01
8.116243384652596093e-01
8.119217687336114375e-01
8.120297400910775343e-01
8.122737650988114400e-01
8.125931828796635337e-01
8.128603730629290203e-01
8.128892457263569016e-01
8.131243357844313291e-01
8.134380873729211148e-01
8.135273219366828679e-01
8.139599018866298108e-01
8.139352339929522007e-01
8.142138564665052369e-01
8.144664377746038131e-01
8.148892233852187417e-01
8.149675392781934313e-01
8.149851693905367789e-01
8.154421984826706327e-01
8.156861827670682796e-01
8.158049302021820326e-01
8.160147529362540286e-01
8.161750784109303991e-01
8.163846285748462828e-01
8.168669606607504852e-01
8.168759073074746135e-01
8.171828961631467658e-01
8.172929998286230235e-01
8.173679730279045375e-01
8.175953669995905670e-01
8.177139206914655345e-01
8.180905904318309663e-01
8.181844204848103264e-01
8.185620520942938905e-01
8.188247344587299414e-01
8.189800162700372477e-01
8.191566593065410240e-01
8.192829036674226240e-01
8.195687446420101274e-01
8.197359396616777927e-01
8.199829459161876999e-01
8.201049112090195159e-01
8.203299293890661259e-01
8.206377520231294964e-01
8.208213214874873209e-01
8.208989463827438549e-01
8.213486548505306573e-01
8.212412470031834610e-01
8.217041526436226206e-01
8.219710352125076946e-01
8.220513079978044590e-01
8.221165614747427686e-01
8.224663946995468544e-01
8.229142028127772734e-01
8.228272607006609229e-01
8.232466300287184513e-01
8.232681869525277918e-01
8.235226884441644302e-01
8.236543996121453715e-01
8.238500545022396926e-01
8.240659705876517416e-01
8.243028153639442301e-01
8.245423445733327528e-01
8.246506224921512640e-01
8.249414155515460978e-01
8.250613851832774293e-01
8.252414615449495949e-01
8.255011069142021984e-01
8.255987418747945394e-01
8.256869844087593169e-01
8.262921720218068256e-01
8.261789691478063080e-01
8.264839450523198128e-01
8.264931865654254750e-01
8.267635844883186591e-01
8.269328350323563726e-01
8.271299475576907589e-01
8.274911397316038197e-01
8.277402824975976792e-01
8.276736932137161995e-01
8.279554819490598794e-01
8.283737231707894999e-01
8.282645030401983854e-01
8.284312569527950698e-01
8.287809915582603493e-01
8.288455781778583109e-01
8.290831065540031908e-01
8.292132695084842853e-01
8.294580238453630461e-01
8.298078205779020333e-01
8.299928576429971283e-01
8.301889339141500512e-01
8.301099592093545976e-01
8.303592486376953907e-01
8.304519439269040237e-01
8.308064641587666888e-01
8.310898298778838234e-01
8.312605687500755902e-01
8.313074603391386042e-01
8.316114750917762422e-01
8.317955550047725355e-01
8.319608695836108181e-01
8.321868274322004044e-01
8.323467596856173323e-01
8.327157860900866737e-01
8.325428470709220763e-01
8.327802709970255624e-01
8.332745426207572859e-01
8.332961330676975642e-01
8.334616146947482207e-01
8.337017497736153304e-01
8.338470601687067996e-01
8.338055157657450200e-01
8.343632623939839510e-01
8.343051806706945905e-01
8.345674927250382735e-01
8.347201790653073772e-01
8.350821250110389560e-01
8.351594328042533100e-01
8.351701952816749097e-01
8.356342005118192473e-01
8.358952403653800989e-01
8.357063365166491620e-01
8.360338862473541965e-01
8.360429441032731779e-01
8.363885533853787635e-01
8.366891997671360715e-01
8.366416327899953709e-01
8.369511489246288516e-01
8.371175617557138349e-01
8.373383776846381465e-01
8.375219527053684443e-01
8.378027819593524272e-01
8.376279636855169519e-01
8.379693789584966579e-01
8.383484340410580771e-01
8.383089555010806437e-01
8.386781967922328773e-01
8.387335763756101903e-01
8.391361734821489726e-01
8.390334742209871743e-01
8.393583754618535453e-01
8.394357452339790138e-01
8.395400066954890050e-01
8.398362383725145319e-01
8.401265680758246424e-01
8.404061181840297712e-01
8.401442645179433288e-01
8.405029954726433994e-01
8.404613602093090607e-01
8.408175300935348817e-01
8.409467870932515465e-01
8.412428899817734340e-01
8.412519624275350827e-01
8.416353498734955307e-01
8.415800670614256296e-01
8.419500037268918824e-01
8.418682006435631582e-01
8.421822848772851922e-01
8.425011913339842673e-01
8.426133389082027803e-01
8.426067213109110776e-01
8.430383927827733714e-01
8.430308583470567108e-01
8.431930519418253667e-01
8.434331075367899055e-01
8.436706412875287775e-01
8.439702557320615250e-01
8.440568859686581327e-01
8.439819957222924884e-01
8.443021399571329910e-01
8.442765245294093779e-01
8.446463676372135687e-01
8.447830959416537944e-01
8.449943046550484338e-01
8.451940663689255784e-01
8.451892166003988072e-01
8.454087362607487499e-01
8.455088203298346539e-01
8.458289991946992270e-01
8.460502421858451250e-01
8.462296907099600141e-01
8.463262651760203870e-01
8.464759816580120777e-01
8.466868524928297113e-01
8.470433810129004426e-01
8.469523169700601262e-01
8.471942762901540913e-01
8.472416393014551295e-01
8.475148515858438314e-01
8.476219704739894611e-01
8.478686167713953559e-01
8.480873005113183094e-01
8.480200430867939065e-01
8.482796768012170752e-01
8.483643967071130554e-01
8.486505588763209040e-01
8.486760546428402385e-01
8.488742980129673210e-01
8.491855089686289881e-01
8.492996545923924279e-01
8.495984942156343811e-01
8.496763544792681477e-01
8.498240473711633491e-01
8.498015136300561823e-01
8.501604448917811085e-01
8.502082413835694297e-01
8.506149153435338395e-01
8.504917365995033895e-01
8.506018541005815337e-01
8.509693518718208782e-01
8.510680460737024555e-01
8.513676450013021313e-01
8.514611592741616608e-01
