1.603147411687318169e-02
1.546715984781548217e-02
1.504117815583519251e-02
1.477220673151388546e-02
1.444211490526389405e-02
1.420545070725384891e-02
1.370858118160137723e-02
1.331948674526115331e-02
1.327934753428330374e-02
1.298584594694940884e-02
1.284994832287650150e-02
1.127441639164319769e-02
1.175424973940761113e-02
1.469305810070438596e-02
1.617212990077419865e-02
1.995459774012292575e-02
2.346111302840051677e-02
2.161233177846428113e-02
2.047513527859491297e-02
2.091821806381117047e-02
2.104421893915960073e-02
2.182163709316225358e-02
2.595807023189289006e-02
3.079951131007405141e-02
3.023401863363952419e-02
3.577335210648646679e-02
4.237751656822226487e-02
4.355361885142106787e-02
4.785436458965748596e-02
4.666898236388724447e-02
4.712310664346164302e-02
4.753307500597862834e-02
5.081391377126946718e-02
5.235838243458570962e-02
5.972995784169390920e-02
6.551982306011119861e-02
7.088767226392578280e-02
7.542049577415851913e-02
7.702349308695208285e-02
7.741942883376978779e-02
8.050513152913925385e-02
8.226431074422511924e-02
8.474253934655590070e-02
8.764487579188955102e-02
9.098801313790681744e-02
9.646296087444077016e-02
1.008084336682891768e-01
1.044697387343440781e-01
1.076310220085775482e-01
1.125185669898515067e-01
1.145252314841690294e-01
1.162407919108786603e-01
1.203020344702744465e-01
1.209741319090682915e-01
1.248939494236745024e-01
1.303020724070559078e-01
1.349699036337967117e-01
1.389509210394996863e-01
1.424310649480646507e-01
1.447788949623222132e-01
1.482363451144104172e-01
1.508754663455522393e-01
1.558065434958147144e-01
1.574883075199143834e-01
1.613899939549200968e-01
1.648194364799623335e-01
1.671251339245564405e-01
1.710287828344231598e-01
1.741271957878945675e-01
1.768977052700911323e-01
1.791398184139512129e-01
1.848214690655648751e-01
1.881465990121993226e-01
1.887809473978167008e-01
1.947278507142159720e-01
1.969546368193167141e-01
1.999942454739910280e-01
2.025363569380377038e-01
2.058488681105418716e-01
2.081036138705230631e-01
2.119080923003377470e-01
2.148497116295825238e-01
2.177894851013795763e-01
2.215535547731693200e-01
2.252383300045443515e-01
2.289990028178460202e-01
2.318758647470441081e-01
2.345455682027146049e-01
2.373667438405137886e-01
2.399513172480355061e-01
2.434203022374137881e-01
2.468039792810934052e-01
2.493694732279316262e-01
2.522407336800150390e-01
2.549136381054069034e-01
2.571205012681174740e-01
2.598600376625458952e-01
2.630596906604222851e-01
2.654764233780614879e-01
2.692050631532876270e-01
2.738770347993939591e-01
2.754718546053713801e-01
2.787828949735928208e-01
2.807374846661939150e-01
2.837699383179886903e-01
2.850252918859358942e-01
2.884509884434073856e-01
2.918207931611485617e-01
2.953704232728445178e-01
2.979004301309385871e-01
2.993271515845455366e-01
3.018584100139360404e-01
3.045417781843845484e-01
3.076614312583290656e-01
3.093475304390124192e-01
3.121331376855060458e-01
3.160133266533637908e-01
3.177898011958429914e-01
3.202391098360921062e-01
3.226712805416568353e-01
3.249299347338086563e-01
3.277601563714863109e-01
3.318721889769649658e-01
3.336000243590400149e-01
3.350955908540416139e-01
3.377029388328898762e-01
3.400135543961939621e-01
3.426425876254156622e-01
3.457160096629291468e-01
3.474799932279851178e-01
3.504821974023989983e-01
3.523775246527267591e-01
3.540191494583798670e-01
3.569324010588260099e-01
3.588997781020160094e-01
3.621619422373026365e-01
3.639819181920513347e-01
3.659783758378625795e-01
3.684320157410545526e-01
3.705460413084324389e-01
3.726031135108754389e-01
3.750676485752982847e-01
3.771002280047791033e-01
3.800590697696049070e-01
3.815209519735671684e-01
3.834918436422933841e-01
3.858121546674228575e-01
3.877277832618599152e-01
3.894195616916182878e-01
3.920631012174846663e-01
3.943942781560383359e-01
3.960343591551916953e-01
3.988364637162175597e-01
4.002685416869827817e-01
4.025389411303262333e-01
4.044221202176672691e-01
4.065672965640507175e-01
4.084386349437184593e-01
4.103916952608061552e-01
4.127134651531250698e-01
4.144795827133014310e-01
4.169010000946643535e-01
4.185536565125756447e-01
4.199548129639198435e-01
4.217572817938934349e-01
4.233139804906966841e-01
4.260644117260434238e-01
4.280459815059192707e-01
4.301483266495564894e-01
4.316088501508649200e-01
4.333371256714549924e-01
4.345219182993623752e-01
4.374378819407673813e-01
4.388816901289515626e-01
4.406588026804614810e-01
4.424231574917961152e-01
4.439940713801854844e-01
4.461742078769230235e-01
4.480176217846064124e-01
4.499258159959609316e-01
4.514278264707121679e-01
4.528308208268082558e-01
4.547046352121633661e-01
4.566069402917404818e-01
4.581270571383890822e-01
4.599101836187039494e-01
4.611932934209566071e-01
4.631948094737025068e-01
4.649944776685164260e-01
4.666470304270965985e-01
4.681110592419202021e-01
4.700735844841463784e-01
4.715995078496911241e-01
4.735603663614502690e-01
4.749661985920434204e-01
4.762264350427536375e-01
4.781989610132616475e-01
4.794095658593468534e-01
4.808010616018469352e-01
4.821174283726982202e-01
4.839210824939660927e-01
4.857826191001879401e-01
4.867467879429177025e-01
4.884396236907386224e-01
4.897567205685238179e-01
4.918640813410420365e-01
4.931746924363815676e-01
4.951596757607311661e-01
4.965113027848633287e-01
4.978016708390019529e-01
4.987120518773525690e-01
5.006314722100888570e-01
5.018919071695845391e-01
5.034927666239732424e-01
5.049316569681941980e-01
5.061122628738826679e-01
5.075885667780127841e-01
5.093363177800829256e-01
5.104897746529898361e-01
5.117190308681066613e-01
5.123802731329138993e-01
5.143861850781652478e-01
5.162772491951480580e-01
5.168347023023358577e-01
5.185527093190045456e-01
5.198878638068028524e-01
5.206602454401397795e-01
5.222716306982476686e-01
5.235959588817947763e-01
5.248307899896621498e-01
5.262221074977453394e-01
5.273243058505681091e-01
5.289452015464405354e-01
5.302579450232279834e-01
5.313618164620749207e-01
5.325159976447458865e-01
5.331599889079109422e-01
5.349322599975552261e-01
5.363149697803898386e-01
5.373423680849152007e-01
5.383129985179556654e-01
5.396680772860209530e-01
5.412767740857197252e-01
5.427327179036293137e-01
5.432597089236345100e-01
5.447613550445367103e-01
5.462386307729576451e-01
5.470177070138723119e-01
5.487457088750583578e-01
5.493409452809868698e-01
5.505877946067891937e-01
5.522646401714862430e-01
5.533563600021048634e-01
5.541815696649586842e-01
5.554813597971420824e-01
5.564551771455339413e-01
5.573999866423831051e-01
5.587008975833893665e-01
5.595328524794078717e-01
5.613096649390132420e-01
5.624107000536662238e-01
5.634072491543477001e-01
5.642597350369444875e-01
5.652328755202684629e-01
5.663381652910985942e-01
5.674338723921286132e-01
5.688063531476407197e-01
5.696472777939631804e-01
5.708492432859365584e-01
5.719259196671973022e-01
5.730222819164165760e-01
5.741270920006920075e-01
5.746122005325119408e-01
5.761954458863106643e-01
5.770727579704137966e-01
5.784407691246924443e-01
5.796656281592853510e-01
5.802303732581349793e-01
5.813867114428198368e-01
5.820960057158658385e-01
5.830848442217511085e-01
5.841977832963944905e-01
5.851992358792713622e-01
5.859365989193318081e-01
5.872726404752082185e-01
5.880138637695209169e-01
5.895894303838781214e-01
5.898585913085220289e-01
5.911458885287944609e-01
5.916858487732897798e-01
5.926366123749727821e-01
5.934507284885359724e-01
5.945230085828601130e-01
5.955895874101859722e-01
5.965947397256960993e-01
5.972056901484755764e-01
5.984446522662481005e-01
5.990405688152180552e-01
6.000667296728795508e-01
6.008568650792237564e-01
6.023613008604252750e-01
6.025852281744280559e-01
6.035846579725423489e-01
6.045508542108583017e-01
6.058956417718932563e-01
6.069752048985230797e-01
6.074097125742671244e-01
6.083690675620910815e-01
6.090288441183253632e-01
6.100887656774014456e-01
6.109266785674152267e-01
6.115362501790486682e-01
6.125470998504314313e-01
6.131075372202731133e-01
6.142743859340863422e-01
6.147833438133274431e-01
6.157178849320370517e-01
6.163628026638854340e-01
6.172634087151771531e-01
6.180065394192643113e-01
6.189694692069688253e-01
6.199590407912485279e-01
6.208841699879410481e-01
6.214775310846333278e-01
6.223826491282371531e-01
6.231721170301026680e-01
6.240070524881942138e-01
6.248614534088301475e-01
6.256245911701706630e-01
6.260004056738039946e-01
6.272610044238581262e-01
6.276215390270095673e-01
6.288233338593105515e-01
6.295195030402027658e-01
6.301736946216157653e-01
6.308336309372448714e-01
6.318918947683167531e-01
6.324141944488100853e-01
6.333572845360949666e-01
6.341906536337792444e-01
6.346737481783394363e-01
6.356621591944482397e-01
6.360170651804173403e-01
6.367932446869968288e-01
6.376024723380123715e-01
6.382531732297260785e-01
6.392611511278606384e-01
6.399765274109229241e-01
6.405779281885043419e-01
6.415502824508152457e-01
6.419361438564713529e-01
6.426824315323532710e-01
6.435723184633215244e-01
6.440618662806407713e-01
6.448962220459515393e-01
6.460747922569218815e-01
6.465315585644675345e-01
6.470141776481438400e-01
6.479268878328501291e-01
6.481672721441301688e-01
6.492546760914507109e-01
6.497709638286707223e-01
6.505702576146896732e-01
6.511216831070723021e-01
6.516289135193509274e-01
6.525875146863842069e-01
6.529847532679801114e-01
6.541792472320692164e-01
6.543285468331103694e-01
6.551551400291063532e-01
6.558011949702049481e-01
6.567348695193274688e-01
6.569079754181161857e-01
6.578920207513562213e-01
6.585684077131503944e-01
6.591605392646630035e-01
6.597416335105783514e-01
6.603670541185877596e-01
6.608847841728642258e-01
6.615618824414585264e-01
6.622563378565551329e-01
6.629591898485529544e-01
6.635688472848627617e-01
6.638963728529172492e-01
6.649099668066349444e-01
6.657846594794133432e-01
6.661000938782980496e-01
6.668451664785003397e-01
6.675262034780974352e-01
6.683300858530230038e-01
6.685659136907980971e-01
6.691107923622232612e-01
6.699779763587538906e-01
6.703363033236376944e-01
6.710068173531312796e-01
6.718100880517678952e-01
6.723921959558496475e-01
6.723067838072930291e-01
6.733494214039982273e-01
6.744639974218347156e-01
6.749413671222056488e-01
6.750481883960089968e-01
6.759075340140063837e-01
6.763758367960948092e-01
6.767798299026288600e-01
6.773396140826090095e-01
6.782969377388637922e-01
6.783291405066863566e-01
6.791984597472544571e-01
6.800595750509562665e-01
6.804845475815382017e-01
6.809205005109305597e-01
6.813942442227947094e-01
6.821195950853113921e-01
6.828091413777225283e-01
6.834260094006378017e-01
6.840150650262732945e-01
6.842841263544169328e-01
6.851683128457354277e-01
6.854159993722913624e-01
6.862246569006485997e-01
6.869250110690450217e-01
6.871981450966936356e-01
6.875156501208168347e-01
6.880744734156700737e-01
6.888936822301652274e-01
6.890604680087879519e-01
6.898280055326664328e-01
6.901329304824743716e-01
6.908957747942969796e-01
6.914694161131533789e-01
6.919978668362076757e-01
6.926695038176702290e-01
6.928003221344286588e-01
6.935091534594114426e-01
6.940333231571189643e-01
6.945233107621416879e-01
6.949742819277018313e-01
6.952762602575488504e-01
6.958147287492039146e-01
6.966868683581844968e-01
6.971806596530096822e-01
6.975633105990600713e-01
6.982863763584700179e-01
6.987374475079175529e-01
6.989663354830194519e-01
6.995104554446471834e-01
7.000982630441806576e-01
7.005785348585286121e-01
7.013454653873296696e-01
7.017421448052462152e-01
7.020919299500438804e-01
7.026119201310916385e-01
7.032120305709568253e-01
7.036601943985497654e-01
7.042996498587937859e-01
7.044283315086063979e-01
7.051925182105571732e-01
7.056143112693306074e-01
7.057377572623901862e-01
7.065261403691163178e-01
7.068787362765825977e-01
7.078603454146964458e-01
7.078031986715285218e-01
7.085155872481283534e-01
7.089448673880154317e-01
7.097031414697774210e-01
7.098725821542022363e-01
7.106735398280282778e-01
7.106829866570099075e-01
7.112786918224091037e-01
7.119334038189174541e-01
7.117759186361474200e-01
7.122448509652445914e-01
7.129114992636316206e-01
7.137083677113602587e-01
7.139263535262343474e-01
7.145641334102883491e-01
7.151117101695273481e-01
7.152870809305943434e-01
7.157410392889060891e-01
7.161603507252968237e-01
7.165980026865661490e-01
7.170843584519864811e-01
7.171405927026449634e-01
7.178670391158586961e-01
7.182942391430742202e-01
7.189966293021743393e-01
7.193470477861962920e-01
7.195651227059652877e-01
7.201718769323811609e-01
7.206229698883374057e-01
7.210939503653399640e-01
7.216338071176955360e-01
7.218780664406684311e-01
7.226545744855296105e-01
7.225560265598383047e-01
7.234093380374742033e-01
7.236575705358941901e-01
7.241324936336078766e-01
7.244987996453190471e-01
7.249816865694884704e-01
7.254652904801229818e-01
7.256266524555963215e-01
7.262983275345407108e-01
7.266804616896688218e-01
7.271722381331177099e-01
7.273788348800023229e-01
7.276482122838217048e-01
7.282176565984503913e-01
7.286356434953948913e-01
7.290596586921145317e-01
7.290204676320292121e-01
7.296930941717850727e-01
7.304504677632234211e-01
7.307143753998589508e-01
7.313057656256251038e-01
7.317604341715473470e-01
7.319663722376872350e-01
7.326022396934130931e-01
7.326217162155829188e-01
7.331401257923192416e-01
7.337240154097611766e-01
7.339652940120390268e-01
7.342209497426557263e-01
7.344605968470223623e-01
7.350880144923008785e-01
7.351916750190982119e-01
7.359608562529196263e-01
7.363564561453199708e-01
7.367176397120605014e-01
7.371934906144943511e-01
7.374722622894144264e-01
7.377891779705211261e-01
7.384970089767358692e-01
7.386265779680566412e-01
7.389768532301941306e-01
7.393656882949823927e-01
7.401955918504866672e-01
7.402208738029067980e-01
7.406314880347509844e-01
7.410300140085905873e-01
7.414202513649706949e-01
7.416945751604049342e-01
7.417300348393541798e-01
7.425548860258173178e-01
7.429534551358010219e-01
7.433505269239057967e-01
7.434284847645795669e-01
7.438002622628188121e-01
7.444547393332432428e-01
7.448194012378475115e-01
7.452808091551758052e-01
7.456347518949482112e-01
7.459046342138900831e-01
7.461881096342896091e-01
7.465317389709915652e-01
7.469163451404707832e-01
7.475539324137082664e-01
7.474983870938991526e-01
7.479589405386295464e-01
7.484317166840948055e-01
7.485013924676789943e-01
7.490447926901608877e-01
7.496460144425478589e-01
7.498537963939793105e-01
7.500472119462940901e-01
7.503871594201011463e-01
7.509409850551678201e-01
7.515151901823037273e-01
7.514385756149566387e-01
7.518781674908300294e-01
7.525767605182501763e-01
7.525969217231447406e-01
7.531116095593195503e-01
7.535397734295190553e-01
7.538217525650332540e-01
7.542674905136244057e-01
7.545832534357720389e-01
7.548136837105826613e-01
7.548524117511635767e-01
7.557430209956531586e-01
7.561876380592237323e-01
7.561487049604618260e-01
7.565713361620655109e-01
7.569200084408953533e-01
7.570556153847429748e-01
7.575686836559450965e-01
7.583410641685452980e-01
7.582721341011690042e-01
7.586128659754198811e-01
7.587893263439881020e-01
7.595428020596781682e-01
7.599200221890669571e-01
7.598498107830974346e-01
7.600636712779675896e-01
7.607418650315287412e-01
7.609208808180959460e-01
7.610042539433642395e-01
7.616893329058861406e-01
7.619760733720162271e-01
7.622949569589678731e-01
7.628054471164450456e-01
7.628439648248489524e-01
7.634405876447399875e-01
7.636037149597361129e-01
7.638651252602293162e-01
7.641529814887969563e-01
7.644934332739358185e-01
7.649324732209271671e-01
7.651186927048860831e-01
7.656600684599720319e-01
7.658817269953795970e-01
7.662588423828989859e-01
7.664647513342248697e-01
7.668687470491371005e-01
7.673001309181286533e-01
7.674619605768339126e-01
7.676986459729820966e-01
7.679593996056071070e-01
7.685145448162399306e-01
7.687556556234075300e-01
7.692209946996092507e-01
7.693171806719689698e-01
7.699302126715609207e-01
7.700944763365795698e-01
7.703578977753603452e-01
7.705975884354731020e-01
7.709187260030813116e-01
7.713983442241818533e-01
7.715038858775933317e-01
7.719533292915398137e-01
7.722662403560479616e-01
7.724648710354971026e-01
7.723853253894681359e-01
7.732275375187002142e-01
7.734864667463680066e-01
7.735979841650378885e-01
7.741107284503558894e-01
7.740522055294657422e-01
7.748288829905574104e-01
7.745956117673935548e-01
7.752096130436547661e-01
7.754122381799001262e-01
7.757846874722338359e-01
7.759912994048963064e-01
7.762352400347235504e-01
7.765949058192498367e-01
7.769665814921775659e-01
7.771123372958871345e-01
7.775446448009896150e-01
7.776329296227622034e-01
7.781857263471992914e-01
7.784245934561088154e-01
7.786857531921528297e-01
7.788995820889086374e-01
7.790298642009619856e-01
7.797047746864638196e-01
7.798145934843122573e-01
7.802380521787404266e-01
7.805878911797842212e-01
7.805405688189437363e-01
7.811414237513993886e-01
7.811903477807498053e-01
7.816709409654793994e-01
7.821434334364163465e-01
7.819810118889986006e-01
7.826631514909546672e-01
7.826463821931252118e-01
7.828085059936839007e-01
7.831898077037294792e-01
7.835984480227742299e-01
7.838087777534141765e-01
7.841300417807441914e-01
7.842928818123324763e-01
7.846893604045297455e-01
7.848029746030179554e-01
7.852912426546936331e-01
7.854536795681167360e-01
7.856490267292853824e-01
7.860110399038212625e-01
7.863613943294736064e-01
7.864093632106694542e-01
7.870288237439591050e-01
7.871875774514933699e-01
7.872120447272821231e-01
7.875165270169242060e-01
7.879324231785582722e-01
7.882468926720238578e-01
7.885457924559340359e-01
7.889703008215108726e-01
7.889309579011789531e-01
7.893800996177104956e-01
7.899001522051253277e-01
7.898252541249125569e-01
7.900814888175636819e-01
7.902114514730588235e-01
7.905341802854392030e-01
7.909045276059200047e-01
7.908753194147828403e-01
7.915166204765240465e-01
7.916147574493487271e-01
7.919676121517563727e-01
7.923693009896843886e-01
7.925832898835694085e-01
7.929044491355603519e-01
7.931547868908743748e-01
7.934753745872950015e-01
7.935998190508674055e-01
7.936773460027697347e-01
7.940741589927903243e-01
7.943208186955089678e-01
7.945175225829029797e-01
7.950943837804935743e-01
7.951397201961063477e-01
7.955064619857390440e-01
7.957402077755014735e-01
7.959526516550045061e-01
7.962073352987099062e-01
7.964808736348386597e-01
7.969040202311277188e-01
7.970074355654562792e-01
7.971260925138990983e-01
7.976398646679213611e-01
7.978381622229930858e-01
7.979082806555638507e-01
7.982001557083100440e-01
7.984669103282097113e-01
7.986204619307796237e-01
7.991303918339227597e-01
7.994231770277374638e-01
7.994455141050070823e-01
7.997055022495005439e-01
7.998714259424865025e-01
8.004438680070363743e-01
8.005159233871245172e-01
8.008049272972941335e-01
8.010293481358559120e-01
8.011487634510656708e-01
8.016489644260675895e-01
8.013858174311436766e-01
8.018096268733301279e-01
8.022678703212504647e-01
8.023879871902036554e-01
8.029116811104425322e-01
8.030175552432414765e-01
8.032173703370547591e-01
8.035294156676674460e-01
8.038944806243851771e-01
8.040766239891287137e-01
8.043154825398508567e-01
8.044396926262975533e-01
8.047597149416648721e-01
8.050351648733024001e-01
8.051564118187437558e-01
8.054655397818072382e-01
8.057595317246288857e-01
8.059403891896111949e-01
8.060410638781764225e-01
8.064839025808149264e-01
8.066632618920290820e-01
8.068927326867920691e-01
8.071706916640514207e-01
8.071732970644518446e-01
8.077291214296991040e-01
8.077171181711407799e-01
8.080737985163877202e-01
8.082184302119000963e-01
8.085079743718354139e-01
8.086754114760268397e-01
8.088405935545519565e-01
8.091671777825176770e-01
8.094615244238595464e-01
8.095817276352919034e-01
8.100518510295253716e-01
8.103116235163675407e-01
8.103396903234751925e-01
8.106044542946914122e-01
8.108339643035212818e-01
8.110559328002499013e-01
8.113052249509720149e-01
8.113650319144319889e-01
8.117100502681724450e-01
8.119051018554453991e-01
8.123342448142590877e-01
8.124840574669824900e-01
8.125838706436939729e-01
8.129272140778140976e-01
8.131258422403024877e-01
8.135738829892510404e-01
8.135237032540488800e-01
8.136573604283227068e-01
8.140370356518589201e-01
8.143113988595033215e-01
8.145292293321187982e-01
8.148185677118071624e-01
8.148666725270927724e-01
8.152046402410073611e-01
8.153805664294051514e-01
8.155240806648165197e-01
8.157496278040176074e-01
8.158946122330688056e-01
8.162233961673601712e-01
8.165054816988355224e-01
8.167125161625377050e-01
8.167861298073034737e-01
8.170102585654467342e-01
8.172468188819812518e-01
8.175752149219911447e-01
8.177723403302381566e-01
8.178883703763911717e-01
8.182447545677685730e-01
8.184061132179245579e-01
8.187612174190798120e-01
8.190101297451833906e-01
8.189907328434370415e-01
8.193313178516297146e-01
8.193462402742630601e-01
8.196848309120418064e-01
8.200151199406034985e-01
8.204113851457279782e-01
8.202353687823058515e-01
8.207325333662760514e-01
8.208067412709191268e-01
8.210687685102410205e-01
8.212835858878737572e-01
8.214072111701455903e-01
8.216569757308457289e-01
8.219988147345663743e-01
8.220702942938707958e-01
8.222513185879882780e-01
8.225501808730660835e-01
8.228674496068087985e-01
8.230625857728894879e-01
8.232413954322324035e-01
8.234750975821912844e-01
8.234713806095189659e-01
8.237975497146722281e-01
8.237078243075807160e-01
8.243599155694636416e-01
8.243703810128449883e-01
8.245853119154089583e-01
8.247542440295403399e-01
8.247852546141923868e-01
8.252900952800787948e-01
8.254851017281217285e-01
8.255562214500506979e-01
8.256507356521892715e-01
8.261302419549128029e-01
8.261853528429700111e-01
8.265135882353322749e-01
8.265767513844136660e-01
8.269171940256333508e-01
8.270241091924066534e-01
8.273543175896800328e-01
8.276835804049165191e-01
8.276433043645691212e-01
8.281048799411303563e-01
8.280485124117816786e-01
8.285777293167925217e-01
8.284138162182418386e-01
8.288134737954330200e-01
8.289882867457240012e-01
8.292339715701831926e-01
8.293687256549955311e-01
8.295989737099616068e-01
8.296917901762006498e-01
8.299578123675419583e-01
8.301989127514566302e-01
8.302264688226798084e-01
8.303969174157260769e-01
8.307195404383045378e-01
8.307058413914141237e-01
8.311295425858520325e-01
8.311468416519123270e-01
8.314574856270974257e-01
8.316120336908493504e-01
8.318477515976907544e-01
8.321297150257430664e-01
8.322118844831429829e-01
8.323487642028691846e-01
8.327096417208151857e-01
8.329361015027171300e-01
8.330726102586223369e-01
8.332706661128962411e-01
8.335414996744628935e-01
8.337935666590025052e-01
8.339338305590708877e-01
8.339618378847529767e-01
8.343264183548454449e-01
8.343276438174374032e-01
8.343886878942433638e-01
8.349049783369356659e-01
8.352606686128638547e-01
8.353016195836585611e-01
8.353362091034242098e-01
8.356711093853249617e-01
8.359017099789266547e-01
8.359373913039479520e-01
8.362349230165180280e-01
8.363450273643310284e-01
8.365941730948415200e-01
8.366675061223083354e-01
8.370411655029315057e-01
8.369769460999196831e-01
8.372250390637985262e-01
8.376180970555252570e-01
8.377826897414375473e-01
8.377507777337482864e-01
8.380964290858239352e-01
8.380578566244794025e-01
8.384803717800489720e-01
8.383636757252710403e-01
8.387959760765670847e-01
8.389306960604118180e-01
8.391195358758010148e-01
8.394864955051876132e-01
8.393913761561833109e-01
8.397086155607056401e-01
8.399364203036771004e-01
8.402473777206179717e-01
8.403177935166218360e-01
8.403713858967332140e-01
8.406047818062964971e-01
8.407763712720002225e-01
8.409203875883193291e-01
8.413756771727354256e-01
8.414092800984315224e-01
8.414820977839716498e-01
8.415349414084780655e-01
8.419380651793332282e-01
8.420479711664903277e-01
8.422412500986721229e-01
8.423022488888421977e-01
8.423812582493879209e-01
8.428312835280302728e-01
8.430364339430933551e-01
8.431404216190395706e-01
8.434403379890481611e-01
8.435232508425657416e-01
8.437847195565598701e-01
8.441160392605226992e-01
8.439882468328334664e-01
8.444121798552626235e-01
8.444452906503007172e-01
8.446466774986124415e-01
8.447409405195973608e-01
8.448414123097250927e-01
8.451643046638507295e-01
8.453572165785969705e-01
8.456562485982190847e-01
8.457708742821783421e-01
8.459200952197397649e-01
8.461021825842280908e-01
8.462288646305380357e-01
8.465706158928745229e-01
8.465144613650275041e-01
8.468038264891548650e-01
8.467464757489682192e-01
8.470768678978928268e-01
8.472170560929509486e-01
8.475752319980301985e-01
8.478417519416662218e-01
8.479072457148726372e-01
8.479867819163696696e-01
8.481255688750189980e-01
8.481893580731807436e-01
8.484822961912761308e-01
8.486663437492013573e-01
8.489729496072238035e-01
8.488934230079359100e-01
8.491424121014525817e-01
8.495441171758397747e-01
8.493848213888500753e-01
8.497119089141611514e-01
8.498805988832573988e-01
8.499918125629041254e-01
8.502029922693402630e-01
8.504405271702956126e-01
8.505776250708453334e-01
8.508118863292435385e-01
8.509894366036893087e-01
8.511759785672068368e-01
8.513608776651639953e-01
8.511956914815628217e-01
8.517492672892440497e-01
8.518029368604773666e-01
8.519779344678451993e-01
8.520503504511072190e-01
8.522187682471100700e-01
8.524499210237085345e-01
8.526607196499356167e-01
8.528723015106307592e-01
8.530086463610991876e-01
8.532855666706201658e-01
8.533169753491866016e-01
8.533649173912891683e-01
8.536989801087997431e-01
8.537141349500386722e-01
8.539082771948924844e-01
8.540832017499954132e-01
8.540756444051395002e-01
8.544510830826657077e-01
8.547693404273377649e-01
8.547427665803123409e-01
8.550163462726446673e-01
8.552243247469981657e-01
8.552968997798715556e-01
8.554633093556596179e-01
8.556160024833694422e-01
8.557996920619393988e-01
8.559173875526197017e-01
8.560631528086506403e-01
8.563541422993518060e-01
8.563792090329743756e-01
8.566096195992788376e-01
8.568868607153270478e-01
8.566857797695972554e-01
8.572344827332508688e-01
8.572211696460833030e-01
8.574537342888273184e-01
8.574082432048887314e-01
8.577697255834429990e-01
8.579775515066885294e-01
