3.912245749427890364e-03
3.746398181685584722e-03
3.635153022143185631e-03
3.942129058830704143e-03
4.332182743059848420e-03
4.461660525097484696e-03
4.468789260488158742e-03
4.410280859009807659e-03
4.263392226246214001e-03
4.112973887602303959e-03
3.973912490110908038e-03
3.535228616915238146e-03
3.768734507119352300e-03
4.793758015133228398e-03
5.394638352066529786e-03
6.720413128828530910e-03
7.920771029878020258e-03
7.132986762645595995e-03
6.708987413643016998e-03
6.879590065668250883e-03
6.800463331886469343e-03
7.301648683169762073e-03
8.632107078350359161e-03
1.087989901612705992e-02
1.033726795204295903e-02
1.243383734529320862e-02
1.526349311102717134e-02
1.509456077436710335e-02
1.698487543684643747e-02
1.681798635088487329e-02
1.673141484011949481e-02
1.595960214620276152e-02
1.735387506133967764e-02
1.855387697416224779e-02
2.252545016607334499e-02
2.458216256647783801e-02
2.625110233134621274e-02
2.866949104397652562e-02
2.958884091147859219e-02
2.913025856517399703e-02
3.074090453267975739e-02
3.124861908916950343e-02
3.194606297536078943e-02
3.298356874785031423e-02
3.401408020247770336e-02
3.627637434201187727e-02
3.800687752902350697e-02
4.020754706018586644e-02
4.247841773667875714e-02
4.419471945080375580e-02
4.462759115535951809e-02
4.627345199793563707e-02
4.837110606406496566e-02
4.849140069787544194e-02
4.931329333407820370e-02
5.214938457396765814e-02
5.479625002083600427e-02
5.764336854953840128e-02
5.881827341896055800e-02
5.853817139048914098e-02
6.060531360756274410e-02
6.156255593987260133e-02
6.360665041761529026e-02
6.549908111156901858e-02
6.612396746442696094e-02
6.857695228383088593e-02
7.084250172097263099e-02
7.074200350021357664e-02
7.299403771635086524e-02
7.451535815789631090e-02
7.655117380654831438e-02
7.968482187799280636e-02
8.035427330557608216e-02
8.122175640967306542e-02
8.425285047430644547e-02
8.518950418285087256e-02
8.738934097287952285e-02
8.861555865382492181e-02
8.933576695630943143e-02
9.223022470007365137e-02
9.463533099164520013e-02
9.595291437062794526e-02
9.844460015105931106e-02
1.011107234706937474e-01
1.011374463872448531e-01
1.015829706204643412e-01
1.037191683486806126e-01
1.059099534517990437e-01
1.082041485790430774e-01
1.088030213722747802e-01
1.099983226940786235e-01
1.128737704523438828e-01
1.146359153582594964e-01
1.160748944669224708e-01
1.177305443376963079e-01
1.204105978329751830e-01
1.216324022187868087e-01
1.239557132427342584e-01
1.242642369822548054e-01
1.264169349447746560e-01
1.278429742273622105e-01
1.307273128916096039e-01
1.315243630761616656e-01
1.337221106271371807e-01
1.345287424902503748e-01
1.355747417088260798e-01
1.385683309248070538e-01
1.391529436279007326e-01
1.416168205306370664e-01
1.425060701793544049e-01
1.441376166545371429e-01
1.456391571186303469e-01
1.470772429351872579e-01
1.502472420621608906e-01
1.517244256269815739e-01
1.518562052664549633e-01
1.546310182583564008e-01
1.568970218497774960e-01
1.582302571715557271e-01
1.592768824354396096e-01
1.610909478419435825e-01
1.624140001035971892e-01
1.641271116705392830e-01
1.659047110587427987e-01
1.683892364324287849e-01
1.702592829581088263e-01
1.717158413284280982e-01
1.727539369946030634e-01
1.744397690410615931e-01
1.764399438880389914e-01
1.775914425477223557e-01
1.794442073703650109e-01
1.811946861462018499e-01
1.821450276061617468e-01
1.831908567688560752e-01
1.861480396861599773e-01
1.876261520220535717e-01
1.891756842882540701e-01
1.914442949038684116e-01
1.922669534006715975e-01
1.938531304134522015e-01
1.956964594520291534e-01
1.975202498501967829e-01
1.996030141063788177e-01
2.003752647639478190e-01
2.016949649442976999e-01
2.035821720698416937e-01
2.058377369185777073e-01
2.079035184237730538e-01
2.086929759816506802e-01
2.097415236495283608e-01
2.117157091333519148e-01
2.128629789495033731e-01
2.141804182433059145e-01
2.162123013652307857e-01
2.177848374687400279e-01
2.187687260237184683e-01
2.203256722611180995e-01
2.226732514611683145e-01
2.241717761225767713e-01
2.254909612696354426e-01
2.269886769943416371e-01
2.283701579473323973e-01
2.301898757227589243e-01
2.318810406256187340e-01
2.334974095930372195e-01
2.347905469362948916e-01
2.360968722545555842e-01
2.374090036093413070e-01
2.386560432791225983e-01
2.407780514961994078e-01
2.430144009128989702e-01
2.435992133117477476e-01
2.449991646354582331e-01
2.467440127662844651e-01
2.477460301152061561e-01
2.496737162643676289e-01
2.513966361287565676e-01
2.527463657836450106e-01
2.538327031139539502e-01
2.556007381290111291e-01
2.569434542545891986e-01
2.582395419166252926e-01
2.599369724004358950e-01
2.608556317663074942e-01
2.624700193591736341e-01
2.641601010693678253e-01
2.654482290798720889e-01
2.671909749196461625e-01
2.685665593104651916e-01
2.699868573780555558e-01
2.704718874660549388e-01
2.725587608515445681e-01
2.746495940794958512e-01
2.751765891572998668e-01
2.768560764320690537e-01
2.785978271305642462e-01
2.804263342895985667e-01
2.810581931013181323e-01
2.829257705462339678e-01
2.842934680855867535e-01
2.851598736260355094e-01
2.867636743984824932e-01
2.881334034446100256e-01
2.895191950647896251e-01
2.906622400271759998e-01
2.923513865774858833e-01
2.935110574213032897e-01
2.953755103651106717e-01
2.963467210865905477e-01
2.977338809384973417e-01
2.992393045753378167e-01
3.004378572539020409e-01
3.017761394978067946e-01
3.032612215867412919e-01
3.048008125632679644e-01
3.062879788058102681e-01
3.073805071604960304e-01
3.086992279997299304e-01
3.103809097707135312e-01
3.116956388030047709e-01
3.130872059937022112e-01
3.144258865455086260e-01
3.151182233080362938e-01
3.165151381933830055e-01
3.182627916781049504e-01
3.194159833575629936e-01
3.208242472726647310e-01
3.220029688873166651e-01
3.233358029414313828e-01
3.249293661964265389e-01
3.256822322276963222e-01
3.270566679424080081e-01
3.287010114673987182e-01
3.301078420784048784e-01
3.314499916879545260e-01
3.321242107149503520e-01
3.333118897303737338e-01
3.350389355231376820e-01
3.366113707472896399e-01
3.379939417444486338e-01
3.387279096583117877e-01
3.397882264219129200e-01
3.414956640369913865e-01
3.427893018961716831e-01
3.439373364648974918e-01
3.455497428868630205e-01
3.465216306337554064e-01
3.473452534118528501e-01
3.487872365033651278e-01
3.499801775072067245e-01
3.508792991846635956e-01
3.523233860164129427e-01
3.537903107283352222e-01
3.549343494363063067e-01
3.563848875164529195e-01
3.575962903118877212e-01
3.584786864907336112e-01
3.603356254598280572e-01
3.613068341215470713e-01
3.623676373040736753e-01
3.632699579377384191e-01
3.644575865670102166e-01
3.662469153914929554e-01
3.676161721368254032e-01
3.689831436959831179e-01
3.698819455280188406e-01
3.714575350627015160e-01
3.720669331059431317e-01
3.733427997299529899e-01
3.747007751784724450e-01
3.755687553417220159e-01
3.765400436699192221e-01
3.778135779894155055e-01
3.791328859427242071e-01
3.793923175464193331e-01
3.814414249650361355e-01
3.827972024919242267e-01
3.839920095620757978e-01
3.850731103009069067e-01
3.863587890273857406e-01
3.874417937350041474e-01
3.886028330001958242e-01
3.891995470002742041e-01
3.906273796964961909e-01
3.915871587674462084e-01
3.927101106498423477e-01
3.938028205286841499e-01
3.948607650190868457e-01
3.959307559465080062e-01
3.973694816921180539e-01
3.983192154573981236e-01
3.995846327588380986e-01
4.009837816424745016e-01
4.017918115630827458e-01
4.031386325415304284e-01
4.042878700526322255e-01
4.053582331895712598e-01
4.063981083266308136e-01
4.077086439812157570e-01
4.084390496080439470e-01
4.094761671749238552e-01
4.107624276348715853e-01
4.117962309965432777e-01
4.128696485744983713e-01
4.139542350337613863e-01
4.153976581057098882e-01
4.162283326580019649e-01
4.170800578463572106e-01
4.181601503698149092e-01
4.191686678037617741e-01
4.203331231136520074e-01
4.214304066031280827e-01
4.224099349575194950e-01
4.236197400054292350e-01
4.250845585860572595e-01
4.261578603277281219e-01
4.272597477794345400e-01
4.281478498064293370e-01
4.289405254496459485e-01
4.292888973589236712e-01
4.305553046423322150e-01
4.319456333517004420e-01
4.328193054521341510e-01
4.339743273940041002e-01
4.350788021397216654e-01
4.361973774818249661e-01
4.374215979491036244e-01
4.383616248212374167e-01
4.392785297969513669e-01
4.399853006506240227e-01
4.409127402086276404e-01
4.422702192918773756e-01
4.432699953938605830e-01
4.438482309744306575e-01
4.451598998250002603e-01
4.464166183513746389e-01
4.472473189273485916e-01
4.483203441461615091e-01
4.494586487755626303e-01
4.505783683781607873e-01
4.512480588929586589e-01
4.526463005551277785e-01
4.533816341981328213e-01
4.540758126515417881e-01
4.551986056911738188e-01
4.562836246155883568e-01
4.569432668860434199e-01
4.582471781773401198e-01
4.590056188216853350e-01
4.601087372089229799e-01
4.612433110268726599e-01
4.620711034167052089e-01
4.626149001835282992e-01
4.637158117846870153e-01
4.647105748000103786e-01
4.658749026991100828e-01
4.666470037811737970e-01
4.676550192004163553e-01
4.685569589832538906e-01
4.697782188323237906e-01
4.704190466717925734e-01
4.714342971120011883e-01
4.723687042097947097e-01
4.733662795740094520e-01
4.745245232371613220e-01
4.749983445107616720e-01
4.758690767066087735e-01
4.768260655046261398e-01
4.777026943290168526e-01
4.788666681250242640e-01
4.795918902996111899e-01
4.805322897180104857e-01
4.813707825082304548e-01
4.824631209535720222e-01
4.836265028622342976e-01
4.842919685897696391e-01
4.853082003029499103e-01
4.860930497425642316e-01
4.874477762501296385e-01
4.880208945728262693e-01
4.887757435621565838e-01
4.896950589499810547e-01
4.906669982650647688e-01
4.916488501971980618e-01
4.922969114922393086e-01
4.931058632985512169e-01
4.944475923772507775e-01
4.950440329202019374e-01
4.955642865380997519e-01
4.964437213341706401e-01
4.972790493822752955e-01
4.983834220433107087e-01
4.994400517369234627e-01
5.004166477365292742e-01
5.011757634702488362e-01
5.018365204443953065e-01
5.027777783206992535e-01
5.036531144258803439e-01
5.043526889032456939e-01
5.054373946359714820e-01
5.063851561589196582e-01
5.069964794064885094e-01
5.077040187542428695e-01
5.083149946390144169e-01
5.093251035029378038e-01
5.102908516833971619e-01
5.113040599100849848e-01
5.121421056745427691e-01
5.128473522410126328e-01
5.139776778112641331e-01
5.146831330719277009e-01
5.157388919994811971e-01
5.164679597184129722e-01
5.171051971057671892e-01
5.178820602337896872e-01
5.186198155045582681e-01
5.194857444426161930e-01
5.204319736360482063e-01
5.211271055096612370e-01
5.218135930288836377e-01
5.228045441728798037e-01
5.235454882526124898e-01
5.243409953762140363e-01
5.252734710298371246e-01
5.259771649058306853e-01
5.269827318998976384e-01
5.276542303500464381e-01
5.284942894061748220e-01
5.293068827592622982e-01
5.298493170763097782e-01
5.306265423190247299e-01
5.316699551862811290e-01
5.322758889376681957e-01
5.329953737099422106e-01
5.339767371290671250e-01
5.346916168110885659e-01
5.356518936465975989e-01
5.363048572402597802e-01
5.368922731811864857e-01
5.376314732917755190e-01
5.385156450781063420e-01
5.393053670178928893e-01
5.400353951447645073e-01
5.405500674596310784e-01
5.413855406413053961e-01
5.420812800968002332e-01
5.428550587342330092e-01
5.438699637052397673e-01
5.446003010475775064e-01
5.452279096945961134e-01
5.460689566940056805e-01
5.467977473507867892e-01
5.474236804916148280e-01
5.482683700621943101e-01
5.490431828694946059e-01
5.498414455263832545e-01
5.508209191170119201e-01
5.513793538407313344e-01
5.519154136753198214e-01
5.525333403662895382e-01
5.534847971211209749e-01
5.542260033268464614e-01
5.550377883695628567e-01
5.558222684585681916e-01
5.564879664921005276e-01
5.569899737589355526e-01
5.578051610529808357e-01
5.582672349246934340e-01
5.594624328311021966e-01
5.603012214506685185e-01
5.607489285480100616e-01
5.615636110783409629e-01
5.618368053826485742e-01
5.628673143220360719e-01
5.635546297715189334e-01
5.640486901660658470e-01
5.652396254395226638e-01
5.659263225638027084e-01
5.663094891918165619e-01
5.667827823386949460e-01
5.677805244053110156e-01
5.684613426951224957e-01
5.691946864061852018e-01
5.697480849592636565e-01
5.703241084844009601e-01
5.711466616801506024e-01
5.717436928879494618e-01
5.723514869810401029e-01
5.731420105814545307e-01
5.740551833290907791e-01
5.745439695123202295e-01
5.752340610415597189e-01
5.757543268207130360e-01
5.765720729409626877e-01
5.772769164776950790e-01
5.777482896717652805e-01
5.786033582717149404e-01
5.792553264665243340e-01
5.802761829451431597e-01
5.808337744840869066e-01
5.813754831442118354e-01
5.819362606783197167e-01
5.827448567373145760e-01
5.830206897638660068e-01
5.839971242483833480e-01
5.846907339496940637e-01
5.851466585591023062e-01
5.859034708091531707e-01
5.866314164019941213e-01
5.873146667605001481e-01
5.878105714162462636e-01
5.883263119578349132e-01
5.892836842483201165e-01
5.897146743438308469e-01
5.906013507595370138e-01
5.909112733833175035e-01
5.919205470761546017e-01
5.921972259696065555e-01
5.932420895087868740e-01
5.938791651631057933e-01
5.942304845293157056e-01
5.949146675515687432e-01
5.955384525897404746e-01
5.962171884752540674e-01
5.967270785556180179e-01
5.974249978613717094e-01
5.980974834570819132e-01
5.989994369684236153e-01
5.991056154906667652e-01
6.001537722351223403e-01
6.007089308862016974e-01
6.012557362148275297e-01
6.018492546682557842e-01
6.024875833053838781e-01
6.031304346748850298e-01
6.036764551509135046e-01
6.043449121683112102e-01
6.049639767540101465e-01
6.054989839647579863e-01
6.061830644769290455e-01
6.067744473552534323e-01
6.073496514008905889e-01
6.081303483734122883e-01
6.083839645338502411e-01
6.091181684563014009e-01
6.097999100819533336e-01
6.105487321433981096e-01
6.110770607265584298e-01
6.115069018698654491e-01
6.120396590561246741e-01
6.128048067012481503e-01
6.136171262355033518e-01
6.138768783961511266e-01
6.147233921021060254e-01
6.153836257837663748e-01
6.158238184228622680e-01
6.162392096098721073e-01
6.168667534740501779e-01
6.177061936968689659e-01
6.182211360208457185e-01
6.188489866205327816e-01
6.191224441497586994e-01
6.198660106159752381e-01
6.205099665701707679e-01
6.210868280917698492e-01
6.216000892899926633e-01
6.222206046349355590e-01
6.228134323641577597e-01
6.235265284139699382e-01
6.242496548029904391e-01
6.245650270648441804e-01
6.251894367923545026e-01
6.258187709763769480e-01
6.263369003422210035e-01
6.267029920977750246e-01
6.273998276901893156e-01
6.280619323935336951e-01
6.286811596967363247e-01
6.291214371178959208e-01
6.299365012544589915e-01
6.303540385891053255e-01
6.307898458980039091e-01
6.313870225300899364e-01
6.320934842114528385e-01
6.326848427292524057e-01
6.331945626297436069e-01
6.338178043132223216e-01
6.343497386048005948e-01
6.347985085572031005e-01
6.352093295123072414e-01
6.359061525447653462e-01
6.367567052421155838e-01
6.371690521900097437e-01
6.374310868031231037e-01
6.382502746192131315e-01
6.387896101681621586e-01
6.393666696700477381e-01
6.399822107702565210e-01
6.403531882655897345e-01
6.405903305806666115e-01
6.414921667073554268e-01
6.420623687005800884e-01
6.423823337083919283e-01
6.431510085814864386e-01
6.436021688892527015e-01
6.443789358082385732e-01
6.449730858438208481e-01
6.455755117864816484e-01
6.457348748141186201e-01
6.463735108396647666e-01
6.470417796006394662e-01
6.475553533761648772e-01
6.480679281481539489e-01
6.485715092321064912e-01
6.493122097440963136e-01
6.498516038729236222e-01
6.505595660200453878e-01
6.509753304756543679e-01
6.514532456677778471e-01
6.520049232521274440e-01
6.522748038717631758e-01
6.529192636761521618e-01
6.535055251969907886e-01
6.538574605601006340e-01
6.543512156274202685e-01
6.551282959867279487e-01
6.555525327609749153e-01
6.561390977556262882e-01
6.565434139460099017e-01
6.573246142406091730e-01
6.577772217418623724e-01
6.582505119691269835e-01
6.587271179639739849e-01
6.593153570630607696e-01
6.598726663734065800e-01
6.604937192843416405e-01
6.607640347299873484e-01
6.613787474010621725e-01
6.617851671041387052e-01
6.625917629478778048e-01
6.632305963682513239e-01
6.635450631059538473e-01
6.640810827517538151e-01
6.645893525788366674e-01
6.649497606602010613e-01
6.655979348368811221e-01
6.659873288578153083e-01
6.664885998793550481e-01
6.669941240934603721e-01
6.677304772261917210e-01
6.682249753466039666e-01
6.684095944791065280e-01
6.692274085516348725e-01
6.695122650186365876e-01
6.702078875419540394e-01
6.706051778102295469e-01
6.710035003599500447e-01
6.719193260382902988e-01
6.723954053325332803e-01
6.730763298390485261e-01
6.734265934489216399e-01
6.738033764631202738e-01
6.742677285727242120e-01
6.748209933700567431e-01
6.752984837424669262e-01
6.758852564506250271e-01
6.761452296397369999e-01
6.767337150919676692e-01
6.769597099414439434e-01
6.776729481124165178e-01
6.784427555986788372e-01
6.787800625704459856e-01
6.794023534385236207e-01
6.799377659101095706e-01
6.803626804409180773e-01
6.809585265618430805e-01
6.811101419958304204e-01
6.818271835822673488e-01
6.824703702950221107e-01
6.828015127916249316e-01
6.834933487982055578e-01
6.837746501552501854e-01
6.844771269197881258e-01
6.847507729446006275e-01
6.852729916575697189e-01
6.858639426852852772e-01
6.860779070691799264e-01
6.865466193020733909e-01
6.874811689475238685e-01
6.876581828859449352e-01
6.880955166894274777e-01
6.887447692186253745e-01
6.890183890118380949e-01
6.896292774964112304e-01
6.900094038786831474e-01
6.906635769249628298e-01
6.910734525020546526e-01
6.916858481818246585e-01
6.918071383021866527e-01
6.922963484130113532e-01
6.928166304528465824e-01
6.934382999972521500e-01
6.941275203333751032e-01
6.943650219291321868e-01
6.950452505795891023e-01
6.954059595542341210e-01
6.958355907104061266e-01
6.964465978416640723e-01
6.967121210476598936e-01
6.972776291105698965e-01
6.976605848695801582e-01
6.981508680382821908e-01
6.985947828480846278e-01
6.991509551608262596e-01
6.995308809492182256e-01
7.001603195787444722e-01
7.006237822171337282e-01
7.011531669361852348e-01
7.017213447352319555e-01
7.018237296613690779e-01
7.025813828693300289e-01
7.029939678378690493e-01
7.034793789181005286e-01
7.036786432857122797e-01
7.044627418315729805e-01
7.048878898582061625e-01
7.051691847190419971e-01
7.055314298523448491e-01
7.062515802241788876e-01
7.065234366008493749e-01
7.071382046041791991e-01
7.072975559296982295e-01
7.077739110605074657e-01
7.081797291870322031e-01
7.088274518433320681e-01
7.092514374495695328e-01
7.099339039331805656e-01
7.102654515262379897e-01
7.107339724252839108e-01
7.112190220809633256e-01
7.114683972885826879e-01
7.121653017009044184e-01
7.122820617169566271e-01
7.127244930733676043e-01
7.132906617437886343e-01
7.139111254144939744e-01
7.142880999388068197e-01
7.146575687336340632e-01
7.150894350547964962e-01
7.155133116200456111e-01
7.158815866491948787e-01
7.164024583501106269e-01
7.167008840053276097e-01
7.171758955697200566e-01
7.176420834093660828e-01
7.179719082882668468e-01
7.182998884949314267e-01
7.188238750574510449e-01
7.192479278282116750e-01
7.197044408338032495e-01
7.200469403541953639e-01
7.205792489319392535e-01
7.211188696861944303e-01
7.215135863287654994e-01
7.219652420369909729e-01
7.224091047272507282e-01
7.227211173707235314e-01
7.231319688327966233e-01
7.236326577422519390e-01
7.242783837140612802e-01
7.243813552006429513e-01
7.251902993210150861e-01
7.253075582989572112e-01
7.257238901620087779e-01
7.263103862889824791e-01
7.267037052762116422e-01
7.270407362665683992e-01
7.273381735746055066e-01
7.278721326462503916e-01
7.280813706820843390e-01
7.287246174996223624e-01
7.290602901014787696e-01
7.294855525852412814e-01
7.299459124138523158e-01
7.301948485044007509e-01
7.306307655291920389e-01
7.311281448990678555e-01
7.314363194599241558e-01
7.319522452143332192e-01
7.324490153230135414e-01
7.328394298084393021e-01
7.330095718455779119e-01
7.333907897115601315e-01
7.338539752477553080e-01
7.341339421598216397e-01
7.346877557570504758e-01
7.350275617474987255e-01
7.355110622977493184e-01
7.359031119415234690e-01
7.363311481312706519e-01
7.365856571955027299e-01
7.371395000407092724e-01
7.375008473110951090e-01
7.378771246420693375e-01
7.381149692312635180e-01
7.384180141399039332e-01
7.389953346696479519e-01
7.392683014713932188e-01
7.397393479839748931e-01
7.401441754981525900e-01
7.404690814341049476e-01
7.408825641223404368e-01
7.413431647458148532e-01
7.415264103914971372e-01
7.419077373547077192e-01
7.423264400710091193e-01
7.428095937142535909e-01
7.431111476085514589e-01
7.434699978371612783e-01
7.439451694982051055e-01
7.444443154930339146e-01
7.445173763367247677e-01
7.449900319644671143e-01
7.453391097116950359e-01
7.456080356259852104e-01
7.460197512810284870e-01
7.462279042903461335e-01
7.467696131886287780e-01
7.473056843851593189e-01
7.476125525558195983e-01
7.479215629144501110e-01
7.483829428312592791e-01
7.484421670980688779e-01
7.490858270621215675e-01
7.494515225022359006e-01
7.497348692330655373e-01
7.499863543719337278e-01
7.505684002195159854e-01
7.507729013531172502e-01
7.510872820369050018e-01
7.515238324544141202e-01
7.517780615119359355e-01
7.521917210017788902e-01
7.526708664323911169e-01
7.528484548285718780e-01
7.532516917322960026e-01
7.535801105321741078e-01
7.540096056060068275e-01
7.541169711151474164e-01
7.547072386114350717e-01
7.547867608650458138e-01
7.552459058295294403e-01
7.555753640876007315e-01
7.559305676818243169e-01
7.562413987116076708e-01
7.567816656030877942e-01
7.570869976444539740e-01
7.573410962926003798e-01
7.578458427970989897e-01
7.582736232749316407e-01
7.584800830139498684e-01
7.586622514972024556e-01
7.591225866841323500e-01
7.594419211818623783e-01
7.596821732829553975e-01
7.600149237345190656e-01
7.604518583473195426e-01
7.608043308198527699e-01
7.610224663297122660e-01
7.612717851553906234e-01
7.616528796000039403e-01
7.620659440445457511e-01
7.625230528138677855e-01
7.627231691814206904e-01
7.631608668378077054e-01
7.633927030811819003e-01
7.638657852181636176e-01
7.640403983626480322e-01
7.642787300205479140e-01
7.647981542793215182e-01
7.651433731692107720e-01
7.651868072611131000e-01
7.656930923838074499e-01
7.660751419215785507e-01
7.660897565586823887e-01
7.667115017675750765e-01
7.669746553370885289e-01
7.671145626643023352e-01
7.676189666728491234e-01
7.678148221919802729e-01
7.682012529308892557e-01
7.683610933501947571e-01
7.687429871327543518e-01
7.690607392112456253e-01
7.694507089610453932e-01
7.696804755988047031e-01
7.699605244539516891e-01
7.704094066897559934e-01
7.703618264605528454e-01
7.709469893385836325e-01
7.710841746963160714e-01
7.714536192961807259e-01
7.718410394210870606e-01
7.721282455978000225e-01
7.722989091420459085e-01
7.726000659217915345e-01
7.729099097561316078e-01
7.734224531442288608e-01
7.734495851362300778e-01
7.739303781204711630e-01
7.743378993188727577e-01
7.745106396877889932e-01
7.748032433276196285e-01
7.752098258518066443e-01
7.753413434804653503e-01
7.756215179193240994e-01
7.759580729763088103e-01
7.764447324640388892e-01
7.763302989191531722e-01
7.769749098546242516e-01
7.771615348381701871e-01
7.774367384341799303e-01
7.779220929823328357e-01
7.780193272453221898e-01
7.783466971269161760e-01
7.786848993208687064e-01
7.790294546363289996e-01
7.790963829249285544e-01
7.795210164047335910e-01
7.797389996007316748e-01
7.800929430052413460e-01
7.802855441803286940e-01
7.806409147489112854e-01
7.809000099108857063e-01
7.813382432958786428e-01
7.815849127143843500e-01
7.817147213834797492e-01
7.820357711004110035e-01
7.823235522853179136e-01
7.825459324453951648e-01
7.828676492188634262e-01
7.833888989098362066e-01
7.833542270637725569e-01
7.837456577979539096e-01
7.840595691130580747e-01
7.843337360009143833e-01
7.846069217670765816e-01
7.848747749530358142e-01
7.851852807286471281e-01
7.854874525413049202e-01
7.856697672917317687e-01
7.860388145604698673e-01
7.862774536581383922e-01
7.864852300817503084e-01
7.868473726580524907e-01
7.871561944316181059e-01
7.873177854087913818e-01
7.875683372729693765e-01
7.879121291771256086e-01
7.882105224326234616e-01
7.886062350854596836e-01
7.886648213169324961e-01
7.889549103483319836e-01
7.893906409504416466e-01
7.896677652107966239e-01
7.899666481689686659e-01
7.901562854612236286e-01
7.903840234606575033e-01
7.907154903616216979e-01
7.908448392478167888e-01
7.911622341720265794e-01
7.912777059169396887e-01
7.917142050932965969e-01
7.918760595891789489e-01
7.921598689080019406e-01
7.924057008684577408e-01
7.927509663481994151e-01
7.929936208260111030e-01
7.934333458046800569e-01
7.933414362844142254e-01
7.938685641577758467e-01
7.941086370189212040e-01
7.944649292716906563e-01
7.945751302397957572e-01
7.948338797923476529e-01
7.950659542721445483e-01
7.952960454460832329e-01
7.957250165740216152e-01
7.958218189035253243e-01
7.963107158708904176e-01
7.963210615493929723e-01
7.967210774273292273e-01
7.969833867038573771e-01
7.973373872393364481e-01
7.973412328376200398e-01
7.978280810467945905e-01
7.981370051974345792e-01
7.983994670546289418e-01
7.984983014837271353e-01
7.987277832355189622e-01
7.990249891932542647e-01
7.992870462242160912e-01
7.994521214996704872e-01
7.998467756146229179e-01
8.000118294514595441e-01
8.003455426247788607e-01
8.005216682745668333e-01
8.008340572649658151e-01
8.009643887867851086e-01
8.010918776111475292e-01
8.018209300734133738e-01
8.018690596923977454e-01
8.020593844640567793e-01
8.024592423052787638e-01
8.026950116990694273e-01
8.029966725871182653e-01
8.033286862806210404e-01
8.032651738079897852e-01
8.036164702854766695e-01
8.038347380707518974e-01
8.041114790235696086e-01
8.045407696162197864e-01
8.046559148933044581e-01
