8.337394867547823218e-03
8.026078422520788180e-03
7.803488748598212850e-03
7.897842748360662038e-03
8.026265897701348462e-03
8.022716323960659562e-03
7.850645191106044030e-03
7.678893872868617666e-03
7.573633420685970188e-03
7.371446132326184980e-03
7.246681495581290891e-03
6.414586110694034567e-03
6.733754033444187305e-03
8.465667383899812617e-03
9.384438883437210693e-03
1.166068834148253040e-02
1.374430417834010369e-02
1.244035018664861429e-02
1.174293165204672723e-02
1.206678763925734567e-02
1.201776420673668702e-02
1.273721496336850667e-02
1.511011636203908083e-02
1.863255304723751907e-02
1.784769612379739218e-02
2.136125328294065373e-02
2.593222876394220278e-02
2.605160691067803097e-02
2.910783227774241949e-02
2.857613959536853265e-02
2.861366137032640700e-02
2.791735594656869629e-02
3.016280818463123667e-02
3.159174097689367716e-02
3.760232693619808969e-02
4.117720545834827051e-02
4.423631942343824591e-02
4.784011690699564029e-02
4.906441476068885976e-02
4.876400939320037209e-02
5.119491662713555186e-02
5.213283884871813129e-02
5.346396152204241359e-02
5.538938284192083950e-02
5.731132618991822969e-02
6.062249229069260198e-02
6.324921439170400062e-02
6.659412021778987611e-02
6.962931471046687748e-02
7.273487179947102366e-02
7.368586785698738595e-02
7.550455135057471123e-02
7.853182872650454893e-02
7.872852539097960345e-02
8.074194934668868506e-02
8.561029878434620044e-02
8.922523549878860760e-02
9.253055187480661858e-02
9.470615180249300491e-02
9.528611608619547146e-02
9.801014934659357802e-02
9.974202809622773058e-02
1.035819848137860127e-01
1.047590388275018436e-01
1.072472715254115111e-01
1.114008522661136397e-01
1.122981383739398153e-01
1.135741659857039398e-01
1.166012750475526605e-01
1.189764429006514163e-01
1.210826174119000731e-01
1.255168328743861417e-01
1.274571894860645482e-01
1.284334344031400066e-01
1.328551660354088115e-01
1.346503445719174630e-01
1.373734864965715785e-01
1.388889789409168685e-01
1.402620356696143433e-01
1.433389315795670360e-01
1.465291181990746872e-01
1.491662121250331430e-01
1.521639735329188836e-01
1.554716485014172589e-01
1.569953781424066885e-01
1.592769309395890565e-01
1.620173120272460909e-01
1.643282699003158209e-01
1.670157154248283204e-01
1.687891482659599485e-01
1.710147240277443692e-01
1.743254497203051423e-01
1.770877884241979228e-01
1.784482280728460768e-01
1.807440284467888847e-01
1.837711894571981697e-01
1.850986612895191563e-01
1.885507017400418761e-01
1.904534710734148428e-01
1.933696162059087287e-01
1.956551594531509841e-01
1.981505257030048150e-01
1.996807761182718965e-01
2.033269424987318164e-01
2.052687111707704182e-01
2.057791452926024389e-01
2.090481494646772020e-01
2.111763725021961469e-01
2.137829877975117587e-01
2.157652940243103556e-01
2.178817544755646540e-01
2.199510684506497393e-01
2.221098321505464712e-01
2.247960000568013095e-01
2.278533930271391950e-01
2.291423617481338215e-01
2.315028905567478312e-01
2.346606129836434074e-01
2.368812992915251547e-01
2.384952064324306342e-01
2.405015692388127735e-01
2.422974719498715568e-01
2.444435503029299961e-01
2.462060535773840098e-01
2.490990068700096594e-01
2.518070235181176231e-01
2.537080683699589057e-01
2.552113820940035693e-01
2.578163412459459902e-01
2.603974440046825656e-01
2.619577599796235057e-01
2.640132156046467449e-01
2.663463942920214489e-01
2.681920792815155608e-01
2.698117475164141243e-01
2.720577270018724181e-01
2.750008538236139999e-01
2.768360565359584413e-01
2.785761474487624678e-01
2.806035081557432531e-01
2.828791172265086029e-01
2.846454238085753263e-01
2.867603628725871046e-01
2.892598448588585835e-01
2.911009462712695339e-01
2.935844530691422150e-01
2.949582718500819989e-01
2.967210868570555049e-01
2.990812565303407333e-01
3.012750574555910221e-01
3.021569342106659173e-01
3.042116659246951182e-01
3.065675313155135084e-01
3.087012207802132258e-01
3.103859208570918793e-01
3.124757465162093517e-01
3.135605932069444046e-01
3.157145248342584920e-01
3.190647036799533209e-01
3.204182266066178397e-01
3.225645215777239172e-01
3.240406021733217568e-01
3.255830346644253970e-01
3.273210615939972645e-01
3.290339267016901825e-01
3.317633192378071638e-01
3.338165062412790096e-01
3.353252510838828915e-01
3.366359695139786168e-01
3.388725888734148706e-01
3.410679798057454359e-01
3.431757866009819691e-01
3.452028790512355338e-01
3.467660707960159017e-01
3.484527527078309372e-01
3.502416093415323672e-01
3.519444074636057795e-01
3.534771448524672843e-01
3.550363182640557391e-01
3.568304431305727165e-01
3.578682786042376440e-01
3.596685734889929487e-01
3.624174413970595587e-01
3.638026468501521227e-01
3.652895590792706870e-01
3.669045254367321873e-01
3.689352474298016049e-01
3.704925145687013588e-01
3.725490219957723337e-01
3.734504285819872371e-01
3.756776002557349337e-01
3.773704229874602079e-01
3.789915829090994559e-01
3.808808693438991422e-01
3.822349003996234340e-01
3.840883734419349160e-01
3.855695380108130066e-01
3.870255708306696851e-01
3.893155180329467280e-01
3.905538464002898391e-01
3.922778702000455087e-01
3.935075230561063120e-01
3.949282855001430281e-01
3.967498309089383390e-01
3.982567773503608022e-01
3.997323473340378408e-01
4.022042405180419333e-01
4.032971452341114205e-01
4.045594105811819996e-01
4.060659122443308622e-01
4.076972068639250768e-01
4.089123261478468385e-01
4.105586677915941118e-01
4.124522367485657370e-01
4.136703917725625401e-01
4.152528214929714911e-01
4.168263127795004408e-01
4.185719301698332950e-01
4.200260190211502209e-01
4.212724077561252889e-01
4.227759442057029693e-01
4.244705424725901954e-01
4.253235968395508437e-01
4.269675558996856579e-01
4.292427322368276288e-01
4.298429825703629081e-01
4.319747353058823180e-01
4.330128673931646910e-01
4.347937887729597661e-01
4.363101798475080284e-01
4.368845447782525593e-01
4.384801934757265318e-01
4.398418918129616828e-01
4.418517314767332338e-01
4.432408084530814474e-01
4.438113180757042864e-01
4.454124953241740958e-01
4.470532255943273081e-01
4.486518810807739732e-01
4.502605633163635490e-01
4.508387580760526703e-01
4.525134659955710736e-01
4.538091913682478773e-01
4.550162963418910023e-01
4.564144174700957013e-01
4.577496707923189856e-01
4.592278435792981339e-01
4.604895037414037384e-01
4.618866122604560198e-01
4.633157811202576748e-01
4.643807026946811245e-01
4.656415053719342168e-01
4.668492589634824497e-01
4.682957741532789431e-01
4.695743163689803379e-01
4.710121378679875681e-01
4.723203528077448698e-01
4.737756737382262107e-01
4.745790453980683887e-01
4.756203575432814135e-01
4.772685061830085895e-01
4.783048949710941300e-01
4.800949068484011151e-01
4.811361747274400802e-01
4.818460636167028466e-01
4.831000865648558129e-01
4.844633143771766570e-01
4.859532292627637418e-01
4.868873452066353469e-01
4.877821332111284547e-01
4.896550317660372520e-01
4.906407271276511106e-01
4.920396212669060354e-01
4.930345492093167192e-01
4.935389200691167599e-01
4.954414768675700076e-01
4.967060593050927619e-01
4.977656325044362839e-01
4.989699333583307306e-01
5.000926091691195730e-01
5.010115072592041807e-01
5.023229520761557376e-01
5.041586893497457256e-01
5.042986684857740931e-01
5.057426214880552662e-01
5.067821125929462545e-01
5.078606188531761267e-01
5.092558771938001660e-01
5.104077639335794503e-01
5.116670088581619646e-01
5.121516837945960798e-01
5.134398731341631716e-01
5.145663427939193291e-01
5.159563068767537564e-01
5.166502141404115678e-01
5.182132103983038141e-01
5.190865576925123293e-01
5.207541899904368776e-01
5.212717028114810525e-01
5.222314575299159545e-01
5.238662306290380322e-01
5.248001237825353771e-01
5.258013859738802642e-01
5.267662148690136492e-01
5.277706387346637884e-01
5.286427885165645435e-01
5.297412106335949167e-01
5.302293123915187145e-01
5.316191383227866218e-01
5.326590081721331860e-01
5.337548041731375870e-01
5.348619302050857671e-01
5.359843092294233058e-01
5.370451255850136052e-01
5.374007260822548648e-01
5.388699937586324262e-01
5.401140742430829977e-01
5.408868902798794620e-01
5.420089827295846430e-01
5.430503476779394711e-01
5.435692695837868182e-01
5.451397991477939797e-01
5.459700189542761040e-01
5.469190645043202625e-01
5.478851534770603493e-01
5.487043156951795231e-01
5.501109308629426042e-01
5.509086812854239179e-01
5.517342943738962058e-01
5.527537048912720685e-01
5.538753141919015022e-01
5.544974125987754965e-01
5.555426345677697553e-01
5.565418721570953853e-01
5.575766286808221395e-01
5.581194610114668109e-01
5.591483033695338056e-01
5.602543715321649520e-01
5.612861605318276714e-01
5.620690171396186541e-01
5.631255283505091080e-01
5.641955051317147918e-01
5.649562645180049580e-01
5.654583805045794165e-01
5.665766870638937469e-01
5.677711788109214286e-01
5.686244255642997070e-01
5.699270223105696864e-01
5.704457736831484160e-01
5.713954658327531355e-01
5.723086688382769127e-01
5.729330919439280523e-01
5.735636038647285995e-01
5.746407794406668268e-01
5.754069974068000137e-01
5.760790490581201295e-01
5.771885575191837425e-01
5.780464349915337419e-01
5.790542301244571144e-01
5.796062713117993148e-01
5.803177713009772809e-01
5.812517127564479358e-01
5.823025173449103420e-01
5.831203507754494364e-01
5.843325153530597449e-01
5.847921122769038638e-01
5.858423352015328378e-01
5.862689493843192823e-01
5.872994365853195786e-01
5.878103876177754872e-01
5.891519475348391266e-01
5.897655917944627513e-01
5.908145255662087258e-01
5.912807337641673433e-01
5.919964506258013071e-01
5.929007017726278805e-01
5.935315329888694036e-01
5.944442825712856759e-01
5.952281008632007708e-01
5.957977480327038000e-01
5.966966191609178738e-01
5.976645664229894850e-01
5.983907832025523454e-01
5.990783417201830385e-01
5.996703515155749065e-01
6.006085464870029034e-01
6.011383653463603371e-01
6.022511657848731437e-01
6.027101547580195895e-01
6.038007399697963296e-01
6.046737149248251342e-01
6.056640748502321037e-01
6.058330528073762045e-01
6.065642393420562772e-01
6.075151512860462732e-01
6.078743355156549510e-01
6.091720756716447749e-01
6.098892685104156941e-01
6.104848588982815238e-01
6.109386022323555210e-01
6.120278512116590353e-01
6.124990080383880819e-01
6.132158734222188379e-01
6.142575552667036698e-01
6.147663763677593263e-01
6.157515088597249608e-01
6.162720096665761371e-01
6.171503876768771324e-01
6.176974334892163521e-01
6.184125074010514700e-01
6.191935378000881229e-01
6.197802344620363391e-01
6.202672269252795800e-01
6.212143089549112540e-01
6.214020285450532199e-01
6.222409879197801086e-01
6.231445423273209716e-01
6.237666658717609947e-01
6.245337058127786722e-01
6.252455407477419680e-01
6.259419721135611736e-01
6.267271982601736457e-01
6.273052070200353381e-01
6.278969935429153937e-01
6.286540267453093467e-01
6.294814860382481614e-01
6.298532537706840184e-01
6.305650684709198650e-01
6.313054187349627089e-01
6.317613954139238430e-01
6.327406019901363754e-01
6.333259482791607775e-01
6.338840001775222222e-01
6.344694259341642217e-01
6.351852222561323869e-01
6.359441481400672780e-01
6.365411593675180946e-01
6.373119865143339613e-01
6.377332709262780730e-01
6.384282593702060860e-01
6.391997224623965357e-01
6.397447674202370038e-01
6.401777599462065149e-01
6.407091125747428340e-01
6.413930046218587755e-01
6.419649934479494391e-01
6.430896109388537507e-01
6.433178382331639078e-01
6.438763369684944449e-01
6.444003193542258145e-01
6.451318409168435020e-01
6.457406663829682314e-01
6.463926198108765897e-01
6.469818540332308299e-01
6.479355706926193115e-01
6.483306515615280263e-01
6.486912734387487722e-01
6.493181555770100033e-01
6.500986207566892272e-01
6.505884928765430786e-01
6.514197880382700534e-01
6.518275747718825786e-01
6.522687265535391798e-01
6.530286029557109684e-01
6.536346793660204879e-01
6.539355904425785404e-01
6.543199949508773372e-01
6.551804241141268026e-01
6.554836125828876758e-01
6.563709620099065223e-01
6.571287032980034359e-01
6.575736229590163351e-01
6.578847315695758313e-01
6.588048965389126099e-01
6.593489384577612133e-01
6.598683350387396507e-01
6.603914383591791282e-01
6.610974789909821459e-01
6.615932300551841116e-01
6.623117046976875200e-01
6.627946977426478758e-01
6.631101377596364532e-01
6.639387491510093664e-01
6.643384416372981605e-01
6.648391619230633598e-01
6.656198109986247724e-01
6.660564708892151575e-01
6.667429210835256193e-01
6.667904419828265539e-01
6.674244680606109537e-01
6.682492728683263605e-01
6.688261367661125778e-01
6.689672596563944751e-01
6.697183121426130148e-01
6.702001552917207228e-01
6.707426932729328994e-01
6.712655383489020133e-01
6.716226839445867958e-01
6.723866465147336768e-01
6.726942534175333055e-01
6.732899485128694961e-01
6.739004507768882046e-01
6.746042564426184551e-01
6.749377148793367365e-01
6.754708481162440270e-01
6.759194878803608253e-01
6.764407971837290701e-01
6.770035351571863647e-01
6.775375239231778979e-01
6.783625521108177514e-01
6.785425846292220120e-01
6.790579977299511238e-01
6.794518838366728763e-01
6.802380787545179164e-01
6.808153148931016529e-01
6.809811235256575390e-01
6.814717146029907191e-01
6.821657690827365172e-01
6.822401788895650077e-01
6.831916842418433999e-01
6.836498918323323792e-01
6.841835456380799263e-01
6.847148879164817181e-01
6.851401858409004175e-01
6.853293317020440201e-01
6.862768812514624672e-01
6.864901489627096565e-01
6.870211661970969663e-01
6.875757770445075634e-01
6.880131903673911697e-01
6.887887563193975105e-01
6.890392437167132123e-01
6.897774938606986428e-01
6.899886492515286962e-01
6.902952729033980939e-01
6.909003778476525692e-01
6.915297363596135671e-01
6.919625318412030435e-01
6.920431742900200467e-01
6.930439672477602953e-01
6.934541415138835152e-01
6.937821299102649997e-01
6.941975280545378268e-01
6.948640223796971327e-01
6.949345093407448548e-01
6.954257226392672742e-01
6.960134020073428518e-01
6.964728377129119075e-01
6.969116496688948503e-01
6.976065281170897858e-01
6.979085499461343822e-01
6.982729177925132147e-01
6.987710032325685772e-01
6.991556240942545797e-01
6.993904341937894342e-01
7.000492053723001984e-01
7.007367926145664505e-01
7.009227686115169220e-01
7.014543768195413698e-01
7.019011343487083776e-01
7.024287463306359003e-01
7.029985482035528976e-01
7.029954197195584786e-01
7.037201145133420432e-01
7.043384400647343391e-01
7.045528129072795576e-01
7.050198139648908846e-01
7.054712623127880056e-01
7.057185652292317091e-01
7.065103556475488267e-01
7.066995039384081911e-01
7.072082445507090753e-01
7.076439737711401889e-01
7.080340790622924318e-01
7.084627396613634165e-01
7.086894468510809286e-01
7.093856351198268850e-01
7.096783211502684097e-01
7.103546489185981194e-01
7.105532838933354967e-01
7.110307595061441388e-01
7.114299501835334993e-01
7.117461385660984741e-01
7.124811710130443121e-01
7.125593407222059472e-01
7.133161765467456172e-01
7.136220132180346454e-01
7.140676534898660055e-01
7.144540564606909339e-01
7.146319443390697357e-01
7.153691389514762466e-01
7.157301327599040475e-01
7.160659804735611811e-01
7.164799161298012198e-01
7.170957258515838761e-01
7.170642456970793832e-01
7.176636692781295235e-01
7.179802645528663430e-01
7.185569135776377347e-01
7.188993410118452720e-01
7.196109753908978002e-01
7.197970000240965227e-01
7.201187415295210448e-01
7.208164971862270898e-01
7.208141962668068725e-01
7.215033387106057905e-01
7.217402113162626476e-01
7.220284433072164942e-01
7.223775914700337752e-01
7.228109272334706237e-01
7.231076224059705959e-01
7.236535586320617108e-01
7.242106721404384384e-01
7.246449695588589313e-01
7.247980903800717023e-01
7.253810867395674711e-01
7.256994559829256231e-01
7.259110348033694926e-01
7.264579095151499910e-01
7.271230574040399297e-01
7.270566292941299524e-01
7.277049837446594172e-01
7.278129747154372664e-01
7.285550403488616489e-01
7.288518365739539151e-01
7.289901580597921704e-01
7.292691653611582669e-01
7.300397129281148700e-01
7.302184269331712940e-01
7.305838780222029261e-01
7.310503572359823288e-01
7.313528332996357406e-01
7.318965099493054405e-01
7.320599475399491851e-01
7.324699508843910412e-01
7.330719068298928720e-01
7.332232548769169744e-01
7.334746092529956796e-01
7.340453019320730688e-01
7.343368927757396580e-01
7.347889043405926301e-01
7.352412842752198419e-01
7.355062652576286331e-01
7.355055424426268917e-01
7.362272634908711977e-01
7.366519447129392661e-01
7.369999950444552361e-01
7.374549982421482186e-01
7.374967682405021430e-01
7.381136951376380262e-01
7.386006835036107443e-01
7.387526569953805078e-01
7.391131600187147432e-01
7.393116556389736083e-01
7.395940938531214703e-01
7.402296071885455797e-01
7.406221125667385996e-01
7.408110424445023545e-01
7.411358867197269662e-01
7.414956720520755606e-01
7.419054289035367233e-01
7.422134577725612026e-01
7.424722919201733884e-01
7.429775842611731074e-01
7.434270379627974101e-01
7.436530508031177211e-01
7.439725644464221244e-01
7.445157795491345043e-01
7.446743933912403079e-01
7.452945987564809638e-01
7.455510740076356502e-01
7.457842483425808355e-01
7.462442046627438819e-01
7.466098528820953595e-01
7.468280759954259995e-01
7.471240964178117450e-01
7.475185789844067674e-01
7.478511662029667661e-01
7.482777598668631791e-01
7.488133060897594895e-01
7.487886490535865525e-01
7.493278234436330232e-01
7.496626573875182498e-01
7.500028609904549892e-01
7.500862015174699637e-01
7.503274019100243386e-01
7.509786779741313145e-01
7.512525644176024642e-01
7.514405295590478318e-01
7.518905944309838274e-01
7.525080962933280437e-01
7.524794889401874576e-01
7.528059346604105695e-01
7.531468033365547043e-01
7.534714139310709768e-01
7.539030663260476439e-01
7.545659478406221421e-01
7.545013959625747058e-01
7.548350422116094638e-01
7.552621053175676558e-01
7.554615824371758714e-01
7.558983602374419464e-01
7.563286130547798303e-01
7.562925921334553436e-01
7.568187620680315586e-01
7.569671663760157987e-01
7.574436714191147280e-01
7.576527935583796669e-01
7.581194524750598518e-01
7.582952959722397690e-01
7.585343590756197241e-01
7.590615631378880845e-01
7.592160547933132220e-01
7.597577833630098088e-01
7.597985366822779252e-01
7.602706513109833697e-01
7.606383484209148227e-01
7.608717540774175836e-01
7.611697189812386410e-01
7.614740472155978601e-01
7.621965463333087998e-01
7.620893243876051271e-01
7.624865909452970270e-01
7.627086675893870460e-01
7.630663212253772087e-01
7.633086598881944074e-01
7.635931745544820570e-01
7.640656476985049350e-01
7.641698740316645866e-01
7.644679234516635891e-01
7.646421262930457319e-01
7.650088478463982211e-01
7.654607248454503576e-01
7.658050028951847166e-01
7.660602566243855938e-01
7.662542421772029488e-01
7.665113788090799352e-01
7.670173063179255291e-01
7.673424856545465467e-01
7.672724502374701494e-01
7.676648951271897170e-01
7.678570428058543174e-01
7.683666075103496862e-01
7.684971444779844507e-01
7.689259619289871006e-01
7.694053819275354922e-01
7.695402765754860708e-01
7.696968729812438959e-01
7.701243620874251850e-01
7.702501698535999530e-01
7.707913280026226222e-01
7.709634146714243741e-01
7.711218406021174143e-01
7.716684797013800834e-01
7.718826106492001626e-01
7.722614731202248617e-01
7.725496929988513450e-01
7.728093736111897316e-01
7.728123887042742668e-01
7.732623596988885684e-01
7.733414523592848644e-01
7.738454426491991889e-01
7.739886523330603563e-01
7.744120353529408973e-01
7.748889878720052193e-01
7.748156432493924495e-01
7.752228199389178398e-01
7.756313977306470431e-01
7.759073092912284197e-01
7.761227435838459199e-01
7.763791239588846427e-01
7.764422873263826519e-01
7.769353252773416596e-01
7.771636579528649058e-01
7.775317198127241758e-01
7.776834480778550551e-01
7.782010194555426530e-01
7.784497956317315559e-01
7.785038055978890092e-01
7.789976057103464857e-01
7.792068887705374536e-01
7.794860887708171537e-01
7.794643747198242156e-01
7.800182946456603039e-01
7.803563936089897846e-01
7.804644126004848248e-01
7.808343991280767282e-01
7.811369270172788815e-01
7.812919537966748207e-01
7.815044866791795997e-01
7.817178740258324821e-01
7.821033277986573218e-01
7.822920575064690185e-01
7.826827390027619735e-01
7.830891950332558027e-01
7.832063050393867076e-01
7.833404491902671296e-01
7.835845576440138016e-01
7.837166256527292596e-01
7.840975675586132621e-01
7.843820709276443370e-01
7.845040549816429953e-01
7.849111898370337848e-01
7.853567244196457686e-01
7.853935413802904941e-01
7.858373590539483589e-01
7.860373361353716337e-01
7.860155195302067632e-01
7.863533447817492306e-01
7.867352261328858232e-01
7.871077773815787770e-01
7.872236642129446516e-01
7.875788131334074960e-01
7.876999766202821274e-01
7.880003433452028583e-01
7.883205280634665302e-01
7.884128418299218843e-01
7.887044841744754731e-01
7.889544287598151406e-01
7.893996068687090251e-01
7.892515853376211865e-01
7.899445145439085714e-01
7.900679725261867681e-01
7.903609979714949496e-01
7.906640952270050926e-01
7.906800955489751148e-01
7.909004210898643583e-01
7.912596338654352968e-01
7.917062346809556894e-01
7.916284044392412067e-01
7.917274904744837638e-01
7.921419547119632476e-01
7.924239357378146664e-01
7.926103306846173924e-01
7.928973398892602553e-01
7.930842218437260671e-01
7.936274309545002792e-01
7.937109040899834600e-01
7.939554425329043985e-01
7.939310661074904241e-01
7.942158465917498189e-01
7.944648318199072357e-01
7.947993249064037036e-01
7.948311593070960246e-01
7.953443219817374343e-01
7.953694183803916573e-01
7.956975717938290504e-01
7.961440480545318721e-01
7.961091806452871289e-01
7.965689617443214576e-01
7.965438883245841151e-01
7.968357889917944137e-01
7.972604782184010697e-01
7.973346417410202003e-01
7.976022285132003953e-01
7.978885671873728880e-01
7.982154693396410483e-01
7.981367645620057738e-01
7.985287955775164370e-01
7.988027668184852770e-01
7.991094271037910701e-01
7.993482115531174159e-01
7.995102741791423329e-01
7.996099099294623480e-01
7.997653453148204639e-01
8.002131321307753842e-01
8.004589722394034323e-01
8.006649595106108963e-01
8.009245116043366419e-01
8.012192995847597921e-01
8.012788995338433473e-01
8.014021448436242645e-01
8.016075657276777733e-01
8.019995872637047940e-01
8.022643215844884601e-01
8.023867524167270782e-01
8.026507691353869101e-01
8.026325461075601853e-01
8.030509324059120768e-01
8.033402817514128103e-01
8.034553132061058589e-01
8.039429461400845467e-01
8.038413915481399385e-01
8.042173707973677699e-01
8.044090334964825173e-01
8.046269364875529018e-01
8.047863226981550877e-01
8.050173819755354065e-01
8.052597035804732739e-01
8.054008646383842285e-01
8.058257468937002344e-01
8.059037060350863202e-01
8.060837890225109881e-01
8.062812427610404065e-01
8.065423749227424999e-01
8.066363439413162251e-01
8.069855392224749568e-01
8.071619727639220976e-01
8.073484751944267623e-01
8.075278831202820085e-01
8.079121179682309251e-01
8.082616002277771550e-01
8.080862918664848404e-01
8.084278838941985068e-01
8.085550203022200400e-01
8.087761096771021174e-01
8.091590686705988356e-01
8.091996426486460781e-01
8.095849095454239475e-01
8.097557258932275293e-01
8.099462083475572616e-01
8.100986584877528651e-01
8.102308798229427289e-01
8.106506260739593239e-01
8.105337001946745223e-01
8.112012046747167915e-01
8.110972493296322305e-01
8.113603976552177244e-01
8.115118963601420932e-01
8.115730261070960294e-01
8.118482852400309424e-01
8.121207648949111402e-01
8.123680756315485585e-01
8.128727429309017261e-01
8.129234264481326466e-01
8.129787661255299946e-01
8.131646155062648429e-01
8.133665805356810052e-01
8.135036112548900133e-01
8.137120646958793113e-01
8.140782269003017380e-01
8.141878197203294976e-01
8.144519325835988255e-01
8.146273383589885952e-01
8.149448377571139046e-01
8.150450952020804607e-01
8.153502486168151542e-01
8.153376208990533724e-01
8.155113855072169127e-01
8.157560570879206496e-01
8.159502537875400474e-01
8.161916893107356019e-01
8.163883084328190654e-01
8.166705113747719791e-01
8.169023140823818974e-01
8.170815768827784931e-01
8.171428749981489714e-01
8.172842001907332232e-01
8.173730744996238196e-01
8.177085167117378317e-01
8.178182770250392863e-01
8.182244122797546204e-01
8.183393207197887653e-01
8.185285543494952298e-01
8.185350668052164824e-01
8.189708236184973789e-01
8.190145211614833221e-01
8.193653554527995375e-01
8.195047270687626506e-01
8.196335640808282141e-01
8.197992614876871142e-01
8.200985927662053365e-01
8.204397828187716124e-01
8.204887644496879906e-01
8.207465125576993703e-01
8.207405608761588756e-01
8.210597305473926744e-01
8.212884914870324238e-01
8.212976765288236836e-01
8.215574879716104340e-01
8.218094202734826936e-01
8.219623673585384482e-01
8.221823703900795755e-01
8.222403803279685341e-01
8.224904638011238944e-01
8.225112325853488615e-01
8.229696406435516032e-01
8.229240948908763675e-01
8.231839992170287834e-01
8.234085201622772798e-01
8.236383787049593730e-01
8.237584550399855710e-01
8.240495482496434931e-01
8.239652371321948277e-01
8.242984184640675949e-01
8.243899257361161359e-01
8.247152849579717504e-01
8.248722391375629126e-01
8.250065946751948820e-01
8.253994771300322553e-01
8.254371020979823781e-01
8.255281358023707217e-01
8.257526323644209798e-01
8.258720858438702850e-01
8.261318927150316238e-01
8.263000532017712452e-01
8.264432559507497444e-01
8.265157437981005550e-01
8.267808881057723269e-01
8.270717203800188599e-01
8.270419929648248347e-01
8.273592811369607780e-01
8.275588739863379839e-01
8.275591185945514461e-01
8.277689836073761631e-01
8.281583241183783084e-01
8.282399451736158769e-01
8.282990422602866110e-01
8.286515074067755116e-01
8.288135970215445569e-01
8.292162848946027509e-01
8.291276789289752092e-01
8.293168904975358746e-01
8.296904978380390538e-01
8.298471038604131600e-01
8.298161385324983597e-01
8.300483994891137973e-01
8.302252817074876612e-01
8.304035293526113026e-01
8.305315685753137389e-01
8.307826715506376747e-01
8.309553493917718470e-01
8.310830974122623838e-01
8.311329669586675628e-01
