1.293961290156354568e-02
1.247729262156368861e-02
1.213621606707337292e-02
1.201505198955889545e-02
1.187479714586696898e-02
1.173301961266404007e-02
1.136785259455981578e-02
1.106842484952925108e-02
1.100005442610126928e-02
1.073969856650718036e-02
1.060934486126847640e-02
9.337120546199798032e-03
9.747296609534144424e-03
1.220541072475473700e-02
1.345150632292498906e-02
1.665202526977392627e-02
1.960256160694616792e-02
1.790954263204063562e-02
1.693022070755977049e-02
1.734396647933534111e-02
1.737534231772565330e-02
1.816638887115943485e-02
2.161151804152522740e-02
2.604637722761054056e-02
2.529866677707668515e-02
3.008612115290107067e-02
3.601170187304121584e-02
3.668453748625599697e-02
4.061372601254900627e-02
3.963442721067220870e-02
3.992879954038171253e-02
3.977804279173982605e-02
4.268584627080763277e-02
4.418037913049702170e-02
5.129092870978491092e-02
5.623946154378201001e-02
6.075773718251906846e-02
6.505578633775233044e-02
6.650312056670855398e-02
6.656381366019603618e-02
6.948947984704247072e-02
7.092574911298686613e-02
7.290361967206326899e-02
7.552745384915834914e-02
7.836017633728137310e-02
8.292149079758281971e-02
8.654956871299457344e-02
9.028625236069114102e-02
9.341811147788976755e-02
9.775154589919970993e-02
9.936052836684415579e-02
1.011110419597909399e-01
1.047786630121700369e-01
1.051986124914798676e-01
1.084298396140822573e-01
1.140034326758327804e-01
1.183410566950903881e-01
1.220494256288692375e-01
1.250346251436685319e-01
1.265367248392219590e-01
1.299494204823448962e-01
1.321322970639789707e-01
1.371595840397644150e-01
1.379791229903141736e-01
1.419398542787462802e-01
1.458591958527609422e-01
1.471221302811235587e-01
1.501639971551370634e-01
1.535524477989333725e-01
1.559649775033151720e-01
1.581921044426381762e-01
1.633761026752954815e-01
1.661840278402891558e-01
1.670645764091323593e-01
1.724354747302282442e-01
1.746469356941262041e-01
1.778415008488081483e-01
1.796546998193986611e-01
1.823171129281765390e-01
1.849445532396170877e-01
1.885742114872926978e-01
1.913492518054448477e-01
1.945057647888384644e-01
1.981426146052613357e-01
2.010989191836643208e-01
2.045137861476008789e-01
2.071667692186468790e-01
2.096435653508399444e-01
2.123357271642090649e-01
2.149438224300020406e-01
2.180415270060236665e-01
2.215661745045482411e-01
2.245448003966690753e-01
2.266149935420593564e-01
2.292031486325120659e-01
2.316197726770573007e-01
2.337228750487923556e-01
2.370586757722789872e-01
2.396015933531235043e-01
2.432916781468061618e-01
2.474298303417389600e-01
2.487618450276971038e-01
2.514558230296405350e-01
2.544714695866945875e-01
2.571993929313782790e-01
2.581537844282287275e-01
2.611332075811069187e-01
2.647002266182338359e-01
2.676425916792204429e-01
2.701572373342122635e-01
2.715675581163100594e-01
2.740548789671148344e-01
2.766802840397444840e-01
2.796268091219505925e-01
2.822134129843459904e-01
2.845830239604319467e-01
2.879781268064259825e-01
2.903225054163059426e-01
2.924024372442592390e-01
2.946800892959117180e-01
2.968189615701938289e-01
2.993443070363321912e-01
3.028716045131095158e-01
3.045062396585221376e-01
3.067349335780242270e-01
3.094935698709139205e-01
3.116191982324246212e-01
3.138034932944289146e-01
3.167185832304195148e-01
3.188406537578036826e-01
3.216237344511410079e-01
3.237199359440034452e-01
3.252735363787070400e-01
3.280140429362907173e-01
3.300961397538088593e-01
3.326291013437407962e-01
3.345675618023770670e-01
3.370075262526632809e-01
3.390465103647243850e-01
3.415536137994583110e-01
3.437023143722068297e-01
3.458160946685097659e-01
3.482536823398683090e-01
3.507690836941763646e-01
3.525291412500110022e-01
3.551035256120650963e-01
3.569009154537071127e-01
3.584523907519076014e-01
3.609028876043660627e-01
3.629042271202053138e-01
3.646205128147315677e-01
3.667377082703059954e-01
3.693244970418729234e-01
3.715892380113338112e-01
3.731398283251883274e-01
3.749652967710534468e-01
3.768606435792329901e-01
3.790526705113456685e-01
3.820218701418203744e-01
3.836301686427326940e-01
3.856456728820317759e-01
3.876359275469720700e-01
3.889859395330191871e-01
3.905931798439944980e-01
3.923441346155386311e-01
3.944100642658787126e-01
3.970760614982845049e-01
3.992184102189886286e-01
4.013845820276443765e-01
4.029587164937269428e-01
4.045759621749516755e-01
4.058414376679781443e-01
4.084004874009725672e-01
4.101763771598560537e-01
4.120051084424723453e-01
4.139784403055212225e-01
4.154567336144740497e-01
4.175277525626117647e-01
4.195328350891873170e-01
4.215483547464127234e-01
4.232643400900277242e-01
4.244926095315363912e-01
4.263659327959327672e-01
4.282889557390299751e-01
4.301024388650687702e-01
4.317723745955638903e-01
4.332567576272400300e-01
4.348635583526822002e-01
4.368931604251827805e-01
4.380174633362842740e-01
4.402289443185669615e-01
4.420859645715763953e-01
4.431907581831378007e-01
4.454024692265099450e-01
4.469964960055644032e-01
4.480959746170147806e-01
4.503748241532338770e-01
4.513321705507633008e-01
4.534352390153102985e-01
4.543779842021910542e-01
4.563609923323019846e-01
4.581039294308894005e-01
4.592423409725976402e-01
4.612115252067336968e-01
4.627467864613197257e-01
4.643105117222603995e-01
4.666420761203682321e-01
4.683133551456657995e-01
4.691690461763327047e-01
4.708388864193461254e-01
4.722947870280552185e-01
4.735761426320417855e-01
4.752853051606090173e-01
4.763509049883588031e-01
4.780560775501476733e-01
4.798982951041683154e-01
4.813187941060172448e-01
4.826291581854704194e-01
4.842033929869638542e-01
4.852194183777974179e-01
4.861877221786706782e-01
4.882256960612499919e-01
4.897896788271606794e-01
4.908385185683264984e-01
4.920230683087848944e-01
4.932957847190478917e-01
4.943022639276237751e-01
4.959162388345819683e-01
4.979791983474053385e-01
4.994979761052598111e-01
5.010500501394880013e-01
5.021271230854327250e-01
5.034260858282095796e-01
5.045798710455976499e-01
5.060444011346664217e-01
5.073381237595594451e-01
5.083134856340930652e-01
5.101174653369887624e-01
5.116125795346494476e-01
5.128582229331060116e-01
5.136141699361701507e-01
5.154985811073222735e-01
5.168426623154260824e-01
5.177912488546905223e-01
5.188137024109942264e-01
5.199575441871130410e-01
5.215470884979245270e-01
5.227167102194139048e-01
5.240860712951169731e-01
5.253304362558745000e-01
5.264767158102879874e-01
5.278962395984582168e-01
5.292902060795531272e-01
5.304262452366785840e-01
5.311687143217843632e-01
5.329832557849147889e-01
5.340072250877438975e-01
5.350082328270751031e-01
5.358232631785397881e-01
5.374575634630154308e-01
5.384101731322226136e-01
5.395052242012586818e-01
5.407705080603461001e-01
5.424062196707111205e-01
5.430117381976355961e-01
5.439449331662419285e-01
5.454403387620614385e-01
5.461278847383771451e-01
5.472951973701616346e-01
5.489296984116649458e-01
5.497292632323638184e-01
5.509011082438872720e-01
5.517995132145955273e-01
5.531100824962696949e-01
5.544039680440928652e-01
5.553580316032187270e-01
5.560251572080410210e-01
5.574665792391337860e-01
5.583462993076309111e-01
5.593011213664532688e-01
5.607757947836996548e-01
5.612448503646623177e-01
5.625949845371602809e-01
5.637605278817230392e-01
5.644547353694114866e-01
5.656836314632094354e-01
5.668710327145686234e-01
5.680019659391347675e-01
5.686969373170162045e-01
5.700000255776449531e-01
5.708645533802616523e-01
5.721776821095891918e-01
5.729401798889748321e-01
5.743222232033700081e-01
5.748716567037743808e-01
5.757571420486268243e-01
5.765811261886419903e-01
5.778205521795731769e-01
5.790013751482215865e-01
5.794856451530725483e-01
5.808162172538104961e-01
5.818546977560847822e-01
5.822943647312769366e-01
5.837823858358265339e-01
5.841798272833007566e-01
5.854165943556889351e-01
5.865516498290186398e-01
5.872603941294175511e-01
5.882560316199372252e-01
5.890433402865569157e-01
5.902315175395327351e-01
5.909690271815631890e-01
5.920525368497964180e-01
5.927871846637784436e-01
5.935617462761223484e-01
5.943784286671685013e-01
5.953630584657604308e-01
5.963732513955591896e-01
5.972270625861869631e-01
5.979340788433116227e-01
5.988653860826236297e-01
5.998856844933989629e-01
6.005842479102135867e-01
6.018084797567869737e-01
6.022820667906487735e-01
6.030073195229449512e-01
6.041129120132922026e-01
6.046158015015464793e-01
6.059489684237575613e-01
6.069350214431188384e-01
6.075499976474794117e-01
6.084617248936858847e-01
6.091478561867902375e-01
6.099158205079077133e-01
6.105549722484482356e-01
6.117790387977529720e-01
6.127588549266796969e-01
6.133889779869083902e-01
6.139835409076711548e-01
6.148029931449909835e-01
6.156228978430621224e-01
6.163808110608886004e-01
6.171951000954558619e-01
6.177761569049504686e-01
6.186172739870930970e-01
6.197381134698296545e-01
6.203679427794083212e-01
6.208670224634101897e-01
6.220919263880486660e-01
6.227265219688965514e-01
6.233105678053907361e-01
6.243423136062794532e-01
6.248673818166874394e-01
6.256135011691188463e-01
6.267210922648076554e-01
6.273154710129544842e-01
6.276312286762233406e-01
6.287073065567106989e-01
6.289973571619623671e-01
6.301498005203315378e-01
6.308806653487930571e-01
6.315099720061123634e-01
6.321570784255858833e-01
6.332273549707171378e-01
6.338568355061954263e-01
6.344158505908429335e-01
6.350684101639558765e-01
6.356187555661323429e-01
6.366335193777600265e-01
6.370710140838046209e-01
6.377979952925754148e-01
6.385004012710124854e-01
6.392050757412618411e-01
6.405239824446682384e-01
6.410611063358474526e-01
6.412782729444892471e-01
6.417981708281326192e-01
6.427101045860240669e-01
6.435188517890598758e-01
6.441516991329179209e-01
6.451466542603110366e-01
6.455250019026007591e-01
6.462029239182998097e-01
6.467820521554012991e-01
6.474906988981775635e-01
6.482667615107428061e-01
6.491493985485677909e-01
6.493838154715296795e-01
6.501679580094231747e-01
6.508432685452936184e-01
6.514901542070241636e-01
6.520422438893866968e-01
6.525606719913001896e-01
6.533603802895678880e-01
6.536965695365553053e-01
6.548471738602120729e-01
6.554566152924600209e-01
6.560006469016935737e-01
6.565723666440623774e-01
6.572726942024389452e-01
6.576281420308367487e-01
6.581332016373079297e-01
6.590953683596487700e-01
6.596853798701630689e-01
6.601961447483825074e-01
6.608707925706273079e-01
6.611693872545961748e-01
6.621865193812694894e-01
6.627914681189389645e-01
6.635952195171787027e-01
6.640951962725373248e-01
6.644652338531522595e-01
6.652487554450609020e-01
6.656084516167852794e-01
6.661749174196549550e-01
6.667516349559171607e-01
6.672427694141548349e-01
6.681735474531254049e-01
6.687322029497935194e-01
6.693780237423540003e-01
6.700816095415988993e-01
6.700229242840377575e-01
6.710440908574257790e-01
6.716821218538732152e-01
6.723605869157698312e-01
6.727123707622240101e-01
6.733559759339895479e-01
6.736804332320676103e-01
6.746468007335323369e-01
6.750554509881482312e-01
6.757096840411739302e-01
6.759043247781926222e-01
6.766209693634717137e-01
6.771644866420311049e-01
6.775809852914552733e-01
6.784174445581424573e-01
6.788759239710846494e-01
6.791673258103858579e-01
6.797748761601500878e-01
6.806120479584946148e-01
6.810698338382696893e-01
6.813522091821602178e-01
6.819998278713480522e-01
6.825356997092903999e-01
6.825730688808857582e-01
6.836872225846087892e-01
6.843012061893618547e-01
6.848788327292916200e-01
6.849620163624530189e-01
6.856552432073681480e-01
6.864382771000431260e-01
6.871390009356757034e-01
6.872821211822557341e-01
6.879154084247380840e-01
6.882551541577615062e-01
6.887602863945844200e-01
6.896231782429255164e-01
6.901736562770233174e-01
6.902656874376306151e-01
6.908121080903275590e-01
6.910943633512577344e-01
6.919441770178957896e-01
6.925842716712690139e-01
6.929255181229635463e-01
6.935879278842698170e-01
6.937620953707605009e-01
6.943581573458995626e-01
6.947717235108238354e-01
6.952408206417183267e-01
6.957294267806765076e-01
6.965042489425431471e-01
6.968310085279522115e-01
6.974002088825751455e-01
6.975650159118325089e-01
6.982229246625830665e-01
6.986704161612127262e-01
6.990103519720741732e-01
7.000270917878466115e-01
6.999669601559587173e-01
7.005621934499601799e-01
7.010782923926366372e-01
7.012485370728090972e-01
7.022587914614686344e-01
7.024324326276175645e-01
7.030350514998680023e-01
7.033583347642491379e-01
7.038944521708278002e-01
7.043773153930107389e-01
7.046492797043754086e-01
7.056882272717491800e-01
7.054833346493196711e-01
7.059511535435456508e-01
7.061461331993722501e-01
7.068483377525828226e-01
7.075409172996036666e-01
7.082187229876660828e-01
7.085103689097479451e-01
7.090816509778101739e-01
7.093564915905331558e-01
7.101279663812181120e-01
7.107455631664559847e-01
7.106924479279363993e-01
7.112789344646966994e-01
7.115320960389530658e-01
7.122357627641403566e-01
7.125845945168731710e-01
7.130309495400808384e-01
7.133987264021890429e-01
7.136963522894926859e-01
7.142797553732576077e-01
7.147509597518940661e-01
7.152831932484621236e-01
7.154550577775913300e-01
7.158273856588316386e-01
7.162565735729391481e-01
7.167891000177839533e-01
7.171248472572057109e-01
7.178216491274457267e-01
7.181190711277803951e-01
7.183088309315247555e-01
7.191656127399370657e-01
7.195730540677619524e-01
7.198222820484130313e-01
7.203223867311998596e-01
7.207334600316077644e-01
7.209840493349419788e-01
7.216025442046739569e-01
7.218661721177872526e-01
7.223231046581404247e-01
7.227420753293793965e-01
7.232176753170864725e-01
7.235846101596251634e-01
7.241174773842644630e-01
7.242984642103464932e-01
7.246552320110473122e-01
7.251913503666878036e-01
7.256721546394299116e-01
7.259030348832985480e-01
7.263827740308219649e-01
7.267731589581906126e-01
7.272298024435412955e-01
7.276468096481374381e-01
7.279028030229081070e-01
7.283756754050911830e-01
7.287021405096247850e-01
7.291291165555167098e-01
7.296063178102459856e-01
7.300496818334363258e-01
7.300858881887751783e-01
7.306957010015403542e-01
7.313062490256815318e-01
7.314936279517679774e-01
7.319056959400049855e-01
7.324571952768501593e-01
7.324505411480366490e-01
7.330493377210235417e-01
7.335015700665770133e-01
7.336851892948288434e-01
7.341342753685008438e-01
7.345911108133659218e-01
7.350652805287428704e-01
7.353826396718929903e-01
7.355481396882725953e-01
7.359645252865033571e-01
7.362421363235961413e-01
7.371020208942157259e-01
7.373432064501302952e-01
7.374882944053274825e-01
7.379501494939952888e-01
7.380238500895827114e-01
7.386072651073627426e-01
7.388713604224845799e-01
7.393139831038730847e-01
7.398651389851942373e-01
7.403991499889057692e-01
7.405203882691282491e-01
7.411198317615006470e-01
7.413151750018067698e-01
7.414541242239727215e-01
7.421979531368601002e-01
7.426175400466878962e-01
7.427054532346406557e-01
7.429945892880220892e-01
7.433588172305536368e-01
7.437831993603745140e-01
7.444103465025625477e-01
7.445230626430578980e-01
7.446389276837089843e-01
7.453564946323213425e-01
7.457830711215209796e-01
7.459580916309284104e-01
7.462644043367349100e-01
7.467081284781736938e-01
7.470739438526813325e-01
7.473190747861735428e-01
7.476023789139216724e-01
7.479541170187826715e-01
7.482022186542540698e-01
7.485842346484709031e-01
7.487739048482126014e-01
7.493007299538425592e-01
7.496735965681601277e-01
7.501051290932970739e-01
7.502460986472955229e-01
7.504604868957933661e-01
7.509992213998180066e-01
7.513938688572384672e-01
7.520800160118708000e-01
7.519617170808864381e-01
7.523486425626424445e-01
7.526534276609585516e-01
7.527808355619538538e-01
7.534429908417797916e-01
7.539047820651179066e-01
7.536878506231741159e-01
7.543029456026159041e-01
7.546039792779342115e-01
7.547974072414982416e-01
7.554790528712476139e-01
7.556465947095973856e-01
7.560326989643474382e-01
7.563656856018089458e-01
7.567922628620074033e-01
7.568876166806594030e-01
7.575487478665118291e-01
7.575225515901713447e-01
7.581827642501010045e-01
7.584727623536945407e-01
7.586546385769499246e-01
7.589268215573165000e-01
7.590624118873514625e-01
7.593004032327510533e-01
7.598698562699888193e-01
7.603429496283053979e-01
7.604758675358976872e-01
7.610939240119865001e-01
7.614644056190793542e-01
7.617827139038872986e-01
7.618856785991339198e-01
7.620627197837580580e-01
7.622401335364274999e-01
7.627080471343490320e-01
7.627923190405633269e-01
7.633094729845864013e-01
7.637819643529349944e-01
7.637767256243560565e-01
7.644146389867991775e-01
7.644621030736462597e-01
7.649360892512427901e-01
7.652090562123432527e-01
7.654498252766017696e-01
7.658465914668808328e-01
7.661796411100085802e-01
7.665586601921573484e-01
7.668005057752005360e-01
7.670874417979273163e-01
7.674320315948501836e-01
7.673573982753002509e-01
7.678736415568870877e-01
7.680321025086069842e-01
7.685630499227539270e-01
7.688449265339394323e-01
7.688763894608544591e-01
7.696280174042203770e-01
7.697549898808339064e-01
7.699489525203772056e-01
7.702491149891733668e-01
7.705237398168760521e-01
7.708481865665177679e-01
7.711321244336649672e-01
7.715126957561857513e-01
7.717427534895229257e-01
7.724693586364257403e-01
7.723905201970964196e-01
7.726901172472799839e-01
7.729287478985269466e-01
7.734345983693313720e-01
7.733944207613069333e-01
7.738636543994488193e-01
7.739661271883755411e-01
7.743762471608648390e-01
7.745926574528850805e-01
7.750469980319718566e-01
7.753470113531188979e-01
7.754748821980627094e-01
7.758756293774625723e-01
7.761793587983122356e-01
7.763494001429918079e-01
7.767250469946267444e-01
7.767912973802073573e-01
7.770411278545189537e-01
7.776523188641547568e-01
7.778103041279709196e-01
7.779314155925242114e-01
7.782600229225233868e-01
7.787650788055386908e-01
7.791053336743987145e-01
7.794399011477867178e-01
7.795239600611131303e-01
7.798699133152173779e-01
7.800336332004806916e-01
7.801088460368664768e-01
7.804379292907771548e-01
7.808886198591372674e-01
7.813508960668391623e-01
7.811954593859071760e-01
7.814913990060351479e-01
7.820616264947461982e-01
7.821418090763465614e-01
7.824783045721129815e-01
7.828054325930170476e-01
7.830802363624607132e-01
7.832442548685830674e-01
7.835502447292226336e-01
7.837793725921444743e-01
7.842809473834903011e-01
7.840987348091037479e-01
7.846753150675557231e-01
7.846545167440842627e-01
7.850625422215480320e-01
7.853734528382161351e-01
7.856152604310895349e-01
7.859574664759335638e-01
7.861736906318421703e-01
7.866820116439861010e-01
7.867328556396523398e-01
7.867742728994276957e-01
7.874379228229817507e-01
7.875368131244142589e-01
7.878055688758653918e-01
7.881999752814899951e-01
7.881462968767327659e-01
7.885450077710154382e-01
7.886496768745143715e-01
7.888994289089406031e-01
7.891610949605832870e-01
7.896218115852445818e-01
7.899732705604547434e-01
7.899979529895062580e-01
7.902162648069496198e-01
7.906840376630309697e-01
7.908366524062016012e-01
7.911533313715476412e-01
7.911363686402960171e-01
7.915069564832447613e-01
7.917686742541316658e-01
7.918793594876890607e-01
7.921662301328684652e-01
7.924783898723624098e-01
7.926651475500331445e-01
7.930085480386073193e-01
7.933450889804817274e-01
7.936013098276778477e-01
7.937630344326660481e-01
7.940949497647942223e-01
7.942990134288103743e-01
7.946215371812840322e-01
7.948041267303486146e-01
7.950838372374985363e-01
7.953746300469183295e-01
7.954182563289685648e-01
7.957063264840202876e-01
7.962244506597180305e-01
7.963230846435422894e-01
7.965350317330143204e-01
7.964675053087136858e-01
7.970923389353721245e-01
7.972146641940567324e-01
7.973318016537134234e-01
7.976281277691633642e-01
7.979247805833399321e-01
7.980820653749947091e-01
7.982343143234832405e-01
7.987614854776665663e-01
7.989417400780616241e-01
7.991251631295555047e-01
7.993192106917077489e-01
7.995299996762408323e-01
7.995292662554311924e-01
8.001112103044063506e-01
8.002834853850842034e-01
8.004848518770389942e-01
8.006187256967349786e-01
8.010739265630002492e-01
8.012686749409515530e-01
8.013726980564362945e-01
8.016962337847826081e-01
8.015275361032671020e-01
8.021198448993562824e-01
8.023265925241299668e-01
8.026085279620280843e-01
8.028984606384730327e-01
8.030664094517634410e-01
8.033767883981294267e-01
8.035987082635277501e-01
8.034467616928610001e-01
8.038579000908037120e-01
8.040831294632198034e-01
8.044509116124100023e-01
8.045995262046183871e-01
8.049231610987399588e-01
8.052224650399457673e-01
8.053334681940558237e-01
8.054796928773422238e-01
8.058553327811743827e-01
8.060203600355423381e-01
8.062600634480496797e-01
8.064215974696025135e-01
8.067958083155539750e-01
8.070005096013836976e-01
8.073619734520676161e-01
8.074560541386281987e-01
8.075838225873837040e-01
8.079457687013359424e-01
8.079469971512901472e-01
8.084119220365545422e-01
8.084205963312052212e-01
8.085203826793676551e-01
8.090275230105068438e-01
8.089938846888515833e-01
8.093482991044714803e-01
8.097013680071449837e-01
8.097905310627901976e-01
8.099948397279200796e-01
8.102354414029271368e-01
8.105157763752949274e-01
8.105892545378000635e-01
8.107770260861335565e-01
8.111096414110670061e-01
8.115038095341395863e-01
8.114495626228083180e-01
8.119174569239622219e-01
8.117697141921176307e-01
8.122005106739367264e-01
8.123870236787237298e-01
8.124727590195746085e-01
8.128229751849279650e-01
8.130304087426383219e-01
8.132141282693673423e-01
8.136517676921130038e-01
8.140137022944334833e-01
8.137731075913443579e-01
8.138827106821476809e-01
8.144227222064658323e-01
8.143432647680736158e-01
8.148146489666987513e-01
8.149539411918621523e-01
8.150801779651751788e-01
8.154664914125310249e-01
8.156074700969747626e-01
8.156683773075230626e-01
8.158822664510733125e-01
8.159847044160128959e-01
8.163554055714270508e-01
8.164443477688544393e-01
8.168250563295542666e-01
8.170777322072662052e-01
8.173020120890778228e-01
8.175570117764281441e-01
8.176195953918693471e-01
8.175656815820202539e-01
8.180756423969394175e-01
8.181834643195605716e-01
8.182629744561399354e-01
8.187587024363732757e-01
8.188631312728889000e-01
8.191318003843147677e-01
8.192198386505809005e-01
8.193701135966979798e-01
8.195058957888285978e-01
8.197889297712451784e-01
8.201466956440871536e-01
8.202658469769187333e-01
8.203767632150232858e-01
8.208245273135627018e-01
8.208643231920934591e-01
8.210038526529774838e-01
8.212466930596191705e-01
8.213386124801423938e-01
8.216847880847585328e-01
8.220488005227314376e-01
8.221684923767561548e-01
8.221867241239366741e-01
8.226041464015138027e-01
8.224499585050479844e-01
8.226858687146068050e-01
8.231201016172070561e-01
8.231372201452640258e-01
8.232893421882397922e-01
8.236322221380349973e-01
8.239066041790031880e-01
8.239715939834968417e-01
8.242422204570570843e-01
8.243792915545633537e-01
8.244233423201710043e-01
8.248602492044898593e-01
8.249260717563757783e-01
8.251639810350838156e-01
8.255263524948097675e-01
8.254460161238670324e-01
8.257405237250640129e-01
8.262167788814075431e-01
8.260664405985309600e-01
8.264796294574326962e-01
8.265274342806883112e-01
8.267996586280674798e-01
8.268090308920962306e-01
8.269555041844239840e-01
8.272800119553400666e-01
8.273978664683587780e-01
8.277853726256961808e-01
8.278070100281368360e-01
8.280466851173227116e-01
8.283393440710675737e-01
8.284233543592859350e-01
8.286830555246110785e-01
8.287771099680134590e-01
8.287920263957861966e-01
8.291474841121729833e-01
8.293296107487503344e-01
8.294558221234109574e-01
8.297893531162209291e-01
8.298537535904801921e-01
8.302162053816709575e-01
8.305179772634109225e-01
8.301849254826048075e-01
8.307062579179952388e-01
8.307463662426788353e-01
8.311111583446354478e-01
8.312439546007369673e-01
8.313364878258926449e-01
8.315566542416084062e-01
8.318434525073056252e-01
8.318139981954449924e-01
8.321860254465280882e-01
8.322327567587407549e-01
8.323590299460376096e-01
8.325696966208330219e-01
8.328016099182097287e-01
8.329665131671366574e-01
8.333737278321478037e-01
8.334087106377136012e-01
8.336590359157191044e-01
8.337997331024870062e-01
8.340990932729671625e-01
8.340257456299450256e-01
8.343219042239627958e-01
8.344802583136747831e-01
8.346844700982978260e-01
8.348694882169174214e-01
8.349780753965587721e-01
8.350599267416071170e-01
8.355077886981328028e-01
8.354079409265245948e-01
8.358765330102961855e-01
8.357651805093887498e-01
8.358183183248317771e-01
8.359951422651096253e-01
8.363854108889283712e-01
8.366338542478820584e-01
8.367652888966620184e-01
8.369976620685044555e-01
8.372393352922854470e-01
8.372933945398690625e-01
8.375147816862157368e-01
8.375580304357873596e-01
8.377748233889881213e-01
8.378469901461584879e-01
8.380821444533502751e-01
8.383636631657102045e-01
8.386673886588553728e-01
8.384971815032764564e-01
8.390251450961956348e-01
8.389085855662627988e-01
8.392652665138484736e-01
8.394907363979381421e-01
8.394350586865475528e-01
8.398690964788592117e-01
8.399330619558196265e-01
8.398481728391101742e-01
8.402038353330629761e-01
8.402458994151829064e-01
8.404307015347112220e-01
8.407961005673973975e-01
8.408447800293855634e-01
8.408767140236202975e-01
8.413904448633906519e-01
8.413166441534436490e-01
8.416867900958364679e-01
8.417503673322304092e-01
8.419971508251843373e-01
8.420050263220854037e-01
8.422863185247355666e-01
8.423964734004478760e-01
8.426375145873603589e-01
8.427869605189232116e-01
8.427689174029906471e-01
8.430612072734241513e-01
8.433029641654877784e-01
8.435015838348612904e-01
8.436824851191014885e-01
8.438083661573482219e-01
8.439238722705146856e-01
8.441792491409255694e-01
8.444246184230059793e-01
8.446245359606093794e-01
8.446235134828283808e-01
8.448465652532420878e-01
8.449728031132521799e-01
8.450764258332088552e-01
8.453221272658985042e-01
8.452586186704159621e-01
8.456945637910002755e-01
8.458412006560545038e-01
8.459312280454706068e-01
8.460493020519880281e-01
8.462198504237601338e-01
8.463224573012610996e-01
8.465276851286427373e-01
8.468913983796884093e-01
8.469152829711100727e-01
8.470321990447780003e-01
8.471681950795949545e-01
8.473065249575794100e-01
