1.204017590231228410e-02
1.160639963315966521e-02
1.128903248940258189e-02
1.121049889180105938e-02
1.112451619622440400e-02
1.100722564300076443e-02
1.068182917176943234e-02
1.040739135262509080e-02
1.033249528610420340e-02
1.008302103283659039e-02
9.954872968057089377e-03
8.769832683553455133e-03
9.161186295638563959e-03
1.147740088451479519e-02
1.266020630067925951e-02
1.568377955313330144e-02
1.846771801662180912e-02
1.683857667768907940e-02
1.591057280460406176e-02
1.631062184371999749e-02
1.632088927020701463e-02
1.710787002179907368e-02
2.034930187242953159e-02
2.463462441146205620e-02
2.385463933814126886e-02
2.840623242930491107e-02
3.410066041546196136e-02
3.464808720233177736e-02
3.843221262228344731e-02
3.753290515057013110e-02
3.777783244615670610e-02
3.748846693338989816e-02
4.028092708285453682e-02
4.176061402140097273e-02
4.873177403774078820e-02
5.342160807895014046e-02
5.766150835239116507e-02
6.185899517072026427e-02
6.326480499741098107e-02
6.324493623742570569e-02
6.610008414326430659e-02
6.743904980417157746e-02
6.927931188610357560e-02
7.178962482751843899e-02
7.445636908287282807e-02
7.875892859117690492e-02
8.217481490893817353e-02
8.589465576162207128e-02
8.902930395212944881e-02
9.315040952478968739e-02
9.463375184375567850e-02
9.639421802383418836e-02
9.993823172082288986e-02
1.003119361874532378e-01
1.033148795270504711e-01
1.088591570663183516e-01
1.130722714280950753e-01
1.166982907264308839e-01
1.195348568793693500e-01
1.208264723557959802e-01
1.241534773913118284e-01
1.262347318859470824e-01
1.311536239156745054e-01
1.318894344681825759e-01
1.357103361339687397e-01
1.397588060264509935e-01
1.408072017797295794e-01
1.435327945960643281e-01
1.469236124336123772e-01
1.492930192062205119e-01
1.514686811615276463e-01
1.565244064679122415e-01
1.592000790970675983e-01
1.601311027835638223e-01
1.653059637347404631e-01
1.675031720687331915e-01
1.706493894139548273e-01
1.723371903509408887e-01
1.747424158202600941e-01
1.775005235751571375e-01
1.810632555498613849e-01
1.838362909453042371e-01
1.870005610404358587e-01
1.905730920666231509e-01
1.932687452211432066e-01
1.965426724719551155e-01
1.991874259551550952e-01
2.016164363982739516e-01
2.042998009035136009e-01
2.068487274924882546e-01
2.097971620609716259e-01
2.133103023260364828e-01
2.163726400751502243e-01
2.181831581001106579e-01
2.207469930171750971e-01
2.233059144622863146e-01
2.252127228157843608e-01
2.285696236173957174e-01
2.311159716932399966e-01
2.346880918920021264e-01
2.385175201038182702e-01
2.399522703932839007e-01
2.424076679339477181e-01
2.456796025435636077e-01
2.482818332484376112e-01
2.492023566128217515e-01
2.520996775667627698e-01
2.555606013330569137e-01
2.583662805347308189e-01
2.608794522313797049e-01
2.623459017629891088e-01
2.647504126505356714e-01
2.673403987932196357e-01
2.702439204065036349e-01
2.730822062433696518e-01
2.752223363127461186e-01
2.784067092591265835e-01
2.809068933101293020e-01
2.829693423669344399e-01
2.852004977232335259e-01
2.873376231672805092e-01
2.896722698358241699e-01
2.929482568768799200e-01
2.946309841936005647e-01
2.970149110064386200e-01
2.997384169986961333e-01
3.018833904248823252e-01
3.039464222116912140e-01
3.067982279777799470e-01
3.090812072161489010e-01
3.116485676900200841e-01
3.137902921179442361e-01
3.154717418840803922e-01
3.180499402631899453e-01
3.201043078046211798e-01
3.224115986377688592e-01
3.245783565568299278e-01
3.270248936298408848e-01
3.289034426304068837e-01
3.313979487196426765e-01
3.335981561329331435e-01
3.356489394640532753e-01
3.381007848611046196e-01
3.405674006624334060e-01
3.423484784976554285e-01
3.450405724451694467e-01
3.466786238372779327e-01
3.481815044633763123e-01
3.507046715725091746e-01
3.526795105961834098e-01
3.542028720913710793e-01
3.564566586742600185e-01
3.589014064216523026e-01
3.613568612137762481e-01
3.628171121005357991e-01
3.646826267127650789e-01
3.664359433376542796e-01
3.686504213905951177e-01
3.717565502959485069e-01
3.732513444548209991e-01
3.753490697962930667e-01
3.771725135489119585e-01
3.785384270431065845e-01
3.801909954178872564e-01
3.818765926242101982e-01
3.841517794739346403e-01
3.867578487193958914e-01
3.888650057898433987e-01
3.909078697032853933e-01
3.925367683274167407e-01
3.943432486091200118e-01
3.957133964928242764e-01
3.980594813155848288e-01
3.998071894601144538e-01
4.017689873120809940e-01
4.036975478718259347e-01
4.053198479080616368e-01
4.073451864010454448e-01
4.092540408585463863e-01
4.113000961081899609e-01
4.129418029782600530e-01
4.141750956189276245e-01
4.160989463961931034e-01
4.179092770080535257e-01
4.197639024635570482e-01
4.214281101532925122e-01
4.231072672098938892e-01
4.245865375195476132e-01
4.265900120295265108e-01
4.277410481242109874e-01
4.300919299820242236e-01
4.318339729321279408e-01
4.328549310265516481e-01
4.350267718893451874e-01
4.367453366665352554e-01
4.379232951266156526e-01
4.401957961658913843e-01
4.410917618867402634e-01
4.433372202620444735e-01
4.442878874057653027e-01
4.463622469691155281e-01
4.479298165653184949e-01
4.491560295391823221e-01
4.511795998302461363e-01
4.526952657817638892e-01
4.542535702946535192e-01
4.565869871456350593e-01
4.583358154799316297e-01
4.591415373433519465e-01
4.604835141296376166e-01
4.623263275391257809e-01
4.635036626543387883e-01
4.652257917468577975e-01
4.661980120668136607e-01
4.681334191810724299e-01
4.699884095328746292e-01
4.713590561219099806e-01
4.725908753478198498e-01
4.742869018448843677e-01
4.751862167253554370e-01
4.765149822405854163e-01
4.783876153026969114e-01
4.797493794931947386e-01
4.810298530039811005e-01
4.820679028014462353e-01
4.834889723316935783e-01
4.844376763090483817e-01
4.863512760021879711e-01
4.881870321679116498e-01
4.898281545062651565e-01
4.913164118806531144e-01
4.923955041665787902e-01
4.937638974280874615e-01
4.950153561739175090e-01
4.962625690700391279e-01
4.978354259135722715e-01
4.988872095869308354e-01
5.003598720137190092e-01
5.020060024647611252e-01
5.033038180809803475e-01
5.039490939770939759e-01
5.060300760453988467e-01
5.073422801001973292e-01
5.081027160629771888e-01
5.092027673885682892e-01
5.104376361513485172e-01
5.121195616271866369e-01
5.133446933552324731e-01
5.145966626557070267e-01
5.160286599943951780e-01
5.171090069788439880e-01
5.184747087715656511e-01
5.198458929430100905e-01
5.210247635342295514e-01
5.216149082195787878e-01
5.235631327073898555e-01
5.244223771520928334e-01
5.258029874414220650e-01
5.264933843610097863e-01
5.280994523227174886e-01
5.290742439074859194e-01
5.303060929487137809e-01
5.312419163517504428e-01
5.331080669935724936e-01
5.334513000936400573e-01
5.346767740680599124e-01
5.363790859003758626e-01
5.369905141483223288e-01
5.382125492729822325e-01
5.398306479868558716e-01
5.407029658447410903e-01
5.418835706978422095e-01
5.428786718094437136e-01
5.439566066567608216e-01
5.451042351966955968e-01
5.465748409523967233e-01
5.472370019794119411e-01
5.484842314176737732e-01
5.493387049815349199e-01
5.504678450651714350e-01
5.520497260053329747e-01
5.527203576742596436e-01
5.538107256000469603e-01
5.550340135410305464e-01
5.558620150513036151e-01
5.571470102306005368e-01
5.581102260023985684e-01
5.593214626783813426e-01
5.601384434388873013e-01
5.614126522497200344e-01
5.619784898749170532e-01
5.635453112882939930e-01
5.643509455381920947e-01
5.655849367315455289e-01
5.661281286285423375e-01
5.670721022105369435e-01
5.681193612207680044e-01
5.691007182954523902e-01
5.703697681539194875e-01
5.707560664402664408e-01
5.723061639647304411e-01
5.734841728406718797e-01
5.737772496599252703e-01
5.750368318862555395e-01
5.757899671854200818e-01
5.767883157339432909e-01
5.779268617187415247e-01
5.789069220380952396e-01
5.797432753497540059e-01
5.806064223282816350e-01
5.818654464060067921e-01
5.826282385894049343e-01
5.838183281372257838e-01
5.845505516193666429e-01
5.854441144287496623e-01
5.862698316812557930e-01
5.871290398366335594e-01
5.883091676067798703e-01
5.890486663847736004e-01
5.899734252491681818e-01
5.907052176339937510e-01
5.917278610092545632e-01
5.926290959348469167e-01
5.936956295032065345e-01
5.944903236592371520e-01
5.950069887133146995e-01
5.961089545355352515e-01
5.968349758918889414e-01
5.982019792862434127e-01
5.990989748811086368e-01
5.994889331947708122e-01
6.005479476359384394e-01
6.012733557674985185e-01
6.021059226108153029e-01
6.024955947753750651e-01
6.039241646252541118e-01
6.049707207947522258e-01
6.056191643447532691e-01
6.063420348483551381e-01
6.069153244438583172e-01
6.078977191160820359e-01
6.085576182692161717e-01
6.093939750367856067e-01
6.102480047966947208e-01
6.111814258964484159e-01
6.119193771137344529e-01
6.125182573130172337e-01
6.135359664500872334e-01
6.142297697167711235e-01
6.150160821472572259e-01
6.157092594671348396e-01
6.168247231898242866e-01
6.174194871220471947e-01
6.181852938857306246e-01
6.191183312952645013e-01
6.197981510012773310e-01
6.203037534539448394e-01
6.212245126973801046e-01
6.213928868958393803e-01
6.225143088035659522e-01
6.234782946914274593e-01
6.239962368303452189e-01
6.246916158418148735e-01
6.259059933459862890e-01
6.266234132272558988e-01
6.272240983042169926e-01
6.278019897227978818e-01
6.284099397444745660e-01
6.294720836740217429e-01
6.300665162737962843e-01
6.304048068004403094e-01
6.312477796357086612e-01
6.319981694897114366e-01
6.330876876115716367e-01
6.338151454425392517e-01
6.341101204523789114e-01
6.349507716547488911e-01
6.357642339077692606e-01
6.364463617655925498e-01
6.373208893895493388e-01
6.378663768599195372e-01
6.386199286355355165e-01
6.392407492552303339e-01
6.397736628811958592e-01
6.404343778674269627e-01
6.413739982036757992e-01
6.420699193375253300e-01
6.425766305938982459e-01
6.433418100191929945e-01
6.440142256274690169e-01
6.443148718599295277e-01
6.450536165578626413e-01
6.456355195972830474e-01
6.465743484426272891e-01
6.470009319801838243e-01
6.481263801050105577e-01
6.486778932228005612e-01
6.490234687815175096e-01
6.498687963893589048e-01
6.504519639576570311e-01
6.509151989266933613e-01
6.515168271840334757e-01
6.523258471052935104e-01
6.529006584631641408e-01
6.534814948971020554e-01
6.540044480889019018e-01
6.547272976476228301e-01
6.556025868015267211e-01
6.561959902975762482e-01
6.570247995896483229e-01
6.574133551629252059e-01
6.578803907705804699e-01
6.584366580046127071e-01
6.589366930394878752e-01
6.597972498372083328e-01
6.600198396105225740e-01
6.608018025110820037e-01
6.616372662916484293e-01
6.624015134191622023e-01
6.631227482466448553e-01
6.636028041591427451e-01
6.639748513389669426e-01
6.645418237158327024e-01
6.652149523386566843e-01
6.658694914744589521e-01
6.662645620035037020e-01
6.668733194179666812e-01
6.674211060951210639e-01
6.680598221702056527e-01
6.687440188716518019e-01
6.693634733656230740e-01
6.694981067295942001e-01
6.703503969770656656e-01
6.708344870490710043e-01
6.712825134286320994e-01
6.720064473209176326e-01
6.727617861762689166e-01
6.728807293517903299e-01
6.738326137660883841e-01
6.743503732979562182e-01
6.747755803229651406e-01
6.749459365576965242e-01
6.758808857059375175e-01
6.765203499060505887e-01
6.767725435907024911e-01
6.776737872124837248e-01
6.781392018546192890e-01
6.785847566882787785e-01
6.789742316926146160e-01
6.795144909796126953e-01
6.803007950881780896e-01
6.810077065725220757e-01
6.812421658328896568e-01
6.819680233428273564e-01
6.821698828465809772e-01
6.826550554941041016e-01
6.833558279089928522e-01
6.839040183801521344e-01
6.839470042373680947e-01
6.846254539275720141e-01
6.851941937225012325e-01
6.860934658090844795e-01
6.865607981605752475e-01
6.870725667483275068e-01
6.873939493768271847e-01
6.880363524354806692e-01
6.885653040860524321e-01
6.889600765326434617e-01
6.895908619241832849e-01
6.898526358285543836e-01
6.906950128671566214e-01
6.908808098459339186e-01
6.914230296592508429e-01
6.918681375012113444e-01
6.925501440423906807e-01
6.928103894893559156e-01
6.933964430463822604e-01
6.943093383990470713e-01
6.941791089481083032e-01
6.946242428396712798e-01
6.953584660121876482e-01
6.958357831461690068e-01
6.965301010605473575e-01
6.971662729421921334e-01
6.974929725969082339e-01
6.977878053894914778e-01
6.982162939204273888e-01
6.987540100062649140e-01
6.990362843369272161e-01
7.002606413510453764e-01
7.000671321031016747e-01
7.004257611979838316e-01
7.008978359208396514e-01
7.015970557754184211e-01
7.019794992822244728e-01
7.026276461950236030e-01
7.030947406725759352e-01
7.035261487319715012e-01
7.039544179837146087e-01
7.046774999735829770e-01
7.050184971877484497e-01
7.053606351819401432e-01
7.057377283723469397e-01
7.062222248563532201e-01
7.071397895077395912e-01
7.072071191480943098e-01
7.077165386948860437e-01
7.078678461456003879e-01
7.082433410322584999e-01
7.090287710814172639e-01
7.096385527341629862e-01
7.102239912450424297e-01
7.102690334386637661e-01
7.105837728747259607e-01
7.110535232418296880e-01
7.114793851978039596e-01
7.121191912409615687e-01
7.125915254477057648e-01
7.128477489551892088e-01
7.132976637044747825e-01
7.139078486061408713e-01
7.143069338835481563e-01
7.146806893625570201e-01
7.151419891199162215e-01
7.154489690501674160e-01
7.159184318473648112e-01
7.161951271098119243e-01
7.167996520898892721e-01
7.171189071807418935e-01
7.178239241271604509e-01
7.179761575807575014e-01
7.186281250226105310e-01
7.187435307008367413e-01
7.193695982607140049e-01
7.199195363397287162e-01
7.199647054373555788e-01
7.205732916492866291e-01
7.209535333141043889e-01
7.212097221381458256e-01
7.220723858540707418e-01
7.222613995891835614e-01
7.223674802647380710e-01
7.231543240975534248e-01
7.233149611641515042e-01
7.237379760206670287e-01
7.240187960401904821e-01
7.245948679523387392e-01
7.251565875734435895e-01
7.254248844279704844e-01
7.258037275689612766e-01
7.263802352326145240e-01
7.267012574333161501e-01
7.269787505523609417e-01
7.273704644522810403e-01
7.278176527439952359e-01
7.280307410349121655e-01
7.285830550479319712e-01
7.289888878147685602e-01
7.293938179292561719e-01
7.299182985046929195e-01
7.303848562455221849e-01
7.305168526681151686e-01
7.307522979134221108e-01
7.311953747656603220e-01
7.315545849202979012e-01
7.320149471860500912e-01
7.325004897463749387e-01
7.327935323168854875e-01
7.331798835916157886e-01
7.334977799236578333e-01
7.339263129869904034e-01
7.345214916321717302e-01
7.348453318113052912e-01
7.351000444788191590e-01
7.357704994945306609e-01
7.360333598987971460e-01
7.362592571174616518e-01
7.365434977241698267e-01
7.370816108784481457e-01
7.375495694599584207e-01
7.380427590587921305e-01
7.380094778087383789e-01
7.383639900588923055e-01
7.387883236590526703e-01
7.390873233014196853e-01
7.394842906913958736e-01
7.397763254540870026e-01
7.401676855044534431e-01
7.407760579675851664e-01
7.411359762255930184e-01
7.411901602750436968e-01
7.417894911475678699e-01
7.421260450820399424e-01
7.424396598174014539e-01
7.427668235004248887e-01
7.430126736090915118e-01
7.434118349646945401e-01
7.436577269107348398e-01
7.440967909532590907e-01
7.444407654158282650e-01
7.445738135419734949e-01
7.452918320153719689e-01
7.454745606145118941e-01
7.460142974315320252e-01
7.462657035259812055e-01
7.466866695604446047e-01
7.469152477999584372e-01
7.472891566675460284e-01
7.476965400418777996e-01
7.479198434039170396e-01
7.483470135855505578e-01
7.484779896563321655e-01
7.488986977002594081e-01
7.495072862920509893e-01
7.494616515850245353e-01
7.501197109224229109e-01
7.504162921025554489e-01
7.504773501893253762e-01
7.512420169063467323e-01
7.512193175686722180e-01
7.516009217176141677e-01
7.521023029982899510e-01
7.524172638163352245e-01
7.529162779280672568e-01
7.531135802381493383e-01
7.531347970669094449e-01
7.537592951747796866e-01
7.541201817394270757e-01
7.543646572105561221e-01
7.547426569327320145e-01
7.550022143734959057e-01
7.549357381994090677e-01
7.556205732491584337e-01
7.561454002271205121e-01
7.561192789092237021e-01
7.567428355197861611e-01
7.568766197723826306e-01
7.572827699651162314e-01
7.576850515447409729e-01
7.576914522382854900e-01
7.581305789527015282e-01
7.583728359783070694e-01
7.589346317133691677e-01
7.590817345480875833e-01
7.592968606340640969e-01
7.595155466456948723e-01
7.601562959779631923e-01
7.604098297829673392e-01
7.605512378777643523e-01
7.609890993503171108e-01
7.614595380019473225e-01
7.614270813384250713e-01
7.620145657395007710e-01
7.624726207111494070e-01
7.626949746590381274e-01
7.629240104945363976e-01
7.632586980849148661e-01
7.633918458476022240e-01
7.636892972407092195e-01
7.639729616230090947e-01
7.642035453455900962e-01
7.647339085836201145e-01
7.648966955740261753e-01
7.652152803743139664e-01
7.657780131222036157e-01
7.660357066742464749e-01
7.662583276880522432e-01
7.665408164799639712e-01
7.667064732746240452e-01
7.671323645927212720e-01
7.675328924067901237e-01
7.675242684676281124e-01
7.680651555994870705e-01
7.683876454835494307e-01
7.686160848934647793e-01
7.688017147841957888e-01
7.692946013899664148e-01
7.694463998829342843e-01
7.698757376798084362e-01
7.702357258355262415e-01
7.704111965311686294e-01
7.706658418037103386e-01
7.708329647715177479e-01
7.713707324676799537e-01
7.714768339440665201e-01
7.719725867236157946e-01
7.722399874088138327e-01
7.722198883135643621e-01
7.726744073682995095e-01
7.728794454617425869e-01
7.732967440940402559e-01
7.735177255777213601e-01
7.736739929607465704e-01
7.741764512012112576e-01
7.741378274641413926e-01
7.746840354543378382e-01
7.751225985563503507e-01
7.753048546608412028e-01
7.755147023861117539e-01
7.758337883453981787e-01
7.759652154771184973e-01
7.762914206993599686e-01
7.764667307831082388e-01
7.769000090018651772e-01
7.773198052665371005e-01
7.774889701867339076e-01
7.778194521328595235e-01
7.778880512464483310e-01
7.784469335158061831e-01
7.783617500699376857e-01
7.788915629271611074e-01
7.790128977293617751e-01
7.795057478452611655e-01
7.796459266486586159e-01
7.801087982638809093e-01
7.803176089487471323e-01
7.803899204913148369e-01
7.808398980079399587e-01
7.809389334275366190e-01
7.812055582393153674e-01
7.815136043308461566e-01
7.819769173600618073e-01
7.821086078457457624e-01
7.822308903227083166e-01
7.826417842513764267e-01
7.828049498509638271e-01
7.829458778319769996e-01
7.835892422473104135e-01
7.837682563368629785e-01
7.840952521844449796e-01
7.842276522444842080e-01
7.844373994414570728e-01
7.849215644537455017e-01
7.847452815895225031e-01
7.850534728215728952e-01
7.853841634478581080e-01
7.857281262659957521e-01
7.861417164825157400e-01
7.863777674274865515e-01
7.864158447614016945e-01
7.866355486483821435e-01
7.868130851530636960e-01
7.873450608642742488e-01
7.875198641542381361e-01
7.877362476622171705e-01
7.880803034822898567e-01
7.882181704132239508e-01
7.886386743477936667e-01
7.886771601193796055e-01
7.890479639175974613e-01
7.891403046510935271e-01
7.895310361933409737e-01
7.898742027455233350e-01
7.900465439744800422e-01
7.902571167055429946e-01
7.905424223266844796e-01
7.909975254230421360e-01
7.910639613545684679e-01
7.911922141236685802e-01
7.914948655242071140e-01
7.917179983071603866e-01
7.922806437690880221e-01
7.925301027963002065e-01
7.927182621718772415e-01
7.930080925648386181e-01
7.929152889332783394e-01
7.932341631387118674e-01
7.933656228760495033e-01
7.937881224125541424e-01
7.941677727970245515e-01
7.943958888593679601e-01
7.943161919882745226e-01
7.949115654818047494e-01
7.952116198408925030e-01
7.953667840246170240e-01
7.953783082716092689e-01
7.955440244411070561e-01
7.960391012648884157e-01
7.961314674230557387e-01
7.965093442843866889e-01
7.965834944747627322e-01
7.969540782029531645e-01
7.973403144641508788e-01
7.975334872382049411e-01
7.977029140362691395e-01
7.979214883180586471e-01
7.981412558782282618e-01
7.982935970848609175e-01
7.986991845756601371e-01
7.987039775803065345e-01
7.990355497771014504e-01
7.994853464444515723e-01
7.997103756021188836e-01
7.997411674421237571e-01
8.002544410849351531e-01
8.001986552600750535e-01
8.005999297830538319e-01
8.006387729788270180e-01
8.010024607465111579e-01
8.012776415813270825e-01
8.016045964978815164e-01
8.015898300277670696e-01
8.019383190453709398e-01
8.019385905855276331e-01
8.022966509433184790e-01
8.025198916625899681e-01
8.028439755066298922e-01
8.032084591725603406e-01
8.034479682294000114e-01
8.035872301666429074e-01
8.037105200501269975e-01
8.039224906992992192e-01
8.044114548526707376e-01
8.043876012567043876e-01
8.045752495148410510e-01
8.048913483287311044e-01
8.050373614609536155e-01
8.052925724824855358e-01
8.056038681758025399e-01
8.057412180614601516e-01
8.059196839038907934e-01
8.061572706842552449e-01
8.064877842681694720e-01
8.067488345479418843e-01
8.070151531384943677e-01
8.071772315099452477e-01
8.071796128198885922e-01
8.074585613864365685e-01
8.076438743727184510e-01
8.079976047278766282e-01
8.079755261536066824e-01
8.084203255307994551e-01
8.086251216084073823e-01
8.088899598774871302e-01
8.088740796005623457e-01
8.093745523886687332e-01
8.096283887604071028e-01
8.096086842837104669e-01
8.098807732539607951e-01
8.101759708588727182e-01
8.105370920463927931e-01
8.105955061512785109e-01
8.107225640311495063e-01
8.108975530684149335e-01
8.110661917490521455e-01
8.114510667691838819e-01
8.116934625593604791e-01
8.117274560836784669e-01
8.118770875287519839e-01
8.122109380193254236e-01
8.124993251109774439e-01
8.127201373830901243e-01
8.128431560199864681e-01
8.130716989861899169e-01
8.132900521742787436e-01
8.134499070815214283e-01
8.136592208978028484e-01
8.139657038600259797e-01
8.141274008116085037e-01
8.142926681387011589e-01
8.144253861578504283e-01
8.147868720769573248e-01
8.149821258596903206e-01
8.148642118399607170e-01
8.156896663076074194e-01
8.157152666668534557e-01
8.156682242185189224e-01
8.158807164736187056e-01
8.161437225022936115e-01
8.163565077052393759e-01
8.166963784707074181e-01
8.168320855734382269e-01
8.168832838028146082e-01
8.172021604607497824e-01
8.174713106717754751e-01
8.175779445344272256e-01
8.177738875121489670e-01
8.178094595888538709e-01
8.182121655645555602e-01
8.184105954425109353e-01
8.186447582682171431e-01
8.188026947473433514e-01
8.189095733361735352e-01
8.191940951777857416e-01
8.192617938743583794e-01
8.196792420775765864e-01
8.197393466531130990e-01
8.201573758973159656e-01
8.198318378496651793e-01
8.204029481083953135e-01
8.205839564269687969e-01
8.208143718096682084e-01
8.210802591930748129e-01
8.212426398396754923e-01
8.214128216641242153e-01
8.215885010868185789e-01
8.219467591847553489e-01
8.219752104650750457e-01
8.223158394211309563e-01
8.224062240067424590e-01
8.225313500883345563e-01
8.228829913806262608e-01
8.229681829000923265e-01
8.230370762478252944e-01
8.233669608251226180e-01
8.235613631798724965e-01
8.234938879044051419e-01
8.239530422755518835e-01
8.242574914147483556e-01
8.242084705422417779e-01
8.245022220350800568e-01
8.248280860692877026e-01
8.247926655554048692e-01
8.250345036096758955e-01
8.252305439364480133e-01
8.253901310860963791e-01
8.256304815756465576e-01
8.258322865401156454e-01
8.261165268877593837e-01
8.262282051637112046e-01
8.264566741657969340e-01
8.265313143949554187e-01
8.266624567040499194e-01
8.269283949834747016e-01
8.271655775569374258e-01
8.271785175580491645e-01
8.276140422667614960e-01
8.276403653858690479e-01
8.279787606529919186e-01
8.281955919580576975e-01
8.282563314371061969e-01
8.283302852838905217e-01
8.285613831704472521e-01
8.286085201562970459e-01
8.290333619259062647e-01
8.293387493988109149e-01
8.293322645621015177e-01
8.295528295820543407e-01
8.297699156951169330e-01
8.298108075396412042e-01
8.301126007386235850e-01
8.304178824777892487e-01
8.304075297139991152e-01
8.306751438331574366e-01
8.307606290047639952e-01
8.309178784453800093e-01
8.311773786782180595e-01
8.315930599170329174e-01
8.315688821992976987e-01
8.317509230571854539e-01
8.317907941234150559e-01
8.320981696458009669e-01
8.324437141793126216e-01
8.324683144587540218e-01
8.325870707037608121e-01
8.326848485238940167e-01
8.328832652416936488e-01
8.329565674781861384e-01
8.333676942526735409e-01
8.334347552925136515e-01
8.336161680409661656e-01
8.338811539984491983e-01
8.338538897010054907e-01
8.341988749964257543e-01
8.343822431042702270e-01
8.346891167215388929e-01
8.347786026862593634e-01
8.348679790091730890e-01
8.349720861533745930e-01
8.353172895706789669e-01
8.356160376608987583e-01
8.355076246903370141e-01
8.359483250518664477e-01
8.359205238241935731e-01
8.360959296375832794e-01
8.362207728573275434e-01
8.365004580782905430e-01
8.367542155995547626e-01
8.367945567909467197e-01
8.370140304255794250e-01
8.370101484862891850e-01
8.374681660408840322e-01
8.374861542971626660e-01
8.376565508470324994e-01
8.378851603547310400e-01
8.380112506066988987e-01
8.384269227952565462e-01
8.383622667475872925e-01
8.385185041223709446e-01
8.386844763848992912e-01
8.388710166511151867e-01
8.389045356940397768e-01
8.393418706480920699e-01
8.393685047350047945e-01
8.395397453338064864e-01
8.396915878781490150e-01
8.398737738352478610e-01
8.400442301316207727e-01
8.401110419146509134e-01
8.403184374692024283e-01
8.406290804410158080e-01
8.404942619080328914e-01
8.408429544491139440e-01
8.410438629202907634e-01
8.411726830844191705e-01
8.414381061314034627e-01
8.414833282405443926e-01
8.417581041589399238e-01
8.418657912661667853e-01
8.420343706823281149e-01
8.421474311045175076e-01
8.422422258031790898e-01
8.426401317167423466e-01
8.427138484679812525e-01
8.427921657897299301e-01
8.431052322503159724e-01
8.433505601395131501e-01
8.434949764328791844e-01
8.433976569885673902e-01
8.436841913302908225e-01
8.438287832155206836e-01
8.440881546776366484e-01
8.440870233993897909e-01
8.445457608262212368e-01
