5.366561438031011363e-03
5.151099413695141641e-03
5.003726482720080929e-03
5.237386502598032761e-03
5.537112942066256885e-03
5.621092576617633257e-03
5.569599927571017989e-03
5.475770578158373203e-03
5.345553779347719456e-03
5.180421417792696430e-03
5.049219739078269695e-03
4.485033774792712008e-03
4.748468418138310047e-03
6.004881255825985503e-03
6.710758038953253644e-03
8.353515470471622323e-03
9.846846127531999962e-03
8.878287893469255510e-03
8.371667640761722498e-03
8.599849873825128263e-03
8.532342944632060125e-03
9.118805353285413737e-03
1.079018391324808313e-02
1.350077854215666825e-02
1.284694436080813934e-02
1.542799514508057593e-02
1.888157157333347769e-02
1.877250116276729316e-02
2.108400109968276356e-02
2.081434949875842974e-02
2.075337859766162793e-02
1.994450012144260639e-02
2.164798031391312882e-02
2.295737747562816983e-02
2.770572696545505614e-02
3.028251398292571700e-02
3.240538237874986127e-02
3.527431012612556455e-02
3.631646344987995989e-02
3.587138308239287005e-02
3.778772416639353954e-02
3.843180641744217002e-02
3.934927043653899115e-02
4.069355702698688321e-02
4.200596325314217422e-02
4.461677566798230576e-02
4.664283987115178803e-02
4.930475525874012527e-02
5.194170305323641407e-02
5.411494380072383314e-02
5.470306721921536913e-02
5.645624271837482860e-02
5.892402554230319334e-02
5.904887691856797183e-02
6.023757181190605298e-02
6.386391197941039544e-02
6.690383852915408880e-02
6.989578583447511595e-02
7.144769757813987376e-02
7.146936860919152201e-02
7.371265849030496364e-02
7.497530215392561592e-02
7.760126625031533998e-02
7.940862302738087297e-02
8.051005027960292382e-02
8.381260781330368559e-02
8.551545029529911135e-02
8.575905923297875988e-02
8.827100257080645884e-02
9.028541255117912556e-02
9.237188992155730138e-02
9.601527188074342190e-02
9.712529210580723993e-02
9.803430579399476097e-02
1.015970971504336073e-01
1.028166665686716247e-01
1.052030269402030177e-01
1.066319853168502391e-01
1.074532103243330261e-01
1.104531278880553080e-01
1.132071572665270531e-01
1.151598534976130128e-01
1.178474446393625585e-01
1.207462301023632945e-01
1.212811108310224012e-01
1.223146926062574080e-01
1.247878902588909628e-01
1.270983738780256389e-01
1.296276372084321227e-01
1.305492401131260194e-01
1.320749056891598328e-01
1.351259105466300625e-01
1.371803709109702119e-01
1.386135576668086344e-01
1.404917211488726503e-01
1.434461852115087310e-01
1.448921816931271478e-01
1.476574933333546780e-01
1.483614891632835664e-01
1.508541353546151986e-01
1.523696688169572377e-01
1.553361103457668591e-01
1.564579225974922216e-01
1.593588842286239871e-01
1.604045040715539050e-01
1.609251858678740210e-01
1.645755823483354974e-01
1.654702880993836889e-01
1.679873260743399987e-01
1.692714482648698116e-01
1.711837602874127784e-01
1.729221534890807987e-01
1.746567019688277655e-01
1.777712738098754797e-01
1.798256075977308910e-01
1.802074632490025530e-01
1.828896110497302552e-01
1.857553599766776642e-01
1.874549982291279504e-01
1.884678580717445151e-01
1.903632781848652034e-01
1.919661805342679495e-01
1.936983965548160491e-01
1.953936597002780828e-01
1.983613395408405367e-01
2.007454604168729950e-01
2.022596122681790398e-01
2.033790649958361341e-01
2.053606446731276181e-01
2.075441034395732742e-01
2.087913598813831983e-01
2.109280778247452914e-01
2.130197256655740334e-01
2.141739088405448799e-01
2.153607658986870510e-01
2.183166434280232049e-01
2.204784921340330328e-01
2.220579094151075572e-01
2.239142024419109311e-01
2.251845356437429391e-01
2.272387863922620266e-01
2.289021319066632532e-01
2.309975203155338608e-01
2.332359079137580615e-01
2.344619045000992663e-01
2.362223669181939267e-01
2.378980936799575396e-01
2.400126249241008036e-01
2.423555642674363464e-01
2.435513762809242422e-01
2.447033325279406035e-01
2.468472371081103234e-01
2.481588123640407761e-01
2.497125745747572900e-01
2.522279020208216815e-01
2.538696662122897352e-01
2.547373446494691218e-01
2.566358666999341565e-01
2.596267405271185380e-01
2.608422267072766365e-01
2.627807339717376234e-01
2.641475904174753198e-01
2.657276729213852717e-01
2.673203997836673951e-01
2.691920133570102069e-01
2.711495493727181239e-01
2.727370385948593157e-01
2.742711751482240778e-01
2.754217910292302562e-01
2.770151717483695930e-01
2.792018307399339316e-01
2.816905982173561473e-01
2.826294701709199386e-01
2.843518322674526422e-01
2.859548686648696880e-01
2.872463877132311327e-01
2.890044883442193235e-01
2.905818341413247685e-01
2.920578132074698186e-01
2.935873977502913568e-01
2.950369990722354618e-01
2.967144894327614635e-01
2.984423055812305270e-01
3.003489340099350091e-01
3.012693052732709487e-01
3.030765376005252199e-01
3.049374345095895444e-01
3.065008611703248786e-01
3.082879199410816784e-01
3.092211508468537540e-01
3.111853877891860298e-01
3.117625697573246368e-01
3.137838450321187023e-01
3.159476874891567477e-01
3.168192165803695448e-01
3.187971970251503029e-01
3.201961700011763945e-01
3.223054666119500866e-01
3.232756278163422259e-01
3.252721564689581846e-01
3.264827192595236016e-01
3.272482384452042870e-01
3.292647341409045691e-01
3.307872576551807997e-01
3.320416276862320770e-01
3.336567926033301990e-01
3.353262491276577384e-01
3.365333185071286426e-01
3.384733202547694497e-01
3.396634735600570498e-01
3.410497643262305201e-01
3.420320834281602163e-01
3.435065063388462736e-01
3.454374454635347202e-01
3.466043807019130174e-01
3.481916938303388775e-01
3.497835670377105743e-01
3.508917497722551238e-01
3.523059441476200093e-01
3.541439718553623939e-01
3.559961321031701043e-01
3.572332788578201357e-01
3.585956391473485438e-01
3.594757258081309192e-01
3.612661214465701653e-01
3.626578993015733832e-01
3.640814889763548390e-01
3.657644860740626447e-01
3.669261385620445903e-01
3.679146652183021837e-01
3.696060881026644873e-01
3.708789008030866641e-01
3.720750016201488930e-01
3.737145878230750395e-01
3.752389575775313957e-01
3.761375115268967284e-01
3.771414488990884606e-01
3.786482145695680979e-01
3.804667379811219052e-01
3.817614861400250859e-01
3.830855347243972697e-01
3.842996627194490422e-01
3.855106543393391205e-01
3.870911153629863488e-01
3.884464681013153342e-01
3.897610160179640904e-01
3.911242386819139827e-01
3.924251184014317384e-01
3.933211188378769041e-01
3.949790699555956741e-01
3.960719030748601210e-01
3.971124741701196337e-01
3.984129431114976083e-01
3.998779632342758794e-01
4.013541656368424526e-01
4.025514741492894344e-01
4.040155712154102630e-01
4.048358224349168366e-01
4.063764101864887901e-01
4.076862347894977812e-01
4.088094646772589269e-01
4.098764437720799347e-01
4.112142812980064122e-01
4.127310886381014288e-01
4.140474941959114141e-01
4.156462830793607455e-01
4.167673663195482492e-01
4.177910903922093522e-01
4.190039322033587421e-01
4.202658945816637459e-01
4.215443951149427937e-01
4.229326708424804293e-01
4.237799894321511163e-01
4.252421017891757637e-01
4.262067987860380103e-01
4.267960953981755345e-01
4.286331967834831613e-01
4.300367914988705298e-01
4.312378103973135701e-01
4.320473427789712217e-01
4.335228650376911630e-01
4.346853641620234687e-01
4.359305429941209287e-01
4.368871378031538022e-01
4.377481585171033585e-01
4.392330446121692766e-01
4.405182598868579991e-01
4.416509494956750159e-01
4.424311593074940485e-01
4.437288374010459058e-01
4.450696757695830064e-01
4.460589330737059766e-01
4.472312177428193758e-01
4.489243856655770193e-01
4.494938172381302000e-01
4.503197206712653000e-01
4.514230707560025202e-01
4.528299527180786876e-01
4.540942631308511057e-01
4.553008559452153547e-01
4.563471678729876246e-01
4.573887321244353155e-01
4.587360316293581652e-01
4.598195206730869566e-01
4.608748156484074321e-01
4.616699525240317015e-01
4.625674032549986769e-01
4.636277365249543703e-01
4.649930361808150558e-01
4.658421956269062636e-01
4.667734866711020225e-01
4.680906982134637739e-01
4.692096373416163591e-01
4.701945266543824942e-01
4.710572989988870973e-01
4.725280840107325964e-01
4.738513945352739176e-01
4.754096100261314684e-01
4.759558625137074728e-01
4.767309052632234811e-01
4.775226966579087517e-01
4.784762823135719767e-01
4.800523342334527266e-01
4.809873135578975889e-01
4.818670709603850577e-01
4.831403870476359552e-01
4.843181483678468680e-01
4.853981939422886693e-01
4.860693878629764875e-01
4.865165180141929890e-01
4.879295875712528208e-01
4.890852455156383116e-01
4.899654361779798295e-01
4.907312683426061084e-01
4.918502903040214980e-01
4.927274644099656209e-01
4.938172777831290050e-01
4.947250314123233239e-01
4.956280739143054115e-01
4.965661514351738526e-01
4.978281156701656052e-01
4.987740645151547136e-01
4.995957650185613441e-01
5.009184179288284078e-01
5.015237648975382490e-01
5.027003286342247579e-01
5.033590175433377834e-01
5.044552754452432675e-01
5.053006969012467930e-01
5.066163046852967256e-01
5.074725203384393701e-01
5.085862606536113439e-01
5.095775179071588834e-01
5.102388925030758582e-01
5.113433362376901270e-01
5.123115975734994221e-01
5.130890016630267336e-01
5.138790706278775211e-01
5.146672270103815894e-01
5.159947280267976888e-01
5.168282258067384838e-01
5.178904726800412917e-01
5.185701301643633743e-01
5.195170657494854183e-01
5.205543533092087394e-01
5.217917341836489920e-01
5.222482756895872047e-01
5.228533257483412022e-01
5.239142318638669860e-01
5.247182572404086587e-01
5.256834416649663888e-01
5.267329882728409851e-01
5.277537301156912664e-01
5.287557870219492528e-01
5.299873307737973382e-01
5.302544078578488307e-01
5.313240680584556674e-01
5.321305734616682548e-01
5.330191394900249957e-01
5.339080260571403835e-01
5.349462891576162171e-01
5.357079675356815063e-01
5.364715214111740460e-01
5.376561157212269570e-01
5.382619640463868205e-01
5.392318366272881303e-01
5.398946797602088843e-01
5.407264719607669523e-01
5.414193390803451189e-01
5.424969691671684968e-01
5.431928016976184104e-01
5.439351645219214770e-01
5.448486007703228218e-01
5.459579098003234376e-01
5.467872688820372140e-01
5.473766723967888881e-01
5.483877520653246407e-01
5.490873559630994327e-01
5.498160907715960999e-01
5.505854620889043538e-01
5.514593576331647817e-01
5.522034649561576858e-01
5.529595324482050600e-01
5.535929923638992500e-01
5.545663320622654657e-01
5.555572590333793803e-01
5.561768032511165138e-01
5.569574552298529602e-01
5.579518080972980520e-01
5.589435262792703529e-01
5.597584224868085157e-01
5.603894717503018486e-01
5.612215129776375599e-01
5.618607073709727118e-01
5.628167572156903553e-01
5.636549587166755915e-01
5.642443597514804621e-01
5.647680754983487317e-01
5.658347688367936223e-01
5.661384924219207138e-01
5.671347953889304128e-01
5.683219819561656783e-01
5.693471733614545727e-01
5.696871706972936877e-01
5.702266406467496607e-01
5.711287299202305601e-01
5.719961315401185242e-01
5.726132868017504984e-01
5.736929528103493769e-01
5.743531437329543188e-01
5.752117762028376990e-01
5.758527607250382152e-01
5.767324735476303532e-01
5.772916900563432874e-01
5.779935259811133097e-01
5.783866626052388549e-01
5.797387850783589647e-01
5.802808761632428647e-01
5.810809232686208192e-01
5.816795709754234434e-01
5.821411343030691299e-01
5.828340797836600862e-01
5.837488502280869795e-01
5.845405678415880324e-01
5.853612113322321786e-01
5.857120375756904584e-01
5.863024763619403279e-01
5.870533953090124601e-01
5.878039984545184726e-01
5.887593465976085350e-01
5.894418063629115467e-01
5.900183368392412087e-01
5.910446255121091230e-01
5.916384981449160918e-01
5.924612460852440865e-01
5.930732547061965398e-01
5.938221942321574298e-01
5.943151643263767658e-01
5.949465491583769694e-01
5.958916627030852453e-01
5.964597573852709056e-01
5.971035089527650941e-01
5.977366318122668831e-01
5.984113928186357567e-01
5.992808668963065521e-01
5.999415441282233141e-01
6.007197611136847470e-01
6.011745971452979731e-01
6.019098988311895049e-01
6.025078831735811713e-01
6.032805213433963809e-01
6.036963939674556689e-01
6.046690938816864369e-01
6.052982573495215846e-01
6.056743444807691779e-01
6.063775492636760411e-01
6.069729391387417294e-01
6.077321800254033013e-01
6.083322133656176023e-01
6.091707004404378623e-01
6.098058318598241767e-01
6.104575321812929500e-01
6.108121015585935565e-01
6.115895446500065891e-01
6.122770065756752977e-01
6.131426783322965202e-01
6.135484011496868950e-01
6.141356536505960806e-01
6.149431167840649914e-01
6.155742027907762370e-01
6.162634004715852321e-01
6.171383300614242673e-01
6.176021138218862339e-01
6.179421934690871865e-01
6.184278915450071024e-01
6.193602511440873259e-01
6.200205390320969734e-01
6.205148414766842313e-01
6.211778373167481382e-01
6.218502444285263220e-01
6.225103293301592622e-01
6.228350359864539554e-01
6.236721631592762050e-01
6.241906452739113265e-01
6.251092592317205598e-01
6.257169760246091839e-01
6.261427690069382157e-01
6.268401933629067502e-01
6.274492269331998218e-01
6.278359338453394223e-01
6.284894395965699987e-01
6.292356781918519992e-01
6.301427119542258870e-01
6.300754005881351594e-01
6.307108695378940144e-01
6.313678176681419840e-01
6.321227995748468498e-01
6.328033096824214887e-01
6.330464059380542796e-01
6.337020098318422168e-01
6.343641064537530738e-01
6.351619470359279873e-01
6.357959794862517722e-01
6.365116049140043808e-01
6.367476058428906960e-01
6.372587968980629736e-01
6.381065706830562068e-01
6.382480626500779408e-01
6.389300007906626444e-01
6.396082618522608287e-01
6.400905098350893052e-01
6.406698439407136902e-01
6.412684243456096000e-01
6.418743706099928614e-01
6.424048286505414929e-01
6.433001156289596123e-01
6.436189513978746168e-01
6.442328054267990600e-01
6.447252623031703989e-01
6.453148315484046327e-01
6.457558809087463603e-01
6.462157115455176015e-01
6.468240439373249551e-01
6.473133319048685053e-01
6.481460217693358894e-01
6.486511929622313932e-01
6.491357141436371325e-01
6.495886436951947562e-01
6.502692632176860776e-01
6.508396569804610898e-01
6.516049589988450741e-01
6.520067850204854798e-01
6.521675761034595453e-01
6.530465931247276812e-01
6.536113404408887551e-01
6.540746924696074771e-01
6.547371052296249161e-01
6.553402649944640723e-01
6.560079994329757191e-01
6.563194430246325206e-01
6.566702362598022535e-01
6.574067987176397398e-01
6.578177545592889253e-01
6.584968259496156717e-01
6.589154410946947982e-01
6.594612120441860625e-01
6.600118105648049571e-01
6.607365689692683564e-01
6.610700218986065302e-01
6.615410246468212963e-01
6.618826345350663498e-01
6.625998533383301581e-01
6.631123538236074477e-01
6.635390634080212680e-01
6.639924104541740091e-01
6.646497621629248176e-01
6.651398007849743665e-01
6.655255491965682557e-01
6.660981849908972352e-01
6.665544103625161698e-01
6.671955246916734250e-01
6.677695576547050260e-01
6.683538500873815735e-01
6.689509395498132172e-01
6.690923517593371228e-01
6.696709722243057161e-01
6.703005736640195167e-01
6.707157676356758635e-01
6.712575880651852067e-01
6.718490560337337936e-01
6.726681313342666169e-01
6.728620072746551717e-01
6.734929611510860337e-01
6.739031806461207585e-01
6.743705417136175440e-01
6.750021576734499540e-01
6.756412783984735437e-01
6.756700273321472050e-01
6.762380248998662857e-01
6.770203387193377553e-01
6.772485313069641633e-01
6.776100708781992443e-01
6.783501634076665177e-01
6.786004531122143968e-01
6.790288954234778851e-01
6.797681065912448695e-01
6.801737621599757144e-01
6.806093627895686282e-01
6.812445503038637717e-01
6.818236049173229674e-01
6.822273437471823021e-01
6.825022750363803903e-01
6.832263371827310694e-01
6.834635773160302463e-01
6.840813820470020845e-01
6.847493677113672961e-01
6.848867342866240548e-01
6.857283164557447241e-01
6.860983011134775822e-01
6.865031091341947667e-01
6.867620966424040629e-01
6.876411354328788583e-01
6.876642226116892465e-01
6.883255785974301544e-01
6.888332276343878124e-01
6.893696175568040374e-01
6.898471328899944410e-01
6.903883917572025686e-01
6.908452358090412249e-01
6.911863972149852042e-01
6.914871494130919727e-01
6.920264233872134296e-01
6.924321529168362410e-01
6.931551863737668295e-01
6.933554722266166426e-01
6.937290584236002200e-01
6.942803602307531241e-01
6.949268675256372596e-01
6.953322036499404168e-01
6.959138313130402986e-01
6.964542335258872008e-01
6.966804274543316744e-01
6.974514828069419137e-01
6.977465528203518064e-01
6.982625194141079961e-01
6.984459841683090531e-01
6.990581582687448448e-01
6.994038136070340750e-01
6.998995214897765216e-01
7.004493112490733919e-01
7.007265524169464799e-01
7.012688867553241723e-01
7.015496326246721814e-01
7.021783148787735795e-01
7.026889730524533695e-01
7.031731308495853261e-01
7.033364840751618052e-01
7.039123424003834728e-01
7.045012424340435508e-01
7.049081780180647128e-01
7.052727201866588747e-01
7.056255131328219576e-01
7.062236809928754688e-01
7.064805168118474255e-01
7.069724488294132358e-01
7.073617663087093943e-01
7.077171081171194089e-01
7.083436452442340991e-01
7.089670109149152077e-01
7.092382946642787900e-01
7.096719241696779479e-01
7.100055247877424813e-01
7.103934032290493139e-01
7.109881840225515948e-01
7.113739078276273275e-01
7.118433161675143950e-01
7.123644787988506755e-01
7.127307182224327242e-01
7.132984577024997774e-01
7.137409060071232547e-01
7.139439830602899439e-01
7.143272948359893348e-01
7.146152364459975592e-01
7.152063199775450242e-01
7.155476086383015799e-01
7.158470607969945609e-01
7.165597329810239335e-01
7.169000103802953827e-01
7.170876705927118344e-01
7.177853143019393700e-01
7.183428555858205611e-01
7.186491371906749137e-01
7.188158993681451614e-01
7.193287310339596674e-01
7.197805988758528839e-01
7.201814016237334526e-01
7.205689680925266849e-01
7.211844925043372490e-01
7.213232304209127310e-01
7.218766024047917895e-01
7.222850366704378633e-01
7.225034768442974986e-01
7.231080800533885578e-01
7.233238863001233421e-01
7.240035964429414328e-01
7.242975486435760946e-01
7.247591836765799878e-01
7.250680251969149337e-01
7.253581703781988299e-01
7.261486742940996830e-01
7.264306921907940362e-01
7.265236007363766735e-01
7.272504300877060679e-01
7.273659099881061296e-01
7.279000184221950942e-01
7.282052760958808157e-01
7.284044716107288542e-01
7.290802509664586761e-01
7.293167674570913972e-01
7.298938866162265615e-01
7.302518263628243744e-01
7.305917938808803580e-01
7.307951098555187652e-01
7.314256174408856337e-01
7.316943996617459867e-01
7.320558490092473614e-01
7.325009058237964554e-01
7.329146116775178132e-01
7.331723623705724835e-01
7.334764646715725700e-01
7.341876742410876622e-01
7.343855901318440127e-01
7.349037408427905316e-01
7.351597875223014888e-01
7.354925113232482214e-01
7.358048407599375729e-01
7.363679405667993283e-01
7.367343314508353336e-01
7.370406973081702340e-01
7.374351905830711651e-01
7.378874911191297681e-01
7.380707808514513912e-01
7.386138190902782341e-01
7.387063733680758748e-01
7.392675699080197838e-01
7.397373220682483819e-01
7.400681130948285613e-01
7.403659529164314801e-01
7.406726434194613740e-01
7.410758334079506904e-01
7.412528083251613831e-01
7.416964132659862319e-01
7.422192849145515803e-01
7.424883858358478639e-01
7.431114167124838188e-01
7.434410533967092949e-01
7.435846873265742341e-01
7.441557183711440260e-01
7.444776466753206812e-01
7.447954003308961957e-01
7.450386865673295222e-01
7.456360843955276430e-01
7.456597643832345579e-01
7.461608705269123787e-01
7.463767415542232886e-01
7.469223467386036930e-01
7.472635991504995578e-01
7.476156701489160561e-01
7.478923105752127709e-01
7.481782959425926638e-01
7.486724483989140033e-01
7.490332059577125001e-01
7.492295033087659206e-01
7.495126375491757420e-01
7.498262594865583441e-01
7.502863393649675805e-01
7.508786699138896292e-01
7.508120944544137698e-01
7.513332497713907099e-01
7.518462065178589393e-01
7.520803677337747351e-01
7.523656425483605803e-01
7.528321507890427533e-01
7.531581359521369867e-01
7.532849875342548795e-01
7.538595247651426190e-01
7.540774817116822071e-01
7.543643930946182241e-01
7.547140166950977447e-01
7.550242713282233620e-01
7.552757532729619250e-01
7.556343325220553631e-01
7.561944028875564605e-01
7.565126221303869469e-01
7.567548830252767145e-01
7.570577053438958259e-01
7.574740144570837330e-01
7.578145144441051917e-01
7.579800137675103411e-01
7.584539540116501666e-01
7.589272424127613270e-01
7.588690750998887680e-01
7.593782382607002779e-01
7.596782921787034182e-01
7.600327901832389932e-01
7.602834068756830765e-01
7.606616490383867335e-01
7.608942523187463003e-01
7.615245848604491608e-01
7.616435861260189011e-01
7.622453955543042614e-01
7.621493622684676339e-01
7.626421177613409430e-01
7.629041496488835339e-01
7.632411446527401777e-01
7.636695689957577748e-01
7.639015721064194020e-01
7.641864207508015649e-01
7.645676449491938254e-01
7.647558622012654572e-01
7.651820331327732205e-01
7.656431643145670263e-01
7.655506272725731698e-01
7.659811105668024034e-01
7.663710048259957386e-01
7.667574872822469079e-01
7.669114394073106578e-01
7.669914417809495788e-01
7.677255633607730223e-01
7.679114928540632379e-01
7.678914495726704148e-01
7.684037533703169665e-01
7.688773936067248016e-01
7.690915384039525016e-01
7.693010190205016308e-01
7.695636047186376061e-01
7.700645251250837209e-01
7.702192079165609551e-01
7.704192589574592187e-01
7.708988090140108662e-01
7.711475601213958475e-01
7.715236249752992492e-01
7.719318867013775787e-01
7.719282835075519378e-01
7.722099106847793992e-01
7.725711763053918490e-01
7.728238706522659873e-01
7.732109437692308296e-01
7.733118543630429498e-01
7.736986458278970469e-01
7.740590210567728224e-01
7.743159399254644359e-01
7.748571567644255698e-01
7.749833980701061886e-01
7.752661186099816248e-01
7.756501792105590098e-01
7.756658872869932608e-01
7.761470810603796622e-01
7.761804746840619273e-01
7.766819199545813568e-01
7.770007122971941405e-01
7.772430022982406150e-01
7.774480109670836026e-01
7.777524333575647209e-01
7.780387877212993075e-01
7.783057817077653207e-01
7.786669435512371118e-01
7.789358515972417685e-01
7.790343099361969337e-01
7.794600480174621593e-01
7.797829834143128469e-01
7.799479165766074473e-01
7.801048929633848106e-01
7.805634429648035111e-01
7.808811644993761680e-01
7.810380786477516546e-01
7.813935027395794153e-01
7.813728268741853000e-01
7.818473515645749661e-01
7.822094013480627162e-01
7.825527159004349587e-01
7.827869700411205223e-01
7.830680330342658646e-01
7.830590151277853073e-01
7.835284824445526430e-01
7.838647589296026119e-01
7.841206271235314773e-01
7.842341323104383699e-01
7.844486492525745147e-01
7.848150069642727544e-01
7.852847147277173256e-01
7.854264804038192382e-01
7.857479248538460359e-01
7.858849263798159956e-01
7.859952648698538269e-01
7.864225529110230317e-01
7.868375916943749493e-01
7.869814897966879164e-01
7.870813753367928989e-01
7.875758245741470986e-01
7.877423759205413045e-01
7.878736052705249682e-01
7.884246044206908444e-01
7.884544353452515031e-01
7.887290996011233624e-01
7.889793459422862476e-01
7.891427399215190652e-01
7.896769304180247806e-01
7.896261144771308249e-01
7.899759885631688627e-01
7.900992237877767499e-01
7.905132314719512943e-01
7.908762052809357179e-01
7.911036232034446281e-01
7.912908737732275988e-01
7.916686931060433752e-01
7.916640828051785261e-01
7.920740832879777926e-01
7.922714471399951996e-01
7.924313698390232918e-01
7.927887363398959941e-01
7.929658448226072354e-01
7.931888552890771216e-01
7.935154361777395637e-01
7.937823772787052645e-01
7.940921354937324761e-01
7.942933706290697948e-01
7.944605979504214543e-01
7.949428938775667808e-01
7.948825631607481235e-01
7.953003581854655168e-01
7.954269403967240137e-01
7.958863265516934460e-01
7.958673680045713628e-01
7.962601689940018712e-01
7.965854317956778674e-01
7.966594675089379018e-01
7.971252556834216296e-01
7.971421717012018293e-01
7.973336085729385569e-01
7.977189186726683090e-01
7.978578383911867355e-01
7.981534023129185362e-01
7.982659202308952651e-01
7.985857521141832560e-01
7.988077759790893628e-01
7.988646731323149064e-01
7.992103088270434696e-01
7.992813022197428063e-01
7.998700320479684711e-01
7.999935354163583145e-01
8.002319824246132418e-01
8.003676404261526045e-01
8.007653947187540755e-01
8.008595737004575721e-01
8.010827914490952217e-01
8.011654534282612872e-01
8.015340141272644381e-01
8.016582199854801472e-01
8.022781254941662166e-01
8.022630359925170263e-01
8.024438617554872089e-01
8.027747786956309639e-01
8.029113250400879975e-01
8.032654818631264071e-01
8.034370953765190837e-01
8.036749922634119914e-01
8.038375476341489412e-01
8.042731993410551228e-01
8.043744968692513320e-01
8.045119173602031104e-01
8.049185784203936045e-01
8.047952978136803104e-01
8.051992388570596848e-01
8.053650207698064278e-01
8.057252377044896718e-01
8.059808259141310050e-01
8.060082409709307116e-01
8.064063088262587442e-01
8.066871053174030637e-01
8.067927058474753110e-01
8.068379164281644922e-01
8.073715904497876794e-01
8.075429894821862797e-01
8.075826522542922659e-01
8.079835782004939349e-01
8.081223906804896329e-01
8.084238121936637711e-01
8.086448660241997155e-01
8.088482116537645261e-01
8.090489786573588082e-01
8.092721145891635937e-01
8.095267612541546809e-01
8.095835074825044053e-01
8.097681915926062679e-01
8.102382978692426185e-01
8.100461639437268602e-01
8.104017099362421650e-01
8.107585872820354256e-01
8.109875677377504921e-01
8.113584964730042870e-01
8.116183641814370686e-01
8.115963795385653379e-01
8.118349396765975889e-01
8.120328120754894963e-01
8.122139899142366559e-01
8.125250520293275658e-01
8.126924852156123258e-01
8.129365136665706038e-01
8.130153132749339262e-01
8.133550800786486512e-01
8.134740778166087427e-01
8.135616221861811104e-01
8.139795403018191822e-01
8.141949046052051608e-01
8.143175104909713413e-01
8.144741851130424815e-01
8.147701328719928471e-01
8.147572692059418253e-01
8.151408896598008047e-01
8.154920361014953434e-01
8.155212631685471170e-01
8.157688686576137771e-01
8.160147634207592926e-01
